38,649.617310,169.979736,655.290527,184.736511,0.304183
40,646.470459,169.221497,652.689697,184.902130,0.352410
42,642.004150,171.144974,647.762451,185.724380,0.534894
44,637.731506,171.014084,644.187317,186.597794,0.624452
45,638.711853,172.546906,644.548523,187.434570,0.399855
46,635.420959,174.400742,641.393982,189.024002,0.422072
47,606.744446,175.914673,613.446716,191.259369,0.554673
48,605.755371,171.475174,613.130615,191.118057,0.798174
48,631.654846,174.122040,637.629456,189.269989,0.310206
49,604.070312,174.697418,610.648193,191.446869,0.676537
49,627.234741,174.686157,634.651367,191.044006,0.515543
50,601.550842,171.095840,609.540955,191.015640,0.684643
51,600.385071,172.451843,607.511780,189.811035,0.711666
51,623.538757,171.742065,630.268982,189.055084,0.576160
52,598.052368,172.334808,604.945435,190.184021,0.746286
52,620.636047,173.352951,627.126160,189.325027,0.464204
53,594.730469,172.545486,602.002808,191.640793,0.760716
53,614.932617,171.688553,621.968872,190.754623,0.450520
54,591.953125,172.482895,599.341187,191.881210,0.773007
55,588.225464,172.908493,595.329468,190.811752,0.739859
56,585.459717,171.335281,592.933716,191.178879,0.772660
56,605.508179,172.639755,612.053711,190.111374,0.532915
57,584.418335,173.173004,591.610962,191.025879,0.659010
58,581.427795,173.626434,588.876404,193.101105,0.796443
59,577.326721,172.350967,586.027405,193.654861,0.715496
60,574.028259,173.294617,581.565125,192.200226,0.758823
61,571.668579,173.372482,580.697510,192.049118,0.555386
62,568.133301,169.000290,578.214233,192.004807,0.755737
63,571.286560,171.436371,579.839172,191.739105,0.589589
64,565.262207,168.867920,574.082764,193.149048,0.682082
65,563.113037,170.105667,572.274170,194.835617,0.774570
65,238.231705,172.303818,254.795090,212.429886,0.313261
66,560.440063,172.797424,569.822754,196.628082,0.799215
67,557.199341,170.508911,567.665771,196.659668,0.796468
68,555.641418,169.515991,565.359070,194.953644,0.808829
69,552.562744,168.229202,564.110352,195.604660,0.822737
70,550.398438,168.190857,562.112671,195.504822,0.822574
71,547.364990,169.453781,557.653687,197.584824,0.828029
72,545.812134,172.017151,555.862183,198.416412,0.847807
73,542.799988,173.848389,553.413025,200.873108,0.826397
74,540.753296,174.768814,551.850830,202.661362,0.838832
75,537.447327,175.037781,548.627747,204.585632,0.850977
76,533.675598,172.678268,545.188904,202.838913,0.842235
77,530.813477,170.325485,542.651245,201.174881,0.861500
78,527.252319,169.769943,540.006714,200.945145,0.880986
79,524.025269,170.824280,536.971313,202.571564,0.847620
80,520.659119,170.970215,534.030579,204.470276,0.869372
81,517.922913,173.156723,531.418884,205.558273,0.873639
82,514.757507,172.340805,526.827209,205.527969,0.853493
83,511.540710,173.202484,524.287292,208.145508,0.870249
84,508.456299,173.124176,520.994019,209.026886,0.845028
85,504.957367,173.630737,518.150818,208.765747,0.861740
86,501.598938,173.026901,515.535889,209.438126,0.872784
87,498.098999,173.800751,512.658081,210.442596,0.854355
88,495.487885,174.383011,509.632599,211.764053,0.867453
89,492.967834,174.567871,506.212341,211.721008,0.860136
90,487.316284,173.028687,502.305603,213.603546,0.861092
91,482.409515,171.821594,499.267426,214.898468,0.860341
91,494.424561,175.552887,508.205933,209.394928,0.694306
92,478.504425,171.988983,496.484222,215.637238,0.872120
93,474.649384,171.797379,490.855865,216.688644,0.872710
94,471.405670,170.275299,487.937958,218.391846,0.884571
95,466.800720,169.357574,483.732422,218.252441,0.853864
96,463.614471,170.189590,479.449554,218.552078,0.863831
97,460.779755,173.103058,475.739044,219.725037,0.829318
98,456.078979,171.539398,473.073547,221.201843,0.826429
99,450.595734,171.484741,469.658600,224.289062,0.837442
100,446.948547,169.009460,466.520264,223.696808,0.864827
101,441.604828,170.189743,461.878265,225.984329,0.824610
102,440.096161,178.069366,456.309235,227.531433,0.663645
103,433.114960,176.448288,453.289703,227.493820,0.801268
104,431.583984,171.157684,446.316467,229.707855,0.785799
105,424.581635,172.627090,442.634613,227.574081,0.832523
105,435.186646,176.295135,458.460083,222.124664,0.500842
106,419.998444,171.232239,440.137604,230.295105,0.823923
107,415.570862,168.970932,436.263672,229.337814,0.822918
108,410.082733,169.240906,432.698212,231.723206,0.846287
109,408.860260,166.970718,432.882294,233.009598,0.857310
110,408.680237,167.668304,430.950684,234.465851,0.838081
111,405.329529,165.178528,429.123718,235.509216,0.835058
112,401.199860,167.074432,425.842255,237.151855,0.859126
113,397.078522,168.491760,421.507538,238.468384,0.846886
114,394.081757,169.241486,418.142487,238.237610,0.833934
115,390.859406,167.235382,415.758942,239.808746,0.824682
116,386.965027,168.255081,414.346069,241.109451,0.827885
117,382.807098,169.158615,409.623322,242.854935,0.840420
118,381.528107,167.884262,407.602020,243.960434,0.820782
118,628.408020,172.077988,636.839783,199.214737,0.431440
119,377.145569,166.796021,405.450867,244.927673,0.845412
120,374.308350,164.047821,404.212463,244.909485,0.833768
121,372.551208,166.800156,401.928162,248.082413,0.864696
122,372.284088,170.135681,400.210175,246.580383,0.833528
123,366.906006,174.612305,394.193542,248.129211,0.613947
124,363.167908,169.173737,394.459412,248.910950,0.792074
125,365.604675,167.450378,395.249878,250.442505,0.796860
126,362.030640,168.727493,395.588989,248.513901,0.829110
126,384.821167,170.026321,418.793701,239.040115,0.437846
127,361.514771,167.918976,395.033569,249.886871,0.842722
127,378.071289,171.819138,411.333923,239.500595,0.376230
128,359.402832,168.181152,387.397766,251.198761,0.877657
129,356.066315,166.160126,384.613373,252.153534,0.860577
130,354.565613,170.029053,385.997620,251.716583,0.890044
131,353.667023,171.086853,384.567657,254.044128,0.871697
132,351.897308,168.691849,383.047394,255.804398,0.860794
132,384.079071,171.671570,413.103546,237.541107,0.432119
133,349.734222,172.625763,380.321747,256.658783,0.876981
133,384.242584,172.516541,414.269806,232.650330,0.366160
134,348.528992,168.844727,379.887451,257.517181,0.880484
134,381.950165,170.973511,410.072113,236.599609,0.438570
135,346.825470,168.721146,377.421906,257.863678,0.871428
135,380.506287,172.557114,408.835815,236.793198,0.540838
136,344.971893,169.520615,376.998627,258.260956,0.862780
137,342.271729,171.824310,374.575745,259.887451,0.866586
138,339.096954,171.584976,372.832977,262.708893,0.888382
138,375.059601,173.334671,405.616730,245.243576,0.672091
139,335.233368,172.256531,370.317108,261.455658,0.884654
140,333.827576,171.727875,369.622437,262.513031,0.893838
141,333.819061,168.867691,370.903839,262.960388,0.878707
142,332.173553,172.737946,367.400177,264.721161,0.871450
142,365.241974,176.158844,404.828339,240.998413,0.607092
143,329.052734,177.225723,364.832642,263.558472,0.822933
144,328.254120,175.305298,360.838287,260.145020,0.801296
145,323.843903,170.715820,359.314850,260.377533,0.818274
146,321.990631,172.684189,358.236053,259.609467,0.812177
147,324.354156,172.252899,361.196136,259.613892,0.831333
148,320.626953,170.878662,357.112732,264.542236,0.864738
149,317.225861,170.245193,351.660431,263.646027,0.877066
149,-0.117617,174.843384,25.600906,250.843109,0.419151
150,316.852936,171.225937,353.899078,265.275757,0.880298
150,0.196087,171.919037,22.351425,246.532349,0.527559
151,315.485138,173.562805,353.017548,266.970825,0.851438
152,314.767609,174.523529,350.474640,268.241638,0.878804
152,355.978699,180.078232,383.277466,244.784378,0.541785
153,313.623566,174.719009,348.162628,268.139648,0.890985
153,352.655975,179.913574,381.309601,246.485291,0.392805
154,312.351898,174.456177,346.667755,267.542236,0.875809
154,350.448517,181.968933,381.209076,243.806244,0.571445
155,309.091400,170.090424,346.576385,269.647461,0.879168
155,350.480652,178.653839,381.894226,247.356506,0.533221
156,308.865051,171.286514,345.324341,272.672943,0.875868
156,350.550110,180.505890,384.372131,250.179535,0.726721
157,306.003357,167.603210,344.513428,273.659576,0.864884
158,305.176849,169.306168,343.883636,274.118683,0.882550
159,306.193115,174.973450,339.351990,271.460358,0.849383
160,302.509277,178.787811,341.989807,265.425171,0.643533
161,299.100311,168.880661,338.914886,268.085663,0.719061
162,305.625397,173.402679,340.373993,265.177521,0.768557
163,302.385345,170.176605,340.448090,264.488495,0.822576
164,300.915924,170.385681,336.388153,269.454468,0.880014
165,302.313995,169.438934,336.197235,268.230865,0.860803
166,299.470856,175.252899,337.598663,271.445160,0.866591
167,300.352661,174.475571,338.005249,273.253845,0.875449
168,298.995361,173.404831,338.153992,273.349182,0.874134
169,299.794769,173.240768,338.155243,272.998352,0.879121
170,299.897705,173.650650,337.782959,273.691559,0.872770
171,299.850189,173.978104,337.908966,273.963562,0.874379
172,299.984283,172.300369,338.800934,273.778992,0.878431
172,346.048523,180.292450,376.487122,244.815979,0.391814
173,300.056763,173.010773,338.003174,272.884766,0.863901
173,344.401978,179.229034,376.162292,247.743500,0.398739
174,301.037903,172.736572,338.805115,272.272583,0.869192
174,343.740662,179.739868,375.267151,250.349609,0.604114
175,300.394379,171.900696,337.909515,272.533203,0.873279
175,345.432648,179.300674,376.903900,249.888779,0.545582
176,300.252838,171.714264,337.977203,272.967316,0.874326
176,344.815552,179.329712,376.889343,250.107544,0.534100
177,300.273743,172.106323,338.004395,273.160431,0.873249
177,344.267212,178.904694,376.922424,253.094452,0.591291
178,300.756134,172.205994,338.112762,273.351624,0.872982
178,345.754272,178.698578,377.109314,252.810608,0.581366
179,299.863403,171.050995,338.684021,273.504364,0.875150
179,346.032684,178.471222,378.102936,251.258301,0.518939
180,300.464935,171.560379,339.110382,273.965027,0.874825
180,346.095673,178.086655,378.852936,254.736008,0.676413
181,300.231018,172.130371,338.704468,273.006836,0.868337
181,346.615845,177.500427,377.593079,254.660645,0.332015
182,300.455017,171.595520,338.464417,272.744049,0.864897
182,347.425690,177.510864,378.354462,251.530334,0.489242
183,300.509827,171.528091,338.459290,272.738770,0.862394
183,347.179047,176.586594,376.367035,253.692886,0.450305
184,301.665253,172.875107,339.673981,272.302429,0.871048
184,347.072662,176.144577,375.525116,253.680527,0.507229
185,303.380646,173.112534,340.990509,271.317047,0.863092
186,303.213287,172.755920,340.804230,271.585632,0.867574
187,302.855591,169.855850,340.382019,271.759094,0.858105
188,302.720520,168.706970,340.127502,273.203857,0.838336
189,300.671875,171.245010,339.983215,270.114990,0.864922
189,744.283081,154.505157,758.435547,188.106934,0.369888
190,298.242676,167.535187,341.076599,275.370819,0.851490
191,297.281311,167.107605,342.014893,276.175201,0.860710
192,297.306091,165.778137,346.498535,278.292175,0.865602
193,295.763977,169.069824,340.856506,276.512787,0.840424
194,295.831146,165.405029,340.616364,278.102539,0.817284
195,296.906647,165.168930,341.089386,277.514404,0.813671
196,296.759644,167.267487,341.309570,276.428528,0.855024
197,295.908600,167.235687,340.626556,276.502014,0.869073
198,295.499084,171.624130,340.193970,275.504639,0.886092
199,295.052704,171.250244,338.470734,274.618164,0.885305
200,293.970398,169.547195,334.808899,274.884033,0.874047
201,294.462311,169.857147,334.578827,273.956940,0.874310
202,293.864410,171.803894,334.141266,273.301178,0.855989
203,293.310242,172.136337,332.259705,273.112793,0.865058
204,291.731781,170.978760,331.460663,270.444000,0.846695
204,339.352325,167.203339,377.570648,248.032959,0.727452
205,293.124023,174.802856,330.124451,269.457123,0.852036
205,342.857422,180.469849,376.844543,251.766113,0.707563
206,291.125854,170.279160,328.787170,274.511780,0.870536
206,348.487946,179.511063,377.996185,250.817245,0.555578
207,289.055450,171.754395,327.938568,274.620605,0.881915
207,346.877533,179.357101,377.841461,253.331223,0.620159
208,289.708282,174.161575,330.060089,275.602295,0.878444
208,346.459259,179.109985,378.363556,253.365021,0.709530
209,289.822906,172.945236,330.740021,276.054810,0.885310
209,345.458832,180.277222,377.992462,251.912933,0.705373
210,290.597839,172.512405,331.732544,276.277374,0.885762
210,347.377197,181.972824,375.799622,246.490463,0.517340
211,291.205658,172.217331,332.291107,276.386902,0.885276
211,346.739929,180.883041,376.103699,247.801163,0.464921
212,290.577484,171.832001,332.678436,276.541534,0.886010
212,346.629242,181.114258,375.529144,247.610596,0.406572
213,290.402679,171.873230,332.889435,276.931580,0.885904
213,346.501282,180.811157,375.537537,247.782440,0.435507
214,289.764832,171.164871,332.737610,277.988434,0.887277
214,346.554596,181.055969,375.564972,247.923157,0.464655
215,290.187683,171.129242,332.513855,277.871765,0.885651
215,346.727112,181.769318,375.496399,247.494629,0.579482
216,290.121979,170.895813,332.559357,277.855743,0.885914
216,346.756653,180.847778,375.653748,247.886749,0.446121
217,290.454712,171.418076,332.403015,277.820984,0.885287
217,347.273987,180.727570,375.455444,246.725433,0.429132
218,290.164215,171.417328,332.024872,277.867371,0.886552
218,347.125000,180.889206,375.051086,246.948257,0.312828
219,290.110535,170.624802,332.187561,277.927094,0.885544
219,346.767365,180.668198,375.607269,247.372757,0.390536
220,290.306244,170.836960,332.315399,277.830109,0.885203
220,346.547241,180.881927,375.176758,247.051331,0.431977
221,289.839600,170.780273,331.856384,277.939850,0.885300
221,346.625458,180.818146,375.269501,246.835419,0.389735
222,290.328644,171.071945,331.891327,277.766113,0.885666
222,347.008118,180.770905,375.277588,246.640839,0.404000
223,290.079041,170.501312,331.800537,278.136169,0.885015
223,346.487305,181.137238,375.360657,246.830750,0.416780
224,290.008545,170.462830,332.094055,278.077576,0.885935
224,346.242218,180.776520,375.235321,246.897980,0.412634
225,290.199493,170.839661,332.217682,277.720917,0.884485
225,346.761017,180.514435,375.506500,246.698486,0.324645
226,289.617126,172.734207,331.599426,277.400085,0.885410
226,346.349945,180.734634,375.128937,247.350693,0.393146
227,290.001770,171.266190,332.011719,277.788086,0.885873
227,346.543579,180.568573,375.197266,247.154816,0.345945
228,290.017487,170.814362,332.334320,277.959412,0.885395
228,346.622009,180.437729,375.748352,246.916397,0.428305
229,290.042999,170.711136,331.924164,277.762390,0.884480
229,346.755615,180.468903,375.666931,247.201416,0.421483
230,290.164581,171.038116,332.206268,277.848114,0.884514
230,347.005707,180.941071,375.379852,246.905914,0.379840
231,289.922455,170.569611,332.449127,277.798889,0.885964
231,346.776062,180.582443,375.797546,247.123489,0.456565
232,290.224060,170.781433,332.179138,277.611633,0.885505
232,346.563446,180.589645,375.073212,246.852554,0.399681
