0,589.818054,163.385117,602.965576,182.645599,0.524029
0,637.452698,164.257629,644.517395,181.950775,0.443458
0,485.995636,168.881393,498.165680,188.009247,0.435797
1,588.348633,163.888962,601.459229,183.377762,0.623162
1,635.681274,164.988785,643.062988,182.092819,0.554131
1,485.387451,168.918915,497.249573,188.227066,0.479972
2,634.412964,164.164917,642.222534,181.806961,0.701772
2,584.886108,163.194046,597.943848,183.527328,0.581727
2,974.107544,150.859741,1000.754272,212.648346,0.487003
2,486.619904,169.022720,498.197327,187.172821,0.420683
3,633.448792,163.576233,642.232361,183.149231,0.748435
3,583.328186,163.086914,596.223633,183.081512,0.592564
3,483.751434,167.395889,497.172913,187.430206,0.490892
3,525.967529,165.044586,536.429016,184.007660,0.406238
4,632.407654,164.006805,641.542358,182.734802,0.715756
4,507.975922,165.883575,517.953796,186.517181,0.670049
4,581.342041,163.431259,593.122375,182.907928,0.591468
4,483.153107,167.116058,496.159637,187.117722,0.450922
5,482.839111,165.605942,495.081940,186.598038,0.714121
5,629.547913,163.363586,640.569031,182.610657,0.688017
5,580.216003,163.014038,592.062683,182.498642,0.476443
5,507.683777,165.291962,517.951721,184.584991,0.317398
6,628.779724,162.126923,639.662537,181.541718,0.706490
6,484.847137,165.930893,495.681305,185.507080,0.663933
6,580.161194,162.418625,591.162964,182.029938,0.608870
6,508.265137,165.260773,518.328796,184.814133,0.341462
7,485.148163,163.982101,496.447815,184.384064,0.670061
7,627.773071,160.287949,638.249756,180.064499,0.649975
7,508.652008,163.430237,518.670105,183.299957,0.517745
7,577.956055,160.770966,590.345886,180.131851,0.514503
8,508.273376,163.508301,518.094299,183.278458,0.739685
8,626.429810,159.891754,637.694946,179.864517,0.691116
8,480.613831,164.730484,492.095215,185.465179,0.676291
8,574.477051,160.004929,588.890930,180.501663,0.378300
9,507.481018,164.226730,517.657532,184.072937,0.701485
9,624.238403,160.545151,637.693115,181.083664,0.663686
9,479.359619,165.331024,492.253967,187.187607,0.537429
10,478.729248,163.543930,491.151001,185.378113,0.659018
11,477.633240,160.417221,489.530853,182.694534,0.727273
12,477.138397,162.712479,488.211151,183.583054,0.751234
12,506.809784,161.071259,516.952271,181.121857,0.680452
12,493.935547,162.166992,503.166870,180.297607,0.363120
13,473.981293,165.133682,486.524841,186.980103,0.741474
13,506.263031,163.720947,516.976807,184.026535,0.520928
13,618.131592,158.338104,630.584900,179.595444,0.368526
14,473.461426,166.540421,485.455872,188.904144,0.707739
15,472.072235,166.153778,484.399261,189.770523,0.739764
15,570.657654,160.808685,581.211670,179.698166,0.308667
16,470.650452,163.892273,484.302460,187.666229,0.716346
16,499.462097,162.504929,510.465912,184.086060,0.506126
17,468.372162,163.247559,482.106873,187.313950,0.693339
17,500.019318,161.706253,511.056000,184.495834,0.629865
17,586.479004,159.191711,601.403564,181.980103,0.488473
17,612.446045,158.264755,625.884521,179.897705,0.398683
18,469.108337,165.822952,481.686890,188.569794,0.611462
18,605.633301,159.502472,621.664490,182.764084,0.502713
18,461.415588,166.674561,472.888092,187.450394,0.457050
19,466.899445,167.368500,479.662445,190.973450,0.740223
20,464.726532,167.789581,478.943207,193.765915,0.817871
20,818.968506,148.171005,833.771423,180.504745,0.583456
21,464.309143,169.259888,478.539642,195.659378,0.777404
21,826.069946,150.006332,840.741394,182.957733,0.680124
22,463.325165,170.150452,477.250427,195.962875,0.782692
23,461.544189,167.925308,475.994690,195.928391,0.795755
23,594.647827,162.910599,607.800232,188.792587,0.767534
23,842.601929,141.780807,861.320190,181.708374,0.695935
23,560.677246,161.606567,575.817993,188.502609,0.438526
24,460.503632,168.363129,474.394623,195.671982,0.777402
24,588.539490,162.354553,606.063782,190.972916,0.687739
24,850.806091,142.396118,867.340637,181.025955,0.659215
24,564.452148,161.934616,579.816650,188.444275,0.428692
25,456.565063,169.758423,470.583099,197.390030,0.782561
25,584.307739,163.754776,602.507141,191.266449,0.620933
25,567.704285,163.302826,580.533508,188.679459,0.577130
25,857.654846,140.776688,875.796997,180.985229,0.574214
25,516.489563,166.366531,529.488098,190.725021,0.344977
26,457.946533,173.392059,471.287476,201.174835,0.765008
26,580.174072,165.393005,597.513428,194.177109,0.640967
26,569.037842,166.700439,584.694092,194.400055,0.622088
26,502.295959,169.052597,517.240479,196.381622,0.342592
27,454.405090,174.079361,468.845734,203.774597,0.794125
27,571.727905,170.079971,587.855713,198.070023,0.653007
28,454.229034,175.348358,467.719360,203.407379,0.806880
28,572.136475,168.686523,586.855896,197.605148,0.634038
28,512.377991,172.535614,525.498535,198.553421,0.479178
28,502.980774,171.794357,515.252075,197.043564,0.438554
29,452.077576,174.009659,466.255890,203.315002,0.809591
29,567.046509,169.140732,583.199463,197.717697,0.740718
29,508.219177,169.379684,521.859741,197.599472,0.603115
29,498.219482,167.901947,512.017944,196.450439,0.553884
29,579.265198,168.184662,596.257019,194.173996,0.468984
30,448.475830,170.741638,464.595337,204.771927,0.818583
30,565.165039,168.267303,579.866211,198.072189,0.746363
30,508.398651,169.422745,520.945862,199.420654,0.580068
31,447.024323,170.626953,463.651550,204.601837,0.785160
31,558.369507,166.795502,574.286316,199.834213,0.735872
31,505.001404,168.752365,517.875671,198.769012,0.432028
32,551.135010,163.523911,569.219971,199.597031,0.786279
32,444.693787,169.239731,464.225403,208.649994,0.754017
32,496.653198,165.631805,510.069000,196.316544,0.623127
32,488.326416,164.737869,501.398041,194.034073,0.320108
32,543.492859,163.563370,555.368774,193.967804,0.313868
33,444.084564,168.331268,461.030029,207.823410,0.699486
33,488.755188,167.311096,503.361328,196.231049,0.683254
33,547.154114,163.464630,563.625854,199.643143,0.678090
34,545.930115,163.815842,560.273376,200.345947,0.754377
34,486.636108,168.549957,501.440857,198.975906,0.728030
34,441.264862,169.480148,460.639557,211.316147,0.666723
35,436.820709,170.261108,459.202362,213.569199,0.673767
35,479.309937,167.129318,494.036285,198.268616,0.651635
35,542.617798,164.585449,556.142151,199.386032,0.512126
35,552.784668,165.033600,565.650757,192.795380,0.504565
36,472.994781,166.077774,487.713135,197.796051,0.803091
36,557.373840,165.988586,573.778076,192.788681,0.489747
36,535.363525,162.836472,548.450623,197.842758,0.462555
36,432.602753,170.467056,458.071289,216.781738,0.409668
37,465.281586,164.016159,482.110504,198.977722,0.686863
37,562.352600,163.089600,577.839233,194.738495,0.669903
37,438.670288,165.647079,455.852783,202.390060,0.632738
38,461.465790,165.289612,478.432739,201.486969,0.764488
38,436.953491,166.624130,454.908966,204.846863,0.748358
38,568.957886,163.373581,589.839783,193.727585,0.542730
39,456.716583,166.350510,473.302155,201.166550,0.804484
39,435.854248,165.080582,454.825043,205.187790,0.799350
39,482.258453,163.425125,495.956482,198.063843,0.382199
39,548.674133,161.668228,562.504395,189.982727,0.376541
40,434.135223,166.499557,452.980804,205.494110,0.815070
40,449.412628,167.082962,467.764862,201.884659,0.773605
40,479.994843,162.960571,496.403076,200.631775,0.458652
40,548.630554,161.344559,562.907166,188.442963,0.397741
41,431.852631,166.308182,451.803802,206.184357,0.769163
41,516.553284,164.504791,530.936157,200.623352,0.598566
41,477.271912,162.819183,494.672089,203.443604,0.393558
41,454.114899,166.470703,471.603241,200.126099,0.385429
42,429.954193,166.922882,449.842407,208.490311,0.792400
42,597.975891,164.571381,615.377930,194.470032,0.717747
42,452.488586,164.529358,468.823792,200.064163,0.530780
42,514.381470,164.809265,528.674438,200.518890,0.394466
43,425.734528,163.002563,446.094666,207.268845,0.819396
43,360.851898,170.886154,396.884491,231.927261,0.671370
43,449.142303,160.670547,467.035614,202.129501,0.614666
43,296.941528,177.689423,315.166504,212.890686,0.465215
43,516.252991,162.947510,529.938354,196.248947,0.347576
44,417.120911,162.234238,436.951355,205.365158,0.782728
44,427.957062,162.457108,446.721588,202.826675,0.727808
44,446.203186,158.077805,463.654144,200.847305,0.685604
44,514.224487,159.907761,531.433594,202.249481,0.680186
44,777.129028,157.124405,796.869263,200.803955,0.625933
45,408.833221,163.274933,429.609009,209.389542,0.817098
45,516.969666,159.580429,535.515015,204.654724,0.768687
45,428.288483,160.252533,447.149536,202.380646,0.724028
45,784.203796,159.092499,802.790894,202.136597,0.661089
45,439.866333,158.238602,458.679016,202.793594,0.623047
45,462.358917,158.166275,477.182190,200.129150,0.392520
45,290.014221,175.703522,311.324677,209.398499,0.335915
45,548.738220,157.557144,563.039185,187.478088,0.329269
45,478.061249,160.399719,491.616364,200.745850,0.319914
46,518.474365,161.029984,539.907227,209.733017,0.838438
46,401.872589,165.781555,424.010284,209.681381,0.816365
46,424.951935,162.884125,444.014557,204.979996,0.784963
46,283.844208,177.215683,306.686157,214.745529,0.589921
46,438.921448,164.823257,455.518799,202.786255,0.578960
46,475.432617,161.263672,488.502075,203.944183,0.456007
46,453.230255,163.064529,467.374054,202.360062,0.347390
47,517.709900,160.430634,547.104431,212.835876,0.842495
47,392.334595,165.308990,414.935944,212.613342,0.797147
47,423.337250,162.795288,443.070068,207.663818,0.749524
47,275.245728,176.561462,296.542694,215.322327,0.746015
47,300.069946,170.570831,348.280731,237.699814,0.666662
47,453.373840,162.474075,468.443909,204.937119,0.543212
47,477.574829,161.350327,491.168793,204.331238,0.460299
47,548.312805,156.975418,562.491150,188.289734,0.446543
47,462.363922,162.299316,476.103882,203.052628,0.369401
48,521.822205,159.662506,547.182800,209.114197,0.847180
48,381.154633,162.595016,407.264313,211.294220,0.787419
48,421.833771,159.632446,444.356232,212.705505,0.769286
48,443.708557,159.223846,460.637726,205.309326,0.641945
48,474.624634,159.588028,491.312378,200.729935,0.608676
48,458.208588,160.080872,472.528412,202.183685,0.541312
48,268.028656,174.223557,290.945007,214.877182,0.531403
49,525.040161,156.629868,547.550537,207.401138,0.850325
49,369.212311,164.972748,392.789429,210.240128,0.771827
49,419.864319,157.773010,439.885376,208.207413,0.753825
49,262.777008,170.919403,310.633301,253.875397,0.733353
49,449.441742,158.398758,464.730164,204.041718,0.554267
49,439.837708,158.104187,456.257782,204.241333,0.350138
50,526.247620,156.012527,550.086853,209.245743,0.834021
50,356.142426,164.353683,384.814636,217.025055,0.818003
50,234.408249,170.270767,285.748901,262.386993,0.758308
50,416.160309,158.904770,435.763947,209.514236,0.749223
50,427.391266,157.015152,444.612122,208.542404,0.606048
50,437.365997,156.974503,452.124237,207.433960,0.412246
50,472.358612,159.249969,488.075287,203.500061,0.402798
51,528.150146,157.481903,555.059448,213.436066,0.852651
51,413.244629,160.693863,433.851135,215.198959,0.807003
51,349.904236,168.056503,373.794128,218.448441,0.727815
51,258.508850,177.171219,277.218933,218.606567,0.628256
51,204.967529,173.947861,267.446838,275.474792,0.568018
51,428.067871,161.919815,444.214478,213.232300,0.417885
52,531.612976,159.060745,558.873718,216.047714,0.842011
52,250.582428,179.746964,271.012909,221.094360,0.766922
52,415.060486,160.210922,435.028442,217.312363,0.766104
52,338.231293,170.556900,364.385681,221.111130,0.755880
53,536.969421,159.983398,563.477051,217.366760,0.861453
53,242.476944,180.435577,264.207733,223.260071,0.759308
53,410.032074,165.033661,426.703705,217.124130,0.733438
53,331.598938,171.152893,356.953979,219.302948,0.646625
54,540.955200,160.779587,567.561584,218.560120,0.872540
54,234.943726,179.530289,256.887817,224.596970,0.744933
54,403.463104,162.386093,420.558197,215.104599,0.721881
54,335.232910,171.094482,352.757599,207.984665,0.630946
54,414.588318,161.155548,431.500854,210.597641,0.624640
55,544.639282,158.662079,573.685120,219.485718,0.849839
55,227.524078,181.240417,252.294388,228.679794,0.787162
55,411.541138,160.462433,432.004395,219.773346,0.743967
55,389.933075,165.611465,405.431427,218.150146,0.714083
55,284.641846,173.040085,306.388580,221.782120,0.704472
55,335.426849,171.109177,351.707550,210.023804,0.644000
55,304.800140,172.074051,327.397217,219.533646,0.562327
56,546.278870,158.990723,580.328918,221.283463,0.865264
56,265.737457,171.259430,293.950775,234.795151,0.835688
56,217.710648,179.682953,245.156937,230.611465,0.803546
56,409.414062,158.227814,430.528870,220.927948,0.784715
56,378.281647,164.865204,395.729523,223.262878,0.753326
56,334.110565,169.455215,350.962341,209.387802,0.722941
56,279.906006,175.195282,303.075775,220.277878,0.340093
56,320.055969,173.561111,337.793579,208.125412,0.331257
57,550.531128,157.721573,581.795837,222.234100,0.847311
57,272.416168,174.150543,300.604675,231.881119,0.835303
57,247.845673,170.047272,275.555573,235.758087,0.814718
57,210.488419,178.608185,236.790924,232.380692,0.785022
57,407.386658,156.542572,431.098267,220.949707,0.776958
57,367.251129,164.658081,387.030579,220.988510,0.762159
57,332.838593,170.213257,349.386505,210.324081,0.663227
58,558.075989,157.380310,587.707886,222.427643,0.865780
58,256.466522,173.286240,287.678253,237.536804,0.825031
58,231.114700,169.275848,261.398956,241.537277,0.823224
58,354.897949,163.987381,373.827515,221.291580,0.778076
58,407.258698,155.901062,430.931335,219.087265,0.754454
58,201.610504,176.528671,230.332947,234.696548,0.739301
58,312.440735,171.024139,334.514557,214.322998,0.408688
58,547.769226,156.055435,563.480042,191.641068,0.333443
59,240.253677,173.453186,270.203918,239.173950,0.864049
59,563.589294,153.916092,595.897400,225.494965,0.860515
59,209.264511,170.908447,242.376022,245.586731,0.839067
59,335.986328,166.031448,357.032410,220.811874,0.658921
59,266.885040,171.540909,284.946198,212.217560,0.619705
59,190.689774,179.600845,219.928131,237.464874,0.440165
60,566.826294,155.902451,604.559753,227.810669,0.855652
60,223.062836,172.738022,253.824234,240.265335,0.841544
60,187.443970,170.728760,228.406616,246.454956,0.835070
60,259.617828,171.072723,278.037964,207.882019,0.735842
60,324.085693,162.781830,348.438904,226.816025,0.662426
61,206.960999,172.947296,238.944839,242.440155,0.853846
61,573.541016,154.238754,611.232971,228.732071,0.845031
61,168.903168,170.486801,207.673645,251.120377,0.840947
61,326.095581,161.983765,348.075165,218.174149,0.748295
61,255.221924,170.833282,275.158966,208.183060,0.542620
61,544.626953,157.279068,559.830994,190.330582,0.359327
61,307.543030,164.218964,331.403809,218.445145,0.340428
62,183.050919,174.941360,222.877289,244.141983,0.853370
62,585.226074,153.203690,616.399353,232.027237,0.850502
62,144.952576,166.945374,190.254776,251.870880,0.847387
62,323.867828,161.145111,348.386414,226.732285,0.723076
62,251.551224,170.009842,271.056030,208.427094,0.700602
62,305.052643,161.555542,337.599365,235.677109,0.689730
62,563.411682,156.369141,577.362854,187.940948,0.416881
62,545.276733,158.514084,558.994934,189.292435,0.391901
63,169.906799,176.067123,202.785110,245.241699,0.855326
63,123.487968,170.853516,165.692474,254.210754,0.843852
63,593.690247,152.703751,621.548889,232.740723,0.841549
63,306.562103,162.798080,337.075897,242.387177,0.671016
63,563.666687,157.222946,576.989075,186.784286,0.552943
63,275.595032,164.647812,301.491333,237.741928,0.536762
63,543.653137,159.506409,558.165222,190.598099,0.352511
64,596.469238,152.101486,634.716675,235.307587,0.889336
64,146.093750,175.626923,183.119049,250.544022,0.841033
64,98.617867,169.538940,144.654419,256.003387,0.839184
64,309.202942,164.787186,338.653595,238.409851,0.761721
64,258.946777,165.197693,284.935913,232.465576,0.713339
64,563.697754,157.765503,576.502258,186.852341,0.710802
64,392.986237,154.537445,430.173492,243.820084,0.596523
64,166.244400,177.781586,190.857758,232.885788,0.478950
64,243.920532,164.482864,270.032867,222.416031,0.473039
64,367.262451,154.400269,403.673981,233.622482,0.395186
64,543.008484,159.523651,557.788452,190.595963,0.382860
64,585.267761,156.838806,598.629822,184.081879,0.371657
65,598.121399,151.044128,646.357605,240.134842,0.862131
65,129.388641,177.433136,167.242966,255.082047,0.844154
65,155.416458,176.814240,187.498322,243.900009,0.825161
65,71.910454,171.787231,118.656288,259.748352,0.809021
65,314.973206,162.621918,344.335999,237.850540,0.702187
65,230.788147,167.035919,261.431488,236.608765,0.644557
65,1183.787354,137.758240,1226.255371,205.355743,0.564027
65,563.566345,156.778793,577.981140,188.970749,0.558427
65,393.221161,156.229340,427.743896,241.362030,0.558305
65,583.147644,156.235703,596.198364,183.811172,0.517141
66,608.250671,152.359726,649.101501,240.300583,0.848439
66,104.533295,175.992950,147.076492,259.605835,0.836084
66,148.596191,178.831268,180.765335,246.766205,0.820140
66,44.470970,173.707031,96.396942,266.773376,0.806472
66,399.199707,158.915802,431.982910,231.734680,0.784955
66,227.350357,171.719498,252.086914,238.390289,0.704982
66,320.818939,162.784729,351.116364,241.290894,0.704063
66,563.495911,155.907532,579.429626,189.044312,0.404205
66,587.233337,156.523209,600.387451,183.718521,0.320281
67,620.165894,150.167023,661.273438,245.811630,0.855552
67,78.461273,179.548035,132.458649,265.535522,0.835418
67,18.263063,176.702240,68.298637,269.814606,0.829643
67,394.630188,154.778915,439.091187,236.856049,0.803842
67,141.238724,180.279022,172.656723,248.019531,0.802082
67,328.248932,162.220535,360.948914,249.691971,0.648691
67,207.155548,170.796478,233.201111,249.088577,0.591965
67,564.343262,158.250244,577.980774,188.110565,0.507615
68,61.240803,182.808365,102.887009,265.294067,0.869353
68,-1.074289,174.572769,43.711155,283.341309,0.853964
68,631.512634,156.884506,664.056519,244.188248,0.845794
68,394.623474,150.608398,447.976868,261.115448,0.797631
68,922.521179,154.652084,949.863647,205.462387,0.723138
68,133.050156,177.236252,165.721039,256.546051,0.720565
68,330.571564,160.894882,369.907349,247.565048,0.710304
68,182.326324,172.872696,209.835449,256.808960,0.668288
68,117.806602,179.130493,148.328659,248.626648,0.529183
68,541.780945,161.579880,557.301575,193.003601,0.472379
68,278.253357,171.038971,301.858521,226.697327,0.341901
68,219.852020,171.774307,248.558105,246.653336,0.332792
68,322.923859,168.216476,346.747620,232.346863,0.323801
69,40.530312,183.088531,79.819458,267.291565,0.872464
69,635.691223,157.192795,679.673340,246.611481,0.853141
69,393.535889,149.814270,451.535126,269.273315,0.808428
69,129.503479,177.774338,161.144760,262.762634,0.683516
69,159.280579,174.494583,186.347321,256.526398,0.564267
69,109.592209,179.170944,140.388428,254.467728,0.561148
69,326.334381,166.907883,351.833435,231.607574,0.341883
70,15.831121,184.060745,56.804638,273.787811,0.872055
70,643.653503,159.029770,688.314636,253.054062,0.849696
70,393.196564,152.041138,453.910461,279.116852,0.841870
70,933.575867,153.008774,960.532959,206.036667,0.748845
70,131.592117,172.959885,157.202286,249.430054,0.632647
70,327.131317,166.200958,359.290222,245.004700,0.471575
70,562.221985,159.975510,577.258362,189.909027,0.409613
70,107.671959,179.033676,136.415451,254.640289,0.383125
71,658.626404,160.900482,700.377502,251.661041,0.848288
71,-0.036164,186.991714,37.758118,272.821777,0.831957
71,396.910706,151.915436,457.272827,281.031067,0.818666
71,118.966789,176.367386,150.704666,250.330505,0.723184
71,320.925507,165.276825,353.163910,250.523590,0.461357
71,541.842346,163.424286,556.298218,192.891006,0.336824
72,672.736145,158.377731,709.754883,256.793182,0.850008
72,396.062592,151.435989,460.396851,285.355164,0.825626
72,325.139618,163.682556,349.420898,223.989365,0.589242
72,562.638245,159.140228,576.522827,189.651703,0.580132
72,108.834946,173.057205,141.252533,257.488342,0.532522
72,541.404602,162.803406,556.060547,192.952591,0.376020
73,673.232117,152.712662,734.316406,265.070465,0.845976
73,394.213837,147.565598,466.494049,288.437469,0.809475
73,109.246162,174.196609,142.786148,261.475647,0.691502
73,540.975281,161.876846,556.263367,192.878540,0.505079
73,562.618225,158.011139,577.114746,189.332642,0.497990
73,80.232536,171.381210,123.163544,253.931839,0.339139
74,679.555786,158.043716,749.744995,267.509888,0.841608
74,406.210236,155.970474,473.142639,292.416168,0.792723
74,379.449982,159.952118,430.304657,260.287750,0.686743
74,105.159630,174.994919,136.337570,259.464752,0.599475
74,562.422852,157.915298,576.608643,189.460403,0.506086
74,540.662659,162.791290,555.857666,192.550797,0.328835
74,76.521996,175.155151,113.120071,260.969055,0.327345
75,695.826660,155.813110,756.128296,268.290924,0.832899
75,405.143402,149.928802,475.268707,300.322449,0.778650
75,325.981110,166.975922,349.352997,224.610001,0.584252
75,102.009903,173.628922,134.034668,255.832336,0.583693
75,561.790466,157.876678,575.808838,189.102173,0.576060
75,393.798065,159.389130,437.874878,251.362396,0.570058
75,31.110739,176.861313,75.687103,252.924377,0.328828
75,541.641357,161.449860,555.224182,190.172699,0.320749
76,417.162628,150.166901,483.549744,296.513763,0.850136
76,716.324646,158.751175,763.597595,270.058044,0.808779
76,561.537720,158.050369,575.748047,189.232529,0.592170
76,99.578720,175.222946,130.401718,260.993774,0.570292
76,409.641907,160.878311,450.059052,247.585922,0.553845
76,10.972772,175.910095,54.035065,260.208954,0.380196
76,80.182846,174.431915,109.370361,252.781799,0.319754
76,541.704773,162.205276,554.892761,190.212112,0.305231
77,427.484894,149.275528,494.946686,296.990479,0.829831
77,97.227394,174.124374,129.833176,258.921844,0.587332
77,732.809937,158.466415,777.063538,276.920807,0.571458
78,736.899597,164.044128,803.302002,273.316559,0.829987
78,435.143372,144.254730,504.379150,296.302734,0.813601
78,92.878555,172.623459,129.409546,269.814758,0.722420
78,73.675369,173.363205,107.277473,258.494934,0.531291
78,562.253235,158.812439,575.717468,188.959457,0.352903
79,755.350037,159.250183,818.147034,270.499634,0.827093
79,447.692566,143.895721,517.363647,311.893860,0.782151
79,89.351234,174.082825,129.848022,266.233063,0.740871
79,560.922485,157.589111,575.331787,189.486816,0.597076
80,445.913330,149.000412,522.246521,314.265045,0.835935
80,768.320129,149.928833,826.301941,281.099609,0.734743
80,88.330505,178.038574,130.568588,258.927917,0.643584
80,561.014099,158.767227,575.157227,189.276825,0.623162
81,795.868225,150.008347,840.992737,277.423706,0.822395
81,88.479240,174.606430,131.212036,272.755280,0.520452
82,797.122192,149.126602,868.295410,278.054077,0.856161
82,466.553558,149.717819,535.679626,313.561462,0.800096
82,97.982956,171.304672,134.003723,282.537018,0.525374
83,473.426392,150.633499,543.750000,306.624603,0.830186
83,806.911743,149.678024,887.930359,281.726166,0.803405
83,75.192802,174.798950,116.588882,251.680206,0.364812
83,99.905151,177.387848,136.480621,237.240112,0.344967
84,485.219666,138.431412,559.427063,316.857910,0.787159
84,825.231079,147.892822,896.938965,286.102722,0.621101
84,101.867867,170.763992,144.787109,269.103821,0.458744
85,494.996460,145.133774,573.787842,314.476654,0.834887
85,847.374390,147.025421,913.531067,288.851624,0.676988
85,107.442307,173.087418,150.910583,267.849304,0.618346
86,503.621063,146.380219,587.197754,316.057190,0.837504
86,111.088638,174.155457,154.222595,269.035126,0.655485
86,848.412598,149.388611,930.785339,293.547363,0.603329
86,560.836914,154.171967,578.222473,190.701599,0.365590
87,515.490845,143.833542,597.085938,319.569550,0.819116
87,111.856621,168.899078,159.777054,278.098389,0.537123
88,521.588928,143.863098,601.142151,315.019196,0.829999
88,876.742432,150.947998,972.497864,293.171539,0.695011
88,113.262131,161.753922,163.212891,305.403778,0.329047
89,539.811768,145.294250,613.364868,308.808289,0.833471
89,124.014374,163.572998,167.783646,286.078949,0.659111
89,909.674500,166.998505,973.380188,289.135651,0.533202
89,93.075172,169.293365,143.054688,284.042511,0.414658
90,548.799194,149.008316,634.681946,309.663666,0.838376
90,927.308960,169.545029,990.206726,288.974457,0.643490
90,537.278320,160.487549,553.641113,194.007965,0.418782
91,928.722717,152.622040,1016.558899,294.172211,0.835414
91,563.269714,147.625992,643.548523,319.691193,0.835079
91,539.016907,160.567017,553.219543,192.888245,0.603954
91,112.605942,174.585571,159.679291,292.635132,0.532245
92,943.334961,153.050171,1031.477295,290.532318,0.838828
92,567.153198,143.519424,661.631653,324.449432,0.822024
92,560.574646,156.135925,576.555969,190.671555,0.716084
92,539.458069,161.080139,553.344299,192.917664,0.666015
92,119.978470,166.789551,161.479248,283.254547,0.631128
93,582.173462,145.316696,667.861816,318.196991,0.840569
93,963.908569,155.381866,1034.818726,290.541443,0.832203
93,163.781082,169.811371,202.159149,279.777954,0.624257
93,560.882141,158.854965,576.954041,192.856918,0.596081
93,123.353218,167.584137,170.283157,292.119385,0.551634
93,540.298645,163.786743,553.169067,193.002151,0.528244
94,986.279541,153.087540,1051.795288,289.104340,0.851038
94,600.741699,149.796860,668.304321,310.738342,0.824664
94,169.754868,167.985794,209.170853,276.670929,0.796305
94,559.507080,158.815750,576.175171,193.599655,0.530547
94,539.543640,164.612183,553.057190,195.101868,0.504856
95,993.248657,155.754776,1071.138916,291.333099,0.834856
95,172.159561,166.798203,215.973816,282.778961,0.833360
95,612.154602,147.098618,685.063599,307.596619,0.828901
95,539.837219,164.424698,553.440002,195.132477,0.473671
95,559.203064,161.296219,575.875244,193.972244,0.459399
96,177.800964,169.972336,225.407257,282.637848,0.813444
96,626.561157,146.211288,696.249878,312.327972,0.808362
96,996.291809,156.983948,1088.864990,291.002991,0.793223
96,979.739258,152.614166,1009.112366,212.595337,0.422556
96,539.780945,165.302704,553.310547,194.968155,0.361438
96,559.243347,159.176331,576.043030,193.470444,0.342754
97,628.554932,152.128845,723.149414,322.718719,0.800841
97,182.051544,165.944977,232.635483,285.481720,0.800120
97,1011.745300,158.032288,1111.096924,291.513031,0.752840
97,559.321472,160.165421,576.066467,193.894135,0.411701
97,1012.231628,148.438461,1040.324585,220.202896,0.338066
98,1035.348511,161.101471,1110.406982,289.963623,0.844416
98,643.479126,147.481171,726.675964,322.602173,0.817630
98,190.472473,164.910553,236.169907,281.024567,0.814662
98,167.896744,166.510437,210.337280,281.070343,0.587948
99,197.726440,164.244339,245.771927,277.571442,0.824059
99,653.727356,146.377151,733.283875,317.340302,0.822680
99,169.350204,169.421021,219.540970,287.742218,0.802959
99,1057.821167,161.223129,1120.763184,287.976501,0.784238
100,1060.508545,154.687592,1145.216187,289.632172,0.818147
100,671.037170,142.716400,748.993774,309.537140,0.814072
100,179.690674,171.272354,227.233582,288.577942,0.796035
100,203.956284,161.268265,254.931274,286.485077,0.786816
100,559.438110,160.835510,576.171387,193.784653,0.350607
101,1072.761719,159.337143,1163.053223,288.421814,0.835117
101,185.812073,168.280930,236.876556,294.733429,0.810262
101,686.038574,148.263916,763.316223,310.679077,0.799098
102,1092.927490,160.957886,1171.693970,283.459686,0.840346
102,222.138916,166.732712,269.175201,281.675232,0.826711
102,189.759033,168.629333,240.515656,291.417358,0.793124
102,690.187012,149.692078,781.600769,321.003693,0.791766
102,980.462463,141.740265,1028.216797,240.867523,0.385378
103,1116.030640,147.305145,1183.631470,275.030609,0.841282
103,194.686584,169.276016,242.687347,283.850403,0.832275
103,232.853607,164.977005,277.828674,281.153229,0.814071
103,704.372498,148.574417,799.651733,321.491455,0.792268
103,1002.293945,141.912766,1052.313965,231.572510,0.699283
104,201.014740,168.891541,254.890289,285.153564,0.841093
104,238.338043,163.750626,284.310425,280.199585,0.821599
104,1122.705322,143.392715,1206.041748,283.549744,0.816979
104,711.409363,159.083893,776.095398,307.527344,0.807538
104,994.520386,143.679916,1024.213257,212.457550,0.723921
105,212.006165,172.247314,259.517761,281.535217,0.842649
105,246.825653,165.474121,287.679138,276.636536,0.831952
105,734.409973,146.669189,805.960815,307.223572,0.821323
105,1126.233887,162.682083,1229.250366,294.447632,0.566375
106,252.483994,165.292465,299.591156,275.715942,0.853670
106,218.435242,172.686829,266.425873,279.777557,0.839679
106,748.126343,152.468658,830.547852,311.199554,0.812707
107,224.953400,170.277390,273.993622,278.664215,0.856214
107,261.748962,165.837082,306.469818,275.601868,0.850235
107,757.906799,150.027023,842.788513,320.734589,0.820577
108,230.123383,169.023834,281.610168,285.308838,0.851041
108,269.699371,164.057709,311.922546,274.105438,0.850649
108,750.496216,159.178131,816.592590,312.340454,0.792593
109,234.471939,168.669739,288.797394,282.529663,0.852767
109,277.666595,163.614883,323.376648,274.181061,0.843584
109,784.477539,146.440094,872.716980,314.750061,0.836547
110,247.661484,171.039368,292.441315,280.216003,0.850399
110,283.817078,165.306244,331.629761,275.790131,0.839319
110,781.338379,152.083450,848.450073,301.817017,0.828027
111,295.350739,167.148590,333.532623,267.627502,0.856013
111,253.544739,168.141373,301.560303,282.517120,0.844388
111,815.960693,145.268387,889.416016,300.351166,0.815024
111,792.487305,151.056839,843.295654,279.346680,0.654920
112,804.077515,149.586746,857.484619,300.764404,0.854893
112,299.820221,165.762619,345.442688,271.074249,0.841644
112,262.624542,165.350662,310.511810,280.588562,0.828395
112,827.240234,148.314392,905.726501,307.644165,0.821662
113,810.417236,155.958328,873.555725,303.043213,0.857572
113,270.022736,166.073212,317.468201,281.065399,0.854877
113,307.886993,164.483276,356.977081,275.591553,0.847608
113,835.538940,142.839203,922.435486,315.924316,0.782016
113,874.458740,145.485825,905.139343,214.319717,0.330574
114,277.012512,168.181000,328.046448,287.989838,0.855686
114,821.590515,154.420975,891.031616,300.960205,0.836538
114,314.506958,161.567032,363.680573,278.071320,0.830801
114,883.813293,142.543137,916.292542,222.153336,0.441451
115,284.172882,169.422699,335.849640,288.021332,0.846310
115,323.870758,163.444183,369.156219,279.399658,0.819055
115,836.267700,153.377228,896.287415,286.224304,0.817667
115,858.804749,138.330750,940.966003,306.429199,0.801937
116,293.732697,167.576675,349.333618,291.399414,0.844551
116,332.205658,167.838348,377.594696,272.154572,0.834825
116,868.835571,141.822098,960.162415,302.016388,0.819605
116,848.749268,148.511536,904.824646,280.498627,0.809052
117,341.491577,166.834915,387.714294,274.478302,0.863712
117,298.221985,166.438522,353.998596,279.304108,0.832602
117,859.874451,150.828888,925.952881,291.337402,0.804759
118,889.671692,143.273926,985.500244,313.762604,0.821180
118,309.873749,162.746353,369.801727,295.236084,0.816250
118,344.050507,166.040085,392.833466,280.660095,0.806543
119,356.114349,163.718384,407.698029,282.168823,0.847233
119,900.277283,141.504074,1002.640198,315.568573,0.827982
119,312.107117,162.845581,378.730682,293.289886,0.827360
120,922.323425,147.101608,1012.279541,305.652924,0.838313
120,368.771088,167.556000,414.596741,275.986389,0.823276
120,326.511444,168.159286,380.869232,287.892914,0.800608
120,877.448120,152.344940,901.809021,194.813400,0.550657
121,370.773468,162.358826,424.337006,274.117737,0.849812
121,913.211243,152.259521,982.011963,293.758636,0.834474
121,333.662537,167.019287,394.707123,289.626526,0.807643
121,878.614990,152.842499,900.630737,193.137192,0.389531
121,920.837219,158.745178,955.006714,227.339798,0.347406
122,381.784546,165.934982,435.509247,273.067688,0.848192
122,339.666290,162.527939,401.531342,291.465118,0.845630
122,926.832336,150.318481,993.967957,294.126770,0.810852
122,960.518005,158.794754,1035.862427,304.665588,0.662369
122,932.535278,159.054611,971.517517,231.260208,0.504200
123,390.109772,164.013000,441.838562,275.190674,0.848456
123,931.011353,155.237152,1009.726868,307.085663,0.829521
123,357.948151,161.877869,410.659241,286.735657,0.825576
124,400.283203,160.585831,446.752625,275.464661,0.852184
124,363.725739,162.915894,422.846497,284.938141,0.839988
124,943.775085,146.084610,1025.135864,304.218811,0.833557
125,405.382355,159.522873,453.538086,281.555023,0.846227
125,991.724609,143.169373,1073.084595,300.521210,0.839439
125,371.902802,162.995010,428.828979,285.247864,0.833251
126,416.278473,161.973770,467.116302,272.324707,0.859472
126,385.749573,162.558411,436.905182,278.033813,0.829026
126,980.378418,147.072372,1055.561401,292.451599,0.802964
127,423.957764,161.120209,477.252686,273.859406,0.858062
127,1017.356628,146.280640,1105.337646,297.145477,0.818028
127,399.432098,164.011993,447.673828,275.291687,0.816280
127,995.266724,154.674652,1034.711792,231.103317,0.519604
127,879.549866,152.451920,898.173218,193.559219,0.355838
128,405.320923,158.825760,460.266663,287.583160,0.842117
128,1002.339905,148.209793,1072.398438,290.981476,0.825781
128,1031.869873,138.780334,1127.854614,310.527283,0.722726
128,879.057617,152.204987,897.948242,193.585953,0.553123
129,408.680786,161.013382,470.639252,286.948242,0.840517
129,444.661652,158.382477,490.244629,275.810303,0.831810
129,1040.385620,143.458679,1136.515137,307.929443,0.821571
129,1012.980896,149.250687,1080.446045,296.690643,0.725677
129,879.358521,152.762589,897.909912,193.518311,0.413114
130,451.637482,162.714676,495.950348,273.749481,0.827540
130,1024.016968,143.843185,1100.066528,295.914948,0.807050
131,458.291382,162.983917,506.213806,273.943726,0.841177
131,1043.967896,144.146133,1112.241699,290.572754,0.833745
131,1071.374146,143.030548,1174.859375,304.483002,0.730999
131,878.805359,152.866791,896.952332,193.687057,0.480678
132,449.656586,164.682480,493.521637,279.369812,0.851559
132,1059.375122,147.155640,1124.108521,289.750732,0.839448
132,1087.360840,141.314804,1180.166016,299.262695,0.813496
132,878.866394,152.818069,897.151428,193.659897,0.437634
133,475.178619,166.122894,521.613647,277.385132,0.861111
133,1108.164307,141.580353,1185.286499,296.157501,0.838793
133,1066.108154,147.853851,1136.939331,295.682648,0.829932
133,878.708557,152.885651,896.444763,193.923691,0.504806
133,1140.379395,130.177399,1189.997070,227.124634,0.335377
134,1072.074585,145.852310,1152.067505,300.232269,0.846602
134,473.045166,157.861755,525.316956,281.197418,0.839819
134,1119.893066,138.334854,1203.457153,300.494720,0.819234
134,878.817566,153.006836,896.815857,193.657867,0.506231
134,1152.745483,134.144501,1198.191406,225.059891,0.466698
135,1086.143066,147.137512,1165.096924,297.112183,0.840865
135,478.152008,163.303680,522.520020,277.125549,0.825144
135,1125.068359,141.982178,1217.177002,302.559723,0.788050
135,878.851868,153.005554,896.928467,193.664978,0.502329
135,1164.835083,135.579620,1206.425659,219.117325,0.376903
136,491.382477,163.199661,532.790161,270.733917,0.840939
136,1100.296143,138.980255,1178.795776,292.914856,0.835639
136,1136.317017,134.827362,1233.576660,309.066956,0.792668
136,878.858093,153.112778,897.320679,193.810486,0.575605
137,1113.593750,137.095993,1190.662476,286.108795,0.844823
137,500.299652,162.382645,550.219299,282.362518,0.825351
137,1156.973877,135.007996,1224.864136,290.170074,0.644087
137,879.188354,152.995529,897.300903,193.384186,0.450702
138,500.542267,162.305023,557.226746,282.441040,0.862955
138,1119.155640,138.742874,1210.646118,280.899933,0.812192
138,879.093933,153.175018,897.265808,193.456421,0.451493
139,516.381165,161.873352,566.510437,280.045837,0.853906
139,1122.484985,129.846878,1225.724609,286.769135,0.728797
139,879.206787,153.023331,897.433716,193.217102,0.405265
140,527.494995,163.469025,569.082031,276.298584,0.855400
140,1135.078247,131.347351,1226.169556,281.591156,0.718392
140,879.589172,152.798416,898.100464,193.408066,0.490450
141,535.969727,159.406540,585.420349,275.770996,0.864598
141,1151.940552,132.860291,1231.096069,282.157166,0.692338
141,879.481445,152.836426,897.986145,193.190125,0.401223
142,538.181946,157.968323,593.283813,282.864471,0.852869
142,879.668274,152.630417,899.169128,193.333206,0.554165
142,1172.406128,151.842636,1224.879639,276.048798,0.471058
143,545.823486,161.600876,601.558167,281.993317,0.848092
143,879.372742,152.966339,898.325317,193.358551,0.565647
143,1186.252563,143.580948,1223.798340,223.915817,0.545322
144,561.725952,158.895844,604.339417,277.331879,0.862252
144,879.466736,152.890396,898.288574,193.169434,0.462447
145,571.234070,158.356552,615.914917,275.740570,0.853137
145,879.938660,152.402405,898.808167,193.038300,0.391783
146,580.798523,162.018372,624.272827,274.011017,0.864556
147,582.594543,161.108536,634.172913,280.156952,0.862243
147,879.605164,152.701996,898.270569,193.185425,0.448476
148,592.811890,165.798477,639.790710,278.477448,0.868074
148,879.615356,152.911255,897.609070,193.160309,0.344291
149,602.003296,161.127945,646.376282,274.212524,0.878417
149,879.584534,152.967255,897.412415,193.285965,0.317969
150,612.652527,160.963058,656.127075,274.149078,0.870701
151,616.969482,160.699814,664.573303,274.105042,0.885180
152,623.172974,161.900177,676.722290,276.934540,0.873688
153,631.280762,162.305115,681.252319,275.886322,0.874622
154,641.568481,165.053513,685.678345,272.851685,0.871073
155,654.645325,160.474884,692.973267,267.764679,0.867603
156,659.606995,164.264099,705.199097,272.334900,0.874489
157,662.609741,163.244843,714.724670,274.430450,0.868907
158,672.400085,164.916672,720.241943,274.841095,0.864670
159,681.755737,166.171799,722.974854,268.223083,0.869419
160,692.699280,165.689331,733.470337,268.804596,0.885796
161,696.885010,166.633377,746.749817,274.106750,0.883753
162,700.609009,166.421463,755.360352,273.607513,0.870008
163,710.664551,165.429825,761.641479,270.164551,0.856879
164,721.544128,166.398849,769.761841,270.626434,0.869649
165,734.272461,164.440552,777.423462,272.254822,0.867241
166,738.616150,164.133301,787.126038,272.514130,0.868028
167,743.135620,158.735077,799.481934,274.454620,0.850340
168,749.680359,160.221619,804.850586,269.781464,0.855244
169,757.870361,158.604614,814.191284,271.764557,0.870398
170,767.772217,157.948883,823.198547,272.181580,0.875080
171,773.911804,157.047104,833.424866,273.750458,0.865093
172,783.701782,159.101547,838.309937,270.180542,0.869101
173,792.321289,160.696564,845.143127,268.390533,0.867826
174,801.921875,162.975464,851.456970,262.281189,0.854971
175,812.290833,161.270447,861.398926,268.718292,0.870776
176,818.362305,160.996384,871.603149,269.405396,0.864699
177,825.958069,160.842331,877.620972,265.656097,0.837074
178,836.729858,164.387024,886.017883,262.947662,0.855972
179,841.523621,160.820007,894.908813,268.043396,0.856152
180,850.682739,155.620926,911.496704,267.709290,0.843150
181,856.534729,156.444000,920.078796,270.929260,0.873497
182,870.865417,159.765259,926.841248,265.901917,0.865575
183,879.659973,158.913574,935.860474,264.141541,0.858292
184,882.634766,159.768768,944.485291,267.962860,0.869142
185,894.638367,160.486465,954.742004,267.290741,0.881112
186,905.106323,159.678070,963.316467,265.683899,0.864514
187,913.744263,158.121948,968.246704,263.590881,0.844097
188,926.623291,159.794006,975.630005,261.781769,0.845815
189,931.491394,158.474121,989.165710,264.606018,0.843600
190,941.211182,158.078186,997.869690,260.593658,0.849205
191,951.096313,155.705978,1006.391785,259.765381,0.867743
192,960.375793,156.689224,1013.130432,259.489166,0.866146
192,957.889832,156.172913,989.196960,207.626572,0.322344
193,970.335693,154.714066,1017.321838,258.663666,0.847891
194,972.723328,154.944153,1026.260376,259.333344,0.819819
195,979.270142,154.488419,1030.739258,259.680359,0.826199
196,976.604614,152.692520,1017.653748,235.605774,0.805236
197,989.338257,154.029541,1025.497925,244.944870,0.729756
198,996.665710,151.603439,1032.237671,243.331100,0.590405
198,980.741516,151.314606,1009.642761,212.894608,0.316206
199,1018.410217,151.758881,1067.948975,251.535202,0.804845
200,1026.370483,153.940857,1076.399414,248.808441,0.813622
200,1001.524048,154.634659,1047.741211,249.521759,0.787089
201,1033.062134,149.198822,1084.216187,250.897141,0.824029
202,1044.212891,151.630386,1091.738403,252.707352,0.869486
202,1022.112854,148.389252,1065.200439,244.378159,0.680889
203,1051.918335,150.171448,1098.301147,251.071228,0.853582
203,1026.956543,151.022995,1069.883789,248.745392,0.814312
204,1060.171997,153.201035,1107.152100,251.380264,0.868736
204,1033.601074,153.387451,1077.250732,247.332245,0.760640
205,1065.846191,152.815338,1116.447754,250.480225,0.850741
205,1039.181396,149.947510,1085.495972,245.206131,0.839266
206,1074.304565,149.594070,1124.560547,247.913513,0.847475
206,1045.744019,145.955475,1096.474121,241.094696,0.797285
207,1080.148804,145.867279,1132.578003,245.861435,0.841238
207,1052.522583,143.489334,1095.064941,232.002975,0.815486
208,1089.985107,146.202759,1138.829712,241.292831,0.823571
208,1061.113037,144.901779,1100.020874,235.397369,0.811607
209,1097.872192,144.635620,1150.401123,245.416672,0.836785
209,1065.593018,143.460999,1107.521606,236.965302,0.772035
210,1102.947632,149.238586,1154.491455,245.023254,0.840035
210,1069.705566,143.376831,1116.249390,241.283371,0.837332
211,1111.907593,143.324982,1164.663452,242.917542,0.840377
211,1075.412842,142.607925,1124.360107,238.973740,0.826715
212,1088.222900,143.222260,1135.776978,239.484314,0.840021
212,1120.010376,143.148865,1170.717041,243.899628,0.833049
213,1126.984985,142.689651,1175.554688,241.740707,0.830931
213,1099.025024,136.986740,1144.496216,237.630402,0.736466
214,1104.206909,139.547562,1147.356079,237.866318,0.862100
214,1136.728149,142.114212,1186.848267,242.998871,0.846820
215,1143.250854,144.650467,1195.420654,246.259247,0.866080
215,1108.871338,139.752823,1157.715332,238.970520,0.836199
216,1147.762817,143.386566,1198.230103,241.717285,0.847900
216,1113.553833,141.725525,1165.621460,238.600418,0.836024
217,1151.232544,142.339142,1204.591919,238.947128,0.816512
217,1115.727661,140.740982,1168.682373,235.399170,0.815656
218,1150.399048,143.502365,1203.287476,236.877853,0.813073
218,1127.307495,141.922211,1174.197632,231.147430,0.754264
219,1135.712158,141.073486,1179.604004,236.066422,0.824485
219,1165.093628,142.688934,1214.518188,237.543854,0.793273
220,1137.170410,138.406601,1185.692261,235.809143,0.819029
220,1169.095215,144.739243,1219.218262,241.047012,0.808835
221,1141.794434,141.232330,1193.272095,234.760910,0.824819
221,1177.925415,141.722900,1223.409058,235.481033,0.796772
222,1146.839355,135.451065,1200.389771,236.117676,0.842230
222,1188.714600,142.882584,1226.995117,235.094025,0.805424
223,1154.943359,135.266235,1207.680054,235.361420,0.821992
224,1160.730835,133.591171,1210.817505,238.141403,0.795478
225,1164.044189,134.670059,1215.249634,235.917389,0.795099
226,1169.064575,136.696915,1219.846069,236.066895,0.791637
227,1172.795410,137.562134,1224.820801,234.697250,0.783357
228,1177.197754,139.130020,1223.264404,228.675003,0.663231
229,1186.338501,138.649490,1224.838745,229.671082,0.674510
230,1191.169312,142.873306,1224.590698,217.341415,0.505192
231,1193.602173,142.198364,1227.228271,225.575409,0.524351
238,993.218750,148.041656,1026.753662,212.456375,0.483930
240,990.580139,148.297943,1029.183350,213.851334,0.536293
241,998.638977,144.330276,1019.111084,211.193344,0.671993
285,539.872803,163.722290,554.280090,192.294662,0.466565
337,316.408295,173.134644,341.448822,224.487488,0.601457
337,142.385315,168.452866,186.574219,264.714874,0.453657
338,309.870941,177.091827,332.119537,221.733368,0.558061
339,294.533875,173.161118,319.154663,228.227661,0.658376
339,146.483871,169.941711,182.010345,269.198792,0.498237
340,272.174194,167.192993,302.384766,233.915421,0.674901
341,276.900238,167.908279,307.253235,238.568069,0.340533
359,540.867981,168.359924,553.215088,194.140564,0.317311
360,540.800415,168.075363,553.250732,194.174301,0.366576
363,978.455750,148.317703,1005.606873,212.757462,0.730753
364,540.807129,168.077652,553.307739,194.125351,0.316957
365,983.824280,151.580017,1008.750427,209.025040,0.362293
374,540.614868,168.387924,553.167847,194.059006,0.308658
