0,390.115997,145.954926,495.313232,341.812408,0.817273
0,464.652618,144.210129,551.453674,318.103882,0.771736
0,521.496216,137.896027,543.262878,194.878922,0.754786
0,545.163879,142.112305,561.338257,189.106186,0.747469
0,564.029297,138.387344,582.336365,192.702484,0.663369
0,483.828217,144.396835,502.466675,191.944824,0.513399
1,484.790833,144.631546,504.450195,200.161240,0.860712
1,492.140869,145.655426,559.189880,318.220917,0.819034
1,406.943848,144.734802,504.856384,345.203857,0.800233
1,544.649414,139.864548,562.694275,190.606506,0.761440
1,562.534668,138.411240,580.999451,191.134109,0.602730
2,494.867737,134.603546,579.146912,334.333344,0.829400
2,484.814301,145.266861,505.018066,196.078735,0.789349
2,418.709625,144.152756,510.824402,343.216034,0.761116
2,562.737793,138.957870,581.377258,191.214050,0.631923
2,543.970459,140.699097,564.430298,196.164291,0.472749
2,455.273712,147.414429,487.562622,210.755951,0.372749
3,444.228119,141.105118,513.719421,324.610046,0.807281
3,501.798065,142.416504,593.864380,342.102600,0.805068
3,522.850220,137.725174,543.887268,187.063614,0.505048
3,505.907288,139.021484,525.454285,185.110825,0.426872
3,486.523529,143.178284,508.873779,189.400635,0.350175
3,466.422882,144.961716,500.417511,212.768356,0.301608
4,508.449615,137.628326,599.500610,337.575928,0.807414
4,445.974152,141.011566,533.529907,334.724243,0.804064
4,522.909180,137.643188,541.746887,186.532806,0.796465
4,506.454010,139.899231,525.020203,185.308044,0.614858
4,546.026550,139.750595,590.537109,242.513306,0.454380
5,521.519531,136.168945,542.151917,193.572220,0.835076
5,454.438141,135.219818,548.913757,340.462891,0.809546
5,515.830383,127.713730,618.712219,331.375977,0.794953
5,541.715576,141.728394,561.501770,190.098251,0.567809
6,541.178040,140.998123,561.221619,192.559540,0.833300
6,535.439453,134.624252,621.951172,326.501709,0.803123
6,462.355682,132.663177,564.020142,343.661530,0.802517
6,487.812866,143.744873,510.542603,197.909149,0.527256
6,521.583740,136.435516,543.343201,182.204254,0.465317
7,556.375427,146.226944,633.360229,338.505005,0.828766
7,480.972137,135.932907,574.119141,337.361053,0.813781
7,487.288361,143.256439,514.696106,212.302612,0.625679
7,539.908325,141.882843,563.223877,190.130890,0.598074
7,515.675842,137.116669,542.997009,190.800522,0.316972
8,489.854797,141.313599,514.434265,204.106689,0.820230
8,562.933350,153.408234,644.445801,338.318329,0.806810
8,506.725220,148.750687,582.747986,337.980652,0.797268
8,225.329895,138.649918,270.600006,277.009827,0.777563
8,567.599731,142.029495,585.915344,193.654099,0.768620
8,519.382324,135.639313,540.207458,192.694199,0.768298
8,596.913086,139.420441,620.254272,193.516541,0.393701
9,493.043091,139.003159,515.640259,204.428009,0.851987
9,519.010193,137.569931,538.896362,190.227676,0.822948
9,564.213623,139.786301,662.654846,338.764557,0.784579
9,226.431168,167.434921,296.477509,320.912598,0.747111
9,515.621277,144.846710,599.819031,340.025604,0.630863
9,570.859009,144.021515,589.230835,193.454742,0.551713
9,539.843384,143.113556,575.246704,216.168579,0.381130
9,603.907471,141.274780,625.207275,188.575104,0.359595
10,495.522675,139.900711,517.962769,202.772644,0.861010
10,517.825684,136.982483,538.266296,195.797272,0.847293
10,541.669067,141.582550,561.338257,198.379532,0.825774
10,581.046265,140.704132,674.465759,336.709045,0.811126
10,235.768738,129.785751,303.084900,301.656708,0.800360
10,530.758057,137.874191,618.039734,347.127106,0.785479
10,333.263428,137.839783,362.079285,221.817215,0.336739
11,542.712891,142.361832,559.833069,194.185257,0.865820
11,516.438416,137.373383,535.809265,196.188751,0.845502
11,498.079987,141.499237,518.456116,203.572479,0.834753
11,593.149780,141.274094,687.199646,339.856750,0.800038
11,244.206314,133.510834,315.117188,311.761414,0.775936
11,570.432434,142.961166,588.047668,193.931244,0.729526
11,547.893555,146.246429,630.750854,347.324341,0.712256
11,485.125610,141.353409,502.233093,187.772430,0.565455
11,333.987061,139.114410,364.140198,221.235870,0.487970
12,542.604187,141.998672,559.625366,195.664322,0.862747
12,498.482635,141.287857,519.873108,206.473282,0.856516
12,570.233154,144.368484,586.771545,193.030029,0.836371
12,516.718872,136.928833,535.196411,196.441345,0.826554
12,609.406189,144.977798,697.527039,337.857574,0.788805
12,264.957855,141.853592,331.169952,296.418610,0.785956
12,482.635193,141.160889,499.421143,188.891647,0.715448
12,564.711121,147.874390,642.350464,334.270782,0.703609
12,223.769745,127.851326,280.714417,291.935577,0.477182
12,602.421082,153.034378,624.944214,199.214691,0.454979
13,542.409851,143.232376,559.665344,196.620163,0.867008
13,499.770844,140.754364,522.287842,207.725937,0.849597
13,570.386475,144.612061,586.353210,192.372681,0.838496
13,630.355103,149.240997,707.084167,328.651855,0.819021
13,269.217560,141.381912,338.347046,308.300781,0.818008
13,574.705322,144.091171,662.132629,343.994232,0.814976
13,515.955017,137.664383,533.769226,194.417938,0.754719
13,226.418579,135.496597,293.463440,297.181671,0.714571
13,477.660126,140.134857,495.190094,189.156494,0.694728
13,606.395935,149.070541,635.251892,206.192703,0.471319
14,541.177002,143.071533,558.498352,196.423538,0.877490
14,502.371735,141.055115,524.524048,207.233032,0.855356
14,569.370361,142.024384,587.322327,195.373535,0.847318
14,592.411133,141.444931,665.503967,332.029083,0.835321
14,637.960205,146.087341,725.614380,330.943420,0.816833
14,281.101196,138.288574,364.261749,317.854584,0.804365
14,477.163086,141.394180,494.394928,190.074478,0.746861
14,515.533752,138.801788,533.019653,190.285370,0.708674
14,231.407181,133.123016,296.811890,303.000031,0.690373
14,619.583008,145.803207,650.367798,202.590179,0.471495
14,493.516144,140.464981,508.033478,181.860367,0.386957
15,541.394104,144.358231,558.538452,197.379623,0.885192
15,503.438202,140.700653,527.190247,208.466751,0.856645
15,594.786926,139.987228,689.897034,331.883667,0.835991
15,567.955566,139.558105,586.439453,196.239532,0.800985
15,644.239319,142.498672,745.491150,329.853149,0.774473
15,282.670410,144.050751,368.610504,309.844391,0.757276
15,232.016876,131.964218,304.126495,308.029816,0.751521
15,474.542999,141.400742,491.408875,190.352005,0.724510
15,517.707947,139.877655,535.130066,187.472519,0.397043
16,505.194427,142.472626,528.527344,209.560822,0.869744
16,541.057190,142.966293,559.005615,197.693771,0.856316
16,607.227417,146.131485,710.121826,345.259277,0.821222
16,305.509125,134.448990,379.336639,309.215210,0.792102
16,569.163940,141.153015,586.815125,196.009796,0.779545
16,231.925156,129.942337,321.635773,327.305939,0.742379
16,469.611450,141.561844,489.072449,190.724182,0.646855
17,541.221802,144.475677,560.271851,198.753403,0.872013
17,506.968750,139.993607,530.846863,210.607986,0.864539
17,572.315369,143.910278,588.612793,195.584030,0.830543
17,620.887451,148.361694,722.327087,344.163666,0.826797
17,316.368591,137.021805,389.367889,306.557892,0.803220
17,240.949417,181.688522,315.194611,339.750977,0.744802
17,467.733551,143.452148,487.080872,191.783981,0.502140
17,674.749329,144.153946,771.338806,322.914185,0.353602
18,542.294983,144.089355,562.078613,198.913483,0.879492
18,507.588562,139.992432,532.138184,210.651215,0.855898
18,573.060669,143.935791,590.403870,196.794586,0.842500
18,635.453430,150.062027,728.577026,351.489868,0.824320
18,264.808044,190.832794,323.861176,344.804535,0.811467
18,694.537903,161.378586,779.030212,349.846924,0.807786
18,330.460297,146.907379,401.939209,305.341400,0.799053
18,464.210449,145.044189,483.869537,191.555847,0.648392
18,1109.909424,147.691544,1228.721558,366.692657,0.640179
18,343.398529,133.079285,374.714783,207.911011,0.345827
19,509.533295,140.589859,533.013428,209.883972,0.871697
19,543.943298,142.626358,563.955139,198.663910,0.864214
19,573.716553,143.447067,591.309875,197.618256,0.844635
19,265.435364,170.423431,335.581726,343.940430,0.835879
19,1074.799683,146.713898,1229.186523,363.125061,0.826557
19,341.135925,148.755203,416.897278,301.526367,0.814728
19,699.141052,148.640701,796.925232,336.899323,0.798435
19,655.889526,140.586502,736.827454,350.580231,0.760788
19,462.190186,144.756638,481.401337,192.459564,0.686930
19,360.397522,138.396866,389.811676,203.723862,0.539929
20,544.279968,142.991379,563.840027,199.250763,0.869179
20,511.281494,138.944061,535.671509,211.215027,0.857013
20,574.623779,143.826981,592.317932,197.293640,0.839212
20,1054.060669,144.146637,1206.264893,371.794769,0.825125
20,363.825989,147.787415,426.837799,300.197662,0.798648
20,664.437622,137.473755,798.619080,364.365509,0.798123
20,267.565491,173.420456,337.326019,340.590729,0.772019
20,375.686066,139.782898,406.912781,201.455627,0.600251
21,544.277344,142.384201,563.984619,200.411316,0.868237
21,514.138916,140.098541,537.767273,210.531631,0.860833
21,673.312317,131.702362,816.323364,352.820862,0.822447
21,374.014618,147.304321,439.985321,302.986328,0.806123
21,279.002655,189.698898,350.344574,346.062286,0.800994
21,574.904602,143.517380,592.742371,197.159439,0.797667
21,995.696655,147.986710,1193.832275,369.473785,0.787077
21,387.053650,138.508362,419.534943,199.433929,0.431652
21,534.976624,138.366013,552.835938,187.351379,0.422828
21,633.520813,154.075912,645.782593,195.056351,0.312188
22,544.878845,142.051987,564.160950,200.372345,0.865898
22,514.949219,139.119843,538.557861,212.195206,0.857021
22,965.380188,154.580185,1149.985107,367.479523,0.826156
22,574.880554,143.842743,593.071777,196.139557,0.825082
22,381.494629,152.276657,460.359161,328.850403,0.811885
22,301.113556,143.124649,385.892487,315.194122,0.798576
22,685.833008,131.913971,839.812256,360.401001,0.701547
22,398.244324,138.998444,429.077942,200.213150,0.560545
22,503.548706,141.055420,519.967346,184.267380,0.513993
23,545.778687,144.701080,564.182129,198.481155,0.868263
23,703.435303,136.530136,858.305054,355.549500,0.859660
23,517.424744,140.681152,539.961365,212.567932,0.854349
23,575.028992,146.463562,592.929199,197.366882,0.809842
23,395.743408,149.678604,468.859100,309.513397,0.799250
23,308.794342,138.818985,400.045990,321.744904,0.791241
23,946.501770,155.808746,1097.984009,360.343933,0.776493
23,503.022369,140.726944,519.573242,183.621948,0.475903
23,410.485687,141.218948,444.061737,206.862396,0.408062
23,632.605957,153.026520,646.133728,194.879333,0.380659
24,761.022522,141.345154,901.781311,353.115875,0.862807
24,544.939209,144.190491,563.836792,199.781479,0.855658
24,517.788208,141.091614,540.892578,211.159714,0.846189
24,313.581238,171.038498,380.639740,344.849213,0.825091
24,946.243103,147.858383,1037.491577,348.243378,0.824137
24,575.628967,146.353638,594.011108,197.865433,0.822111
24,403.715790,149.288345,488.265991,333.726227,0.818126
24,502.713074,138.518311,519.943115,183.299133,0.774724
24,420.712006,137.246521,451.349945,211.511917,0.711546
24,348.480591,169.865234,423.273041,345.526550,0.615143
24,633.023315,153.667816,646.589233,195.083786,0.376285
24,726.385071,133.701584,814.109619,347.041809,0.316890
25,519.840149,140.834030,543.625732,213.318527,0.847170
25,543.998962,143.440186,563.679382,201.614777,0.839988
25,883.929932,143.137207,1037.502686,362.817047,0.838055
25,576.812256,146.481583,595.099976,198.969437,0.817152
25,424.942383,146.567764,499.179016,302.335266,0.809297
25,750.388062,147.146744,846.364014,344.268005,0.804136
25,501.841217,138.066971,519.473999,184.030502,0.781167
25,319.783661,153.308029,398.908630,348.481171,0.766449
25,440.463287,142.222687,466.096649,195.025238,0.568219
26,522.903992,141.358246,547.538635,214.704849,0.853534
26,542.725647,142.962158,564.043823,204.163757,0.825704
26,436.400970,147.440430,507.549042,307.206635,0.822705
26,576.555725,143.656235,595.801636,199.020935,0.811392
26,344.927399,135.612061,424.780853,337.173889,0.805257
26,758.572998,142.390274,872.248840,347.697876,0.792588
26,843.563049,144.163284,1025.815308,364.966156,0.772211
26,501.531769,138.375687,518.431641,183.206100,0.684781
26,452.198669,139.848022,479.908356,200.540054,0.606427
27,441.029816,143.241623,521.558472,334.592102,0.841112
27,522.332642,139.891998,548.665649,215.854935,0.814441
27,769.742798,150.144272,888.871765,357.310913,0.812661
27,578.600342,146.808411,597.428467,199.358856,0.796815
27,540.361450,142.531845,563.400635,205.565567,0.793012
27,358.339630,133.452377,442.497833,336.294495,0.777203
27,848.532593,160.129944,967.812439,373.845032,0.734046
27,500.690399,137.988449,520.819519,185.684082,0.639154
27,467.917053,139.457733,494.606232,191.838882,0.496379
28,453.905731,129.056580,533.105957,333.220276,0.832191
28,816.377869,145.773636,991.611816,367.646179,0.814982
28,525.104187,139.849228,552.155334,215.964752,0.809704
28,580.648499,146.451553,599.492920,199.765640,0.799687
28,372.794220,130.087799,448.083374,309.903229,0.792988
28,500.493988,139.325714,521.257568,190.169952,0.592831
28,540.682739,140.620651,562.910889,207.335114,0.535290
28,336.403717,145.680283,363.194916,219.706146,0.368223
28,478.990448,141.609283,506.596985,201.138489,0.349438
29,783.645447,142.370697,959.870544,359.002106,0.857620
29,466.361694,135.955597,550.643005,329.149597,0.824664
29,383.651642,132.825516,459.141357,308.125946,0.818775
29,529.039612,139.420227,555.005676,214.976761,0.810904
29,582.534729,144.950058,601.002197,201.692062,0.809173
29,335.379547,144.135757,362.744720,221.406067,0.588379
29,544.392517,140.587082,565.133179,202.962524,0.453487
29,490.763947,141.277893,511.992950,192.216003,0.419785
29,557.957092,139.267700,575.512512,179.744858,0.347717
30,847.538513,149.379318,1023.821716,362.408539,0.862346
30,583.762390,145.433167,601.939819,200.002548,0.829783
30,492.232849,140.628052,560.577026,326.125549,0.823705
30,387.750519,138.596588,484.059418,344.211365,0.781652
30,538.065308,142.154144,563.197876,205.542572,0.743463
30,780.409241,156.544464,899.293030,363.397461,0.655375
30,515.052612,141.590958,537.209839,188.212967,0.635148
30,493.809509,139.732269,511.970337,182.826767,0.597190
30,336.717621,147.276947,363.122986,218.419510,0.566499
30,633.111938,156.470093,645.625671,195.112854,0.430309
31,806.885620,146.423950,998.003662,362.462952,0.851006
31,773.223267,157.309937,873.118347,357.304993,0.818857
31,504.537201,146.070969,574.390320,335.487427,0.813874
31,585.100647,146.847763,604.037842,200.051178,0.809965
31,404.274933,134.219162,495.201263,350.734283,0.740398
31,546.637817,137.113419,567.614624,189.360062,0.725148
31,337.231354,146.838150,362.932373,217.986526,0.706846
31,493.600800,137.954193,513.328369,182.976822,0.599837
31,375.280365,140.050842,411.970490,216.443863,0.431666
31,527.318176,138.387344,554.699707,192.371323,0.428434
31,437.397217,134.918076,467.415070,198.509094,0.352734
32,854.520203,133.615204,1016.711548,363.758301,0.858993
32,585.022095,146.571075,605.817688,200.900955,0.850181
32,518.260559,135.873566,589.066650,323.087799,0.821971
32,421.666534,142.367065,493.739929,321.701324,0.819522
32,756.267761,150.496765,831.207214,328.906494,0.767944
32,337.082947,146.151062,364.053192,219.045502,0.622318
32,368.757996,139.407440,406.627716,226.006485,0.601106
32,544.996094,138.592072,566.056030,190.539612,0.538676
32,486.604156,139.306747,505.361603,183.062668,0.506603
32,564.361633,139.039719,582.463013,185.394562,0.493718
32,521.520630,138.382889,542.983826,185.351837,0.487843
32,449.574310,133.787659,481.159790,199.294449,0.418715
32,939.895264,213.450882,1036.923340,367.401276,0.341282
33,874.394836,143.952271,1032.380859,364.466980,0.867141
33,731.952759,153.063278,808.273499,329.854034,0.843950
33,530.252441,130.740005,612.519226,327.914520,0.833744
33,521.621033,134.336472,547.417664,203.802307,0.767239
33,429.348114,129.330887,506.264587,329.604553,0.750762
33,553.935669,140.191742,580.412170,198.551407,0.685631
33,337.726807,146.759079,364.311737,217.769135,0.569561
33,582.465271,148.814728,608.029541,202.873062,0.519375
33,536.375793,141.063095,560.195557,202.869354,0.350000
34,900.362061,142.461502,1070.250977,365.093262,0.852171
34,539.855713,140.699738,625.351257,332.188721,0.840674
34,713.155334,153.433838,797.341187,336.750916,0.839711
34,522.274719,131.975098,549.275513,205.944748,0.744305
34,536.554138,137.847076,565.067566,214.687790,0.717224
34,446.506866,121.059830,512.182617,300.142365,0.692750
34,565.385132,145.366272,595.129272,210.419312,0.423215
35,560.213013,145.234482,639.281616,327.355438,0.849814
35,542.395264,141.109131,567.676514,217.981613,0.833360
35,522.252380,133.625168,546.560303,204.878281,0.816888
35,688.160522,156.220306,774.107605,337.306488,0.813106
35,454.303619,123.944267,539.191040,334.121063,0.668651
35,928.635193,148.604614,1030.952881,361.095581,0.648918
35,576.243896,145.723526,611.290405,220.925598,0.585041
35,456.885529,136.323776,493.088226,229.875778,0.425330
35,979.563599,212.279877,1116.039673,383.274353,0.345763
36,540.835632,136.858841,570.548340,221.348221,0.865603
36,674.250183,161.242676,742.953003,328.969513,0.853492
36,568.406921,134.952560,663.608459,353.161499,0.842671
36,932.817383,136.503876,1126.080933,361.542755,0.746970
36,473.079712,120.424965,541.551147,298.641022,0.730552
36,523.618469,135.933807,547.134827,202.980804,0.630658
36,585.407837,143.057129,623.353943,211.370758,0.569787
36,481.808868,141.386475,501.482788,182.902496,0.337047
37,583.095154,136.086594,671.498840,350.838287,0.845918
37,649.315308,149.024368,728.113770,343.679138,0.836594
37,544.391296,140.541595,573.007812,223.789764,0.789438
37,589.427795,150.609741,610.412048,200.862396,0.767747
37,487.277313,123.915184,561.535522,313.841949,0.751537
37,947.143799,137.796478,1155.969360,362.441376,0.697809
37,488.715668,138.662704,507.472961,181.746368,0.601291
37,605.416626,141.613663,638.587646,205.685379,0.599147
37,328.734589,135.602219,365.534180,221.886383,0.577441
37,523.153076,132.062515,556.198486,199.845673,0.521904
38,590.645020,147.019897,612.730896,205.001404,0.818438
38,591.054077,132.814453,683.012634,357.533539,0.814949
38,501.501984,124.940948,585.844177,321.521851,0.783358
38,328.578369,138.571396,362.032074,223.497650,0.730638
38,981.467041,145.353897,1173.700195,360.288361,0.688428
38,618.358643,142.257294,655.806213,214.500565,0.609587
38,488.353485,139.845840,505.758942,184.414398,0.607378
38,525.275696,137.731506,546.923523,190.242645,0.505717
38,462.777496,142.267410,479.857758,186.113785,0.466595
38,552.044495,138.056091,581.525024,209.791473,0.419226
38,508.286530,139.168823,526.056091,180.557663,0.393563
39,590.579041,141.573502,614.470154,206.114059,0.835012
39,516.223572,128.549393,606.966309,342.541260,0.815496
39,606.146973,138.379791,704.092957,352.683411,0.808614
39,521.755310,135.732880,548.774658,208.747101,0.721149
39,1024.910156,151.174042,1197.898682,364.585602,0.683647
39,479.130127,143.198227,495.323578,182.479996,0.617962
39,549.909668,130.071457,588.427124,214.430099,0.536044
39,632.367798,143.463242,670.021851,218.056885,0.521540
39,574.327881,133.577011,599.967407,199.324493,0.452333
39,490.543152,140.787918,508.883728,182.895203,0.326146
40,533.662720,125.913910,617.303406,340.995544,0.828572
40,522.270508,135.862244,547.685730,210.021393,0.825547
40,583.323914,147.133896,661.647095,342.032410,0.812360
40,1056.218750,142.326935,1225.609497,366.449066,0.800815
40,624.795715,139.712524,717.695190,346.346619,0.800435
40,568.015808,132.748367,601.474854,199.304092,0.706390
40,589.355164,137.156570,620.156860,205.236481,0.658767
40,489.651215,140.091064,506.887695,183.903610,0.658120
40,477.835602,142.330185,493.504547,185.083603,0.622008
41,523.687012,136.572067,548.326965,208.411316,0.860986
41,1074.946289,131.563507,1226.449341,367.858215,0.825507
41,644.099548,132.748337,731.278687,342.092224,0.810639
41,538.338562,130.252579,655.939941,369.412781,0.792188
41,488.519348,138.015213,508.063263,186.706146,0.765946
41,550.798218,144.392929,579.693604,211.380081,0.715817
41,580.351379,133.760300,625.430542,215.451813,0.654880
41,476.915497,142.545639,492.053589,183.626846,0.518822
41,336.570862,147.762924,363.499390,218.399780,0.481795
41,663.407104,142.631119,709.431213,228.027939,0.367191
42,525.084595,137.523621,548.588928,207.713745,0.848291
42,547.618347,141.044540,657.581177,364.730743,0.824780
42,658.787842,134.988770,741.105469,334.570679,0.796953
42,1097.116821,142.016586,1228.729858,369.137573,0.789016
42,552.249878,141.738449,576.044495,213.200333,0.766429
42,608.102234,135.029800,644.661743,208.770844,0.685710
42,486.199860,139.940948,503.767548,185.815338,0.655371
42,475.786987,142.135910,491.675232,184.648941,0.499096
42,335.045715,145.839935,363.253937,220.269913,0.453272
43,524.359253,137.671783,548.596069,210.097122,0.864560
43,674.952454,134.985840,770.680664,323.371490,0.822190
43,531.938416,143.369354,613.197144,342.427155,0.805782
43,582.716187,128.723999,668.077393,344.810181,0.796755
43,617.348511,133.802994,653.395935,212.545563,0.700367
43,596.942505,147.046997,622.309814,208.131760,0.699789
43,546.542297,140.125183,576.740051,218.214188,0.671870
43,335.900848,146.408356,363.256989,219.531067,0.541497
43,1134.102173,166.768494,1226.872437,361.843048,0.429553
43,418.268982,143.447037,447.530701,197.528839,0.333690
44,513.332642,155.485779,592.083130,330.138000,0.857576
44,558.640198,140.953720,588.436768,225.993439,0.820238
44,686.439636,133.341980,783.225220,342.175537,0.788064
44,599.713135,146.940353,622.509888,207.122375,0.783883
44,580.919617,140.220230,698.430420,358.268707,0.774300
44,525.713989,135.597824,551.127502,200.377609,0.724277
44,635.673584,118.689980,672.079834,208.172073,0.707708
44,509.534485,140.950882,528.328674,184.350616,0.652013
44,335.862183,146.077255,363.363495,219.916733,0.506541
44,484.112457,140.546875,502.709625,182.920288,0.325085
44,473.328949,141.248520,489.163879,184.245148,0.308741
45,602.766541,148.701523,624.003052,210.063202,0.850706
45,562.838684,141.921829,591.043152,224.225845,0.846223
45,486.477386,153.079269,568.863342,340.197815,0.818458
45,550.841797,140.659119,575.870483,213.573349,0.794499
45,713.778442,141.982101,804.488159,324.371246,0.792738
45,613.181091,137.065002,730.892822,355.095520,0.785164
45,525.435242,135.816925,551.093323,216.297852,0.761394
45,646.450806,118.760658,682.286133,212.238739,0.726165
45,335.151703,146.287308,363.383087,220.207657,0.461197
45,506.588257,141.013336,528.862732,194.255661,0.392474
45,480.046692,139.037979,497.455658,184.092148,0.317863
46,632.651367,145.062225,739.425415,353.376129,0.871441
46,525.003113,135.903732,551.349915,211.004623,0.842589
46,604.134338,147.470764,626.341553,209.085083,0.835538
46,564.515625,144.091934,594.412598,227.766754,0.831370
46,702.047119,123.292603,824.395325,335.953796,0.799698
46,475.020782,152.374786,545.125793,318.015533,0.759300
46,662.798523,120.559242,697.374939,213.729324,0.660656
46,243.008682,129.098831,281.877502,251.817520,0.489750
46,335.469330,146.661682,362.732758,219.173965,0.419290
47,526.080566,135.174469,552.279663,211.911087,0.871668
47,605.694397,145.378326,629.047119,210.601562,0.853449
47,555.479858,142.042114,582.381348,217.981842,0.853375
47,641.979614,125.844452,754.648254,351.380829,0.848773
47,712.581482,130.746002,842.096008,337.175690,0.818184
47,568.910828,143.279205,597.840454,224.078415,0.818072
47,442.928040,145.407211,533.587158,338.092438,0.797295
47,501.845734,143.501236,521.032959,185.745209,0.722197
47,474.128754,140.862366,496.506592,191.862869,0.348254
47,681.419861,128.816116,719.768250,220.768753,0.307477
48,668.765564,130.470459,790.516724,352.902069,0.893696
48,607.711182,145.827072,630.871460,210.331299,0.864505
48,527.013794,135.286819,553.038147,212.812653,0.863713
48,572.472778,142.358673,600.558777,227.429672,0.848261
48,559.582214,144.052704,582.495667,212.924072,0.834429
48,499.614105,142.530579,518.488403,187.516602,0.812453
48,434.715576,154.140900,517.558777,330.671997,0.812258
48,699.682800,126.517166,741.800537,226.131927,0.495726
48,450.315857,140.020172,473.240601,199.865082,0.481323
48,478.336090,138.437927,495.362732,182.478622,0.382442
49,684.507141,128.215546,804.138123,344.544037,0.883302
49,526.701721,134.869263,553.143066,212.720001,0.868689
49,609.152527,145.878296,632.681763,211.507538,0.860175
49,573.404358,140.999756,602.579834,229.650604,0.857499
49,560.122437,143.671707,582.586060,212.258591,0.857200
49,409.189087,144.606491,492.618500,329.124969,0.743847
49,334.284607,141.763397,362.870087,222.063171,0.541842
49,770.201050,130.320892,874.211243,359.802948,0.503514
49,468.200806,142.558517,483.564362,184.277039,0.491662
49,715.060547,113.983818,766.122742,240.587479,0.455762
49,477.238190,139.288345,495.189850,184.747742,0.337173
50,696.777100,123.935104,825.857117,343.619293,0.888679
50,525.613037,133.574982,553.728760,215.549072,0.871801
50,561.472046,143.299179,584.020203,213.252151,0.866793
50,611.572815,147.404205,633.840576,211.260223,0.854565
50,577.389832,142.590729,605.262512,225.660370,0.850037
50,760.873108,131.151901,905.106384,335.626923,0.825316
50,494.260742,143.234818,513.362671,187.307663,0.794515
50,392.796814,159.270660,470.815979,323.862061,0.770573
50,474.453094,138.688004,492.890808,186.902618,0.720977
50,334.313416,142.930954,362.884277,222.609100,0.645715
51,578.758118,142.897400,608.965149,226.877228,0.878525
51,708.238525,127.768723,842.820190,342.866058,0.871711
51,562.316162,143.795731,585.619202,213.501328,0.867481
51,526.810547,134.869110,553.899719,214.501053,0.865576
51,612.381592,147.630722,636.281433,213.418594,0.864169
51,785.174561,140.937363,943.384705,352.489746,0.855597
51,335.374207,146.892517,361.787109,220.495453,0.700795
51,464.789093,143.895386,479.578552,186.817398,0.647186
51,491.409302,144.206711,511.532440,188.308929,0.625688
51,477.049866,143.563934,491.768890,187.116684,0.529293
52,721.077881,130.874557,846.141235,351.643097,0.886509
52,562.773438,145.457855,584.844482,212.782959,0.864124
52,583.043274,144.431915,611.036255,226.464005,0.856942
52,615.361084,146.942398,637.231689,212.496552,0.850945
52,527.091797,137.091278,554.859436,214.281815,0.846139
52,809.021973,130.119659,955.652283,356.049011,0.818305
52,351.725739,152.833740,431.835999,318.596405,0.780134
52,462.991333,141.934921,479.630554,187.536880,0.732113
52,488.524506,146.127045,507.796631,186.941528,0.698292
52,334.740509,147.953156,361.322083,218.503784,0.655800
53,561.780396,141.847992,588.602600,217.115829,0.881453
53,738.958252,126.785904,888.240845,338.127747,0.861983
53,584.044312,142.147125,613.725098,228.903137,0.859223
53,529.616333,136.268784,556.186951,214.443558,0.856514
53,827.029541,131.284012,981.884583,356.889648,0.847631
53,616.433228,144.252502,639.596130,213.344482,0.832173
53,337.245117,154.721832,415.896545,314.203735,0.782850
53,462.287415,142.852158,478.581116,187.050201,0.733635
53,333.847473,146.690231,362.438538,220.256531,0.382943
54,588.338562,141.890961,618.245056,231.305145,0.873709
54,760.912598,122.155128,908.740967,342.211700,0.872329
54,563.429504,142.966934,587.774536,216.322205,0.869417
54,530.548767,134.571350,556.622742,216.543274,0.840699
54,617.552307,146.188644,640.600464,214.962402,0.835161
54,321.404877,160.864960,387.436493,323.474579,0.753795
54,848.494568,127.376572,1028.200073,359.669769,0.750566
54,461.240723,143.716599,475.516449,185.428268,0.610446
55,563.825134,142.136673,589.824158,217.794342,0.880846
55,593.095642,141.422409,622.754822,234.707458,0.845227
55,781.550049,111.463844,949.027954,343.020294,0.840600
55,619.919006,146.331360,643.587524,214.907776,0.824497
55,531.275513,134.382095,558.089417,218.160172,0.822149
55,319.296112,167.775116,385.932068,326.897278,0.819526
55,880.393982,135.131027,1058.827881,351.576324,0.741761
55,458.416412,142.086411,474.427948,188.005783,0.709944
55,467.095062,141.870209,483.319061,186.638336,0.526926
55,480.480804,145.915192,500.740967,187.689987,0.354581
56,564.848694,143.132629,590.771912,218.137909,0.879818
56,592.854370,142.483185,627.198914,238.285446,0.862602
56,532.694702,137.232330,559.534485,217.915802,0.842748
56,813.548645,110.791344,958.764343,351.383881,0.837027
56,621.457214,145.978745,644.613525,217.273071,0.836929
56,291.487976,150.625183,372.354431,330.883331,0.811296
56,905.360474,131.632629,1076.615112,354.292603,0.759752
56,456.674469,142.863693,471.625397,184.976288,0.597860
56,466.887512,143.599518,485.966614,187.839844,0.424391
57,566.798401,142.682571,591.958923,218.574402,0.880479
57,533.702759,136.535461,560.502991,219.213943,0.862266
57,597.667480,144.151306,631.350159,239.082504,0.855774
57,834.266663,114.119301,975.535950,347.943359,0.852988
57,623.333313,147.219025,647.306580,218.815826,0.801807
57,276.295563,150.070145,351.778839,333.491089,0.793758
57,922.838135,136.356354,1090.111694,352.727905,0.787382
57,454.637939,142.980606,470.587585,185.689026,0.502027
58,567.657410,141.248413,593.278442,218.555801,0.882347
58,603.871765,143.564987,634.368713,236.998062,0.873600
58,535.916138,136.449753,562.644165,221.348160,0.866736
58,856.328735,119.796501,1004.386047,348.878967,0.842307
58,259.825928,144.944717,334.009888,337.193298,0.809366
58,948.564026,137.987640,1121.911133,359.481842,0.794994
58,627.309387,146.785538,649.768555,215.815857,0.792746
58,331.747223,146.873077,362.245911,222.587479,0.554855
58,453.827545,144.049957,470.557587,186.561981,0.530589
59,567.795349,140.265152,594.651367,220.620514,0.882382
59,605.277222,142.083817,637.592529,241.213028,0.877401
59,537.971985,136.088776,564.567932,219.623215,0.851901
59,887.974121,129.832764,1034.744995,341.015961,0.836435
59,629.990540,147.134109,651.474548,210.171906,0.808751
59,988.330444,141.447906,1171.441162,363.400848,0.768549
59,246.078644,135.287918,322.781708,316.760742,0.765420
59,331.001770,140.666809,362.423065,223.632523,0.700819
59,452.812378,144.319473,469.679413,187.717194,0.558530
59,296.963959,139.935837,327.252625,230.972244,0.335219
59,422.856842,140.762878,447.370361,192.407806,0.324982
60,569.342041,141.716171,595.068787,217.636673,0.880527
60,538.858032,135.460861,565.848328,220.577835,0.862957
60,608.682434,141.396393,641.240540,242.118042,0.859285
60,916.769043,124.499680,1054.456543,355.450165,0.845354
60,1015.853455,128.327347,1193.178833,358.058380,0.776407
60,632.080261,147.067825,654.767700,209.876205,0.706301
60,233.918533,135.142548,295.268585,293.390167,0.639881
60,450.463348,144.310379,468.695679,189.950928,0.506485
60,422.329956,141.766510,445.559296,189.370590,0.311639
60,333.706665,139.773972,360.604309,219.136826,0.305565
61,570.694031,141.349457,596.789673,219.125793,0.870912
61,539.830261,135.839066,566.813416,221.300354,0.857183
61,939.867004,124.776604,1083.093750,355.521912,0.847307
61,610.225952,144.022186,644.849365,241.987793,0.841703
61,1050.849976,113.134720,1231.096558,360.971344,0.784415
61,633.062866,149.349487,656.994995,221.578674,0.719954
61,230.421692,148.028244,273.386383,274.809204,0.707473
61,420.347351,141.883209,443.413055,190.057449,0.513816
62,570.519958,142.488251,597.844788,220.168823,0.878791
62,969.781860,125.965851,1101.133789,344.824127,0.869402
62,542.441589,135.859421,568.961304,219.063263,0.860890
62,613.769653,142.242264,651.177063,246.414383,0.857640
62,227.150681,139.868881,270.264069,268.458160,0.697146
62,1091.973511,109.332619,1225.405640,355.835419,0.650853
63,571.403809,140.352768,600.627502,222.354767,0.886967
63,619.081360,141.847473,657.620056,251.231918,0.862408
63,542.509766,134.748398,570.081116,224.795639,0.843720
63,982.765015,135.789551,1160.506226,359.405853,0.735206
63,1057.293945,78.620010,1144.252930,261.935516,0.698105
63,455.852661,142.379883,478.642761,191.663223,0.685162
63,419.338806,143.651962,439.466644,190.571655,0.510712
63,443.785675,142.900803,464.254639,191.733704,0.467645
63,334.079712,142.376862,362.215271,220.237946,0.365533
64,572.823547,139.176147,602.430420,225.193375,0.888007
64,623.693604,141.699158,661.248169,249.908600,0.876586
64,542.979065,135.983215,570.722900,220.369858,0.851770
64,1023.840820,135.566284,1212.858765,359.012421,0.779489
64,449.107819,141.343399,472.530762,194.876007,0.732066
64,1094.310547,86.544243,1187.742676,259.254944,0.727598
64,335.424561,147.418976,360.781586,217.044235,0.572481
65,575.110413,140.708023,605.202332,223.547684,0.887839
65,626.521118,142.586273,666.231567,249.182465,0.858097
65,545.411255,137.493896,570.977783,225.039139,0.852530
65,1060.129150,138.095917,1226.285156,361.857666,0.813175
65,335.914886,147.190842,361.612427,217.372375,0.763826
65,446.581024,143.018692,470.391571,193.510056,0.602128
65,374.105072,139.968079,399.624573,206.558289,0.460659
66,578.693604,142.419250,606.405457,222.333969,0.882415
66,628.053284,142.511414,673.532043,254.417160,0.871810
66,547.190308,138.847122,573.612305,226.396759,0.843899
66,1113.175537,137.697479,1227.009766,363.189789,0.811626
66,336.031738,147.535843,362.283691,218.424988,0.764638
66,371.253754,141.329132,393.765717,205.213120,0.610637
66,413.313751,139.847260,433.567902,191.032318,0.379147
67,580.490540,142.704056,607.594971,224.886871,0.892116
67,633.562195,139.828369,678.715759,255.595551,0.864080
67,546.798889,139.066071,573.802490,222.975266,0.859699
67,335.891632,147.535629,361.655090,216.899902,0.751686
67,367.172272,141.541519,393.039734,201.527832,0.332673
68,583.690552,142.788086,611.284851,224.556305,0.894019
68,545.937561,138.059555,575.465393,223.250473,0.872207
68,640.325562,142.439468,682.824585,256.129242,0.861995
68,335.381500,148.232224,361.516571,217.777496,0.700317
69,585.346191,141.296875,613.090271,222.410217,0.877134
69,547.999451,137.347107,575.961060,226.923233,0.859541
69,647.224121,140.329193,687.540283,250.036346,0.836001
69,335.696289,148.614380,361.955322,218.014435,0.733629
69,603.299744,148.597473,621.861877,193.401443,0.369620
70,587.309265,139.900604,616.549683,224.227905,0.882859
70,547.872864,136.261246,577.298889,228.680313,0.855347
70,651.207642,139.771027,693.753845,256.699554,0.847050
70,334.051056,144.026398,362.849213,219.797592,0.647975
71,589.560120,143.599915,619.349915,225.932907,0.877523
71,548.837402,134.893860,578.594788,230.554611,0.870927
71,657.712158,140.683472,703.421692,262.618530,0.861673
71,332.932678,141.183167,363.357452,219.983353,0.442082
72,549.123413,137.053436,579.417297,229.673309,0.875384
72,592.283386,143.503342,622.263428,229.080307,0.872631
72,660.983032,142.511749,705.839233,266.656006,0.861703
72,335.582977,138.324036,365.897034,222.619858,0.573858
72,653.715698,150.410248,679.233276,219.923035,0.534716
73,594.544678,144.017639,624.393066,227.316971,0.877007
73,551.551025,139.683716,579.973938,228.049911,0.861027
73,671.972290,141.867783,714.967590,264.198151,0.849073
73,655.197571,149.546036,679.866272,221.582260,0.819997
73,334.489441,137.947235,365.020508,224.366943,0.429212
74,597.152100,143.527267,628.003113,229.503876,0.884158
74,678.139893,142.700287,721.427124,265.948334,0.861698
74,551.191650,136.273651,581.307007,228.410492,0.859744
74,658.830322,148.384354,684.121948,223.565857,0.848978
74,334.259186,137.443375,362.930634,220.113052,0.645103
74,427.957886,137.022537,453.434265,192.650894,0.498109
75,599.506531,143.386993,631.643921,229.843948,0.877590
75,678.812317,143.792465,729.369019,269.747345,0.871926
75,550.319824,136.728851,581.765381,232.043594,0.866119
75,662.469055,150.359421,689.581909,224.244370,0.857891
75,427.815826,137.486221,451.807312,193.757767,0.682349
75,332.959900,135.857529,362.919067,220.023544,0.600644
76,602.536743,144.489502,636.430420,230.996277,0.886569
76,681.664978,144.827606,741.433105,272.687408,0.870424
76,553.176086,136.030762,583.090149,232.832642,0.863965
76,665.014038,149.703140,692.446411,227.929199,0.854947
76,426.122955,137.047043,449.747375,193.922729,0.765646
76,332.017334,139.703613,361.375732,220.759125,0.758268
76,625.883423,151.615967,645.305176,196.994949,0.319808
77,605.025818,145.385056,637.981018,229.954773,0.887511
77,689.984497,144.492294,748.138000,273.411133,0.879490
77,668.055908,148.982727,695.215332,225.320343,0.865164
77,551.567200,135.667221,584.576111,235.716766,0.837211
77,423.754089,137.516937,447.474487,193.782730,0.713825
77,329.972229,137.347351,361.176910,221.939865,0.629628
77,631.388000,152.261536,649.846313,195.820663,0.607145
78,607.792114,145.611755,639.731812,230.542374,0.876180
78,669.958862,148.799957,697.442627,222.565445,0.875286
78,553.419678,135.830368,586.447449,233.056107,0.863200
78,702.480225,143.325806,750.981018,275.351196,0.859980
78,335.481537,146.900696,361.924164,219.329437,0.582330
78,420.658997,137.111481,445.169617,195.127197,0.570209
78,633.117371,150.724854,653.249512,196.014206,0.445745
79,610.368774,145.243439,642.744690,233.405075,0.876248
79,669.453735,148.672897,701.340027,227.990707,0.865371
79,555.807678,135.746155,587.978271,233.996658,0.864692
79,709.334045,143.743225,756.848328,270.894836,0.845213
79,335.229706,146.177841,361.301666,218.864136,0.581372
79,419.241486,136.824539,443.430481,192.162842,0.476217
79,631.502319,151.647568,653.675171,196.668274,0.397199
80,610.995728,144.408737,645.947510,234.280655,0.876231
80,672.940796,147.983551,703.259216,226.623734,0.869809
80,556.599792,132.355347,590.573914,235.521042,0.859540
80,712.525757,143.932129,765.922058,280.365326,0.852623
80,335.541077,146.262344,361.831329,218.925613,0.614102
81,675.518616,148.523163,705.461670,228.049683,0.872065
81,613.676636,145.634384,648.026245,235.563843,0.868649
81,714.508301,145.908356,775.597961,284.240509,0.860107
81,558.363953,129.535538,594.039124,238.479141,0.849196
81,335.253357,146.296738,361.813080,219.525696,0.694823
81,417.494965,137.848633,440.237549,195.391037,0.622327
82,676.417969,149.179291,709.266541,230.870346,0.882486
82,615.001465,142.914169,653.100098,240.964172,0.880425
82,558.891113,131.268188,593.623718,236.942764,0.858105
82,721.286499,147.311401,781.107727,287.133453,0.854479
82,333.847839,142.384094,362.534760,220.999924,0.602440
82,414.325714,138.619995,437.641693,192.937363,0.350331
83,618.971741,142.900497,653.835266,236.712296,0.894676
83,679.491882,148.347549,712.319580,232.214874,0.872101
83,557.551941,129.638412,598.109680,239.163223,0.870021
83,733.394531,148.052078,790.067566,287.800934,0.865779
83,335.391327,146.044907,361.579620,218.601074,0.595023
84,622.616150,144.055328,657.011719,237.081406,0.890772
84,559.715332,128.518448,601.600525,240.514160,0.874895
84,682.778442,148.086578,716.600403,233.901443,0.868936
84,735.847717,144.668793,800.430786,289.496674,0.855576
84,334.598877,146.486847,361.711670,219.268906,0.683737
84,410.064636,139.905792,432.915588,196.722229,0.596456
85,624.830505,145.538437,661.145874,239.187790,0.897095
85,564.477051,130.790588,602.434143,240.147415,0.872667
85,741.215454,145.350082,807.034363,289.950714,0.868742
85,684.846741,148.682373,720.190613,232.777771,0.863986
85,334.073395,144.353928,362.563660,220.086044,0.675701
85,477.731537,144.261261,493.847809,181.280334,0.343433
86,627.084473,146.485184,664.630859,239.490112,0.889084
86,689.700867,148.140396,723.988647,233.835266,0.870475
86,566.908081,128.878006,606.382751,245.408966,0.868838
86,746.424377,142.382187,819.787415,298.524445,0.862959
86,334.754517,147.045044,361.020630,218.461685,0.650607
86,406.836975,137.663391,433.177032,204.382690,0.432447
87,629.677612,143.525177,669.424011,242.222168,0.891311
87,692.166504,149.998688,727.637451,234.196320,0.869791
87,572.902832,127.805054,610.351257,244.976379,0.861739
87,760.819641,148.409958,821.647888,295.656372,0.855179
87,335.253387,147.560120,361.138641,217.046829,0.556823
88,629.984009,140.408966,671.093689,247.220352,0.889940
88,696.132874,150.389908,731.730225,236.335907,0.875938
88,770.863525,145.537262,830.989075,299.714661,0.855278
88,573.362305,129.366226,612.267822,244.602753,0.849976
88,237.134933,139.146820,273.285675,259.365967,0.357557
89,631.697388,140.147156,671.388733,248.994995,0.892329
89,577.119263,135.347931,615.603149,244.150360,0.878938
89,698.964966,151.517105,735.308716,238.762314,0.871009
89,783.573059,144.716309,843.294373,303.767914,0.839498
90,633.702881,143.527008,671.278076,246.775482,0.885001
90,579.940430,135.449402,616.915955,245.400436,0.883814
90,701.635864,152.115753,739.165039,239.917297,0.873728
90,787.683533,147.669495,855.357666,311.175293,0.853773
90,238.511826,138.630692,267.687073,239.653000,0.515693
91,634.226624,143.365402,672.523499,251.001694,0.882325
91,579.521484,137.017792,619.857788,250.582306,0.868929
91,704.672302,151.565521,742.603516,242.230270,0.868183
91,793.049133,145.734894,873.892578,316.622711,0.837070
92,633.851379,140.611679,674.855896,256.920502,0.880624
92,707.851807,151.168991,745.927490,243.197250,0.861727
92,585.069519,132.460663,623.012695,253.720108,0.861597
92,807.723328,145.678558,884.957886,311.487640,0.844879
92,333.373260,142.623123,361.914764,220.464752,0.441175
93,711.112549,151.761398,751.141052,242.333023,0.885475
93,638.274841,140.552139,677.780945,254.612930,0.884639
93,826.977783,153.227814,892.701782,298.750427,0.867689
93,587.002808,127.282043,625.375732,254.064835,0.853883
93,335.399353,148.053421,362.188782,218.346359,0.673628
94,641.681030,142.516937,680.044495,255.831345,0.886869
94,586.951538,132.837479,628.693787,251.783997,0.871919
94,716.815125,152.312027,755.927307,243.388763,0.863186
94,833.804565,150.561218,914.457581,321.562073,0.801324
94,333.676208,146.695053,361.036621,219.156097,0.733554
94,435.672089,146.077698,454.119080,200.202042,0.324085
95,643.844910,145.891006,682.720581,255.890045,0.887523
95,588.111572,133.797974,632.627808,256.624268,0.874048
95,722.206055,152.183945,759.667114,244.160492,0.869789
95,839.660034,145.415222,935.785156,333.548004,0.831893
95,334.061035,146.604965,361.385590,218.916138,0.741565
96,646.874268,147.178070,686.726318,258.415894,0.899323
96,588.209778,130.119995,637.900879,261.593475,0.861129
96,724.020020,150.707474,762.705017,245.566574,0.856186
96,854.245728,146.074951,953.625916,331.696472,0.829194
96,334.044342,144.842773,360.696106,218.566071,0.535341
97,647.501282,145.407516,688.492859,262.755676,0.895694
97,596.192932,131.971710,641.690491,260.364594,0.870043
97,727.459045,151.679443,766.811829,247.855499,0.860859
97,878.270386,153.210190,960.355530,322.379974,0.834575
97,334.712860,145.206039,361.561127,218.912384,0.668763
98,650.738220,142.529358,690.173706,262.374176,0.886886
98,732.893250,151.719894,775.478271,251.211700,0.869276
98,597.815735,131.560547,641.892639,264.617981,0.858948
98,891.353271,144.445526,975.421326,327.863129,0.826745
98,335.440796,145.244278,361.513184,218.637680,0.721911
99,652.932922,143.283630,691.452087,264.953278,0.877414
99,601.203125,130.731964,645.236389,254.998337,0.868038
99,738.441284,152.616974,780.011597,250.768845,0.864065
99,903.443176,142.275116,987.736389,334.797485,0.823478
99,333.801544,140.699860,362.809692,223.195526,0.773525
99,470.040710,148.571747,484.602814,183.874786,0.410850
100,654.641296,143.361450,697.436646,265.255005,0.883659
100,605.600403,133.528000,649.704468,261.505157,0.870362
100,741.527893,152.848724,782.762695,253.473892,0.846080
100,906.156433,144.013992,1015.854309,345.604095,0.818333
100,334.671692,145.360260,361.151672,219.330139,0.773774
100,459.767334,145.771103,474.879272,186.062943,0.425965
100,444.067505,143.953979,461.545654,189.272583,0.408123
100,467.732910,147.503769,482.647247,183.449677,0.397287
101,659.433594,145.470169,701.592529,269.443787,0.889905
101,608.864563,132.950256,653.048584,260.876709,0.869809
101,746.937439,154.326813,787.461121,252.099106,0.861590
101,926.032593,143.526169,1037.851562,348.545593,0.816436
101,335.820984,144.886703,361.781189,218.810974,0.704039
102,661.268616,144.281189,705.634705,273.168304,0.888882
102,609.035889,129.703918,658.849243,268.683319,0.876319
102,751.014832,150.945267,794.282837,255.042099,0.860354
102,945.994446,143.254700,1054.051392,335.078766,0.801729
102,333.601257,140.415985,362.533051,223.281631,0.755052
103,666.922729,143.426483,708.531189,272.760162,0.872125
103,612.211731,123.918762,661.960693,271.743652,0.866905
103,756.978699,152.966827,800.141479,253.790344,0.843183
103,976.585022,146.231476,1075.394531,342.490784,0.824509
103,334.494232,140.021820,364.069733,220.241745,0.706405
104,669.370667,146.845184,715.643188,273.383972,0.872920
104,614.681152,125.826607,665.732727,272.931824,0.863577
104,760.910339,154.296829,804.158630,258.317657,0.851714
104,335.489258,140.949081,364.477936,221.256607,0.768086
104,972.770081,132.564392,1138.176025,360.886993,0.714756
104,430.071838,144.071487,452.059448,198.173035,0.319673
105,673.169006,146.025146,723.443115,279.604309,0.886047
105,765.427979,152.894455,809.963928,258.114014,0.864169
105,618.119324,126.857391,667.541138,275.038025,0.861413
105,334.845276,140.806458,363.569580,219.830185,0.726882
105,975.354492,128.858414,1164.330811,368.052643,0.555584
105,427.668884,144.776962,447.881287,191.999390,0.333203
106,679.111206,146.230225,726.372131,282.680084,0.873351
106,622.676453,125.781944,671.526367,275.542694,0.872800
106,771.219360,155.445206,814.495911,260.811279,0.854432
106,1006.963562,140.105179,1205.188110,350.333069,0.735856
106,335.311218,141.900894,364.581635,219.478546,0.608754
106,426.673248,144.675797,447.693176,192.404938,0.434443
107,683.098511,145.635330,729.033020,286.211609,0.874937
107,777.667786,155.000397,823.903137,267.653351,0.867499
107,624.375366,127.263039,672.707458,280.568909,0.861045
107,1036.516357,134.069550,1219.682129,358.415009,0.762865
107,336.304718,138.091232,365.887604,221.853104,0.351290
108,686.964111,145.140289,734.716797,281.723999,0.877246
108,783.994141,156.833572,830.908386,266.463989,0.855190
108,620.233154,125.619621,673.139832,284.927795,0.846192
108,1061.392822,125.082344,1226.533447,364.687866,0.809066
108,422.334900,144.291733,441.269714,188.724121,0.634968
109,688.330994,144.043030,740.646118,287.463623,0.885031
109,629.188293,132.578125,675.654907,281.022736,0.866862
109,788.051697,157.495850,836.595398,270.783600,0.856049
109,1074.894287,123.573219,1229.772827,363.303284,0.844509
109,420.237427,143.978851,439.863129,190.928375,0.689395
110,692.565979,150.086090,741.052185,296.666107,0.865088
110,794.159729,155.340378,840.597778,270.690491,0.856085
110,1098.439819,142.756653,1232.052612,368.569489,0.847643
110,628.951721,134.008987,681.293579,291.807129,0.846577
110,417.034485,143.824295,437.233063,191.886475,0.716869
111,693.508606,144.105759,749.208679,302.238251,0.869128
111,799.575012,153.429092,847.537048,271.431580,0.866386
111,633.590332,135.565186,687.872742,289.568848,0.858896
111,416.255676,144.472656,436.045746,190.640488,0.713281
111,1139.369141,161.002640,1229.090576,356.672150,0.704406
111,338.110260,137.023727,369.219666,221.568420,0.467900
111,436.575409,149.821426,453.512909,191.503326,0.334641
112,702.167419,148.339081,753.932068,293.549591,0.867112
112,804.522278,153.939133,857.536621,272.189606,0.855899
112,639.677795,136.573502,690.386047,283.242004,0.855607
112,413.990570,144.416855,433.379395,192.413956,0.743513
113,705.479919,149.435623,759.744263,295.678162,0.874390
113,639.721008,132.884781,697.299438,298.851532,0.849406
113,810.962708,152.237411,865.242737,272.769531,0.837553
113,412.379395,144.004623,431.950073,192.762695,0.745010
114,708.454346,145.238464,772.675659,304.883209,0.879885
114,821.734985,156.520691,871.958923,276.064270,0.852025
114,644.457031,133.675064,699.268250,296.890350,0.851008
114,411.096771,145.173691,429.310242,194.915451,0.776464
114,337.441956,141.146988,367.323181,222.279434,0.589130
115,641.218384,133.798431,703.634705,297.823364,0.863610
115,713.657837,148.185486,772.918945,302.794861,0.861803
115,824.152710,154.656998,879.581604,279.724030,0.856416
115,409.723206,144.484451,428.157990,193.012558,0.726211
115,340.052887,141.908829,369.560303,220.321350,0.624080
115,429.121094,147.908676,449.687897,199.038986,0.351501
116,720.482788,150.398483,778.373779,309.429199,0.879908
116,640.674377,130.113815,709.305359,307.365936,0.859430
116,834.424438,158.195007,888.917480,281.821198,0.843724
116,427.232391,147.352325,445.630127,191.159012,0.505945
116,341.522339,143.415573,370.503082,217.548950,0.448443
116,407.543213,146.626617,426.371307,190.511353,0.401121
117,724.879700,145.838776,785.211609,313.240479,0.874733
117,841.554199,154.598953,900.133545,286.648438,0.851011
117,647.597412,136.718796,715.066162,317.119873,0.834447
117,404.152802,146.262817,425.099152,194.366089,0.494262
118,724.053284,145.714813,790.117493,305.148254,0.858686
118,851.172546,157.946960,913.020142,290.143463,0.852437
118,659.008789,132.940826,724.629639,304.450684,0.826206
119,729.179199,151.060638,794.782898,313.407715,0.873564
119,860.974915,160.575607,919.372681,291.568451,0.852997
119,665.836304,133.478485,728.509399,310.801025,0.818331
120,732.451904,143.964447,801.228333,328.974579,0.860180
120,868.993774,156.369812,925.622070,290.906891,0.847077
120,668.589966,131.984161,736.432495,318.574066,0.840890
120,397.674042,145.943985,417.441681,195.423477,0.396423
121,875.920410,154.733414,940.709717,294.516296,0.857914
121,675.657471,133.893112,745.255310,314.495667,0.848436
121,733.635986,145.781830,812.496643,337.477692,0.845048
122,741.990173,151.590103,815.858826,320.597015,0.861342
122,681.541870,134.262192,755.075500,317.544495,0.851343
122,882.994873,158.099136,954.444519,296.027924,0.850810
122,517.570679,145.363632,533.596680,183.743362,0.324961
123,750.616882,149.354691,828.569519,330.411499,0.851999
123,896.519897,156.716797,964.316467,298.046509,0.846505
123,687.602661,131.000397,764.735107,327.301147,0.843361
124,755.443054,146.876877,847.672852,342.461914,0.851101
124,692.626282,129.752853,770.910217,319.723816,0.838346
124,903.418335,154.481720,976.676086,308.355133,0.834690
125,691.458374,127.214058,780.300903,318.114868,0.843691
125,771.629211,154.961029,849.769104,338.130768,0.837621
125,915.304199,156.143799,987.198364,306.408417,0.817818
126,765.784302,141.212402,868.074707,349.620178,0.829677
126,694.935669,129.741684,785.420105,328.340057,0.819463
126,925.732117,155.556000,1006.779114,315.182434,0.817297
127,702.828064,126.113388,789.058716,331.862823,0.833787
127,781.939819,145.311951,862.663025,331.502106,0.827428
127,935.135132,154.252090,1020.995361,321.150848,0.818234
128,787.954163,143.955109,871.863892,341.379974,0.848717
128,950.797119,155.688126,1033.328857,321.565491,0.811701
128,707.702087,131.460342,798.954773,318.025604,0.802816
128,335.999390,145.571640,363.167908,218.929199,0.335633
129,796.416199,152.809952,884.372498,350.213989,0.838608
129,965.521790,157.639587,1041.906982,309.804169,0.824161
129,720.982300,122.112465,814.449524,333.775116,0.768600
129,335.635803,145.538254,363.348389,219.542374,0.313257
130,975.302429,153.149139,1053.493164,315.878143,0.838419
130,803.040466,148.617401,899.555115,349.270996,0.822695
130,730.432373,138.066147,812.074036,346.119995,0.777376
130,367.528656,143.556961,395.161194,216.553879,0.400768
130,335.390869,145.946518,362.985840,219.507019,0.394811
131,776.776062,142.061432,942.250732,355.576721,0.867528
131,986.377930,156.292160,1073.685303,322.294067,0.821250
131,735.822449,121.526031,827.694519,347.480377,0.675127
131,369.014740,144.701920,394.480225,213.586227,0.471695
132,725.451599,126.266251,877.732178,326.995728,0.862786
132,1004.455505,151.237854,1085.876831,321.266388,0.817855
132,335.795990,147.038498,362.535919,219.422699,0.438337
132,820.702209,148.851334,927.761230,342.100800,0.360976
133,737.452698,121.729622,882.982849,332.278778,0.825063
133,982.155579,149.725494,1112.898071,333.364532,0.784874
133,847.544495,146.928299,945.488342,359.853973,0.784410
133,335.585052,146.817780,362.697205,219.240585,0.514482
133,365.256439,144.775940,393.066406,212.106735,0.342242
134,744.405151,114.963814,900.392944,342.364410,0.771487
134,860.975220,143.535645,960.862061,363.198029,0.769139
134,1034.694336,144.331360,1122.851440,329.349701,0.748303
134,335.547150,146.782745,362.721863,218.985138,0.356182
134,364.059509,144.126862,391.736359,212.264557,0.333351
135,837.126343,147.060913,1005.006592,354.401520,0.878772
135,758.108887,108.016876,898.691895,338.340271,0.842649
135,1011.322571,145.826935,1174.656128,343.604095,0.746484
135,335.790436,147.674362,362.828308,219.114853,0.406789
136,749.210510,122.382248,908.553406,335.370758,0.836567
136,885.270203,140.137482,990.767090,361.680817,0.780588
136,1026.439819,147.450180,1192.756714,347.303406,0.705730
136,336.188324,147.229294,364.451630,220.481552,0.690470
136,368.055206,142.587357,397.169403,217.924255,0.416310
137,879.273193,147.114960,1031.559937,356.571289,0.813461
137,753.928467,123.893417,921.178772,344.690704,0.809277
137,1043.199585,150.767685,1212.445557,353.304688,0.793941
137,336.084442,147.310196,365.778381,221.645599,0.690272
137,362.682831,141.678650,398.181427,220.122177,0.341391
138,890.785522,146.381439,1050.891968,368.766907,0.853363
138,1063.795288,148.902237,1224.696167,354.494995,0.835311
138,765.409729,119.028290,931.782898,353.170807,0.808929
138,335.831390,146.835297,365.329468,222.072372,0.723257
138,363.864166,141.805710,397.958679,222.507095,0.302145
139,912.231934,152.892273,1071.566162,367.825104,0.844808
139,773.238281,109.692291,947.367859,359.118195,0.834610
139,1069.062622,139.217896,1230.634888,351.700958,0.822931
139,335.728394,147.762360,364.761597,221.337708,0.607224
139,366.454987,144.538696,396.292603,214.935776,0.468385
140,930.651550,150.727936,1110.968628,358.903992,0.883355
140,1099.282227,147.775330,1232.298706,356.090088,0.840819
140,811.145813,107.411575,947.153748,346.891388,0.833650
140,335.912048,147.553329,363.869507,220.190765,0.456566
141,956.792542,144.459351,1124.347046,368.737122,0.856107
141,1098.616089,146.260300,1226.712769,346.938141,0.790364
141,833.681213,106.668953,983.410095,334.373871,0.753840
141,239.391724,135.029160,269.834778,235.609177,0.362205
142,859.883057,134.964661,941.786255,313.717285,0.830555
142,971.818176,145.761566,1163.866455,368.985077,0.777546
142,1110.463989,146.616791,1224.441895,351.254486,0.671689
143,881.683167,142.948792,966.251648,302.774231,0.806903
143,1003.035522,154.047821,1192.130615,372.353790,0.700621
143,872.011292,94.686440,1055.004517,372.269165,0.388665
143,371.093292,147.304794,401.348480,214.909210,0.313742
144,1043.932861,157.821213,1220.936523,367.993195,0.841139
144,898.725708,125.892723,992.405640,330.258972,0.749280
144,370.831879,144.869659,403.890228,222.762161,0.337172
