0,1105.415283,175.547012,1201.913330,317.916626,0.924085
1,1142.499512,169.211395,1219.767334,314.733215,0.923875
2,1176.824707,158.345215,1231.416016,311.165192,0.874058
2,794.424988,161.895920,868.755554,330.054565,0.867008
3,1194.784790,156.180267,1240.932007,312.071594,0.892957
3,795.402405,155.087677,874.151917,322.097778,0.889408
9,787.536987,186.622833,820.348267,236.890778,0.624229
15,797.696533,169.761215,871.550781,327.471375,0.856568
16,793.031189,168.815063,867.818909,318.622223,0.850291
17,787.990845,173.799774,861.650757,317.031555,0.870977
18,783.861267,181.111664,854.049133,327.133057,0.867071
21,402.103760,189.028625,413.583252,222.858917,0.608719
22,409.692413,188.242188,420.841217,220.199554,0.606907
26,717.468323,177.618835,788.076843,314.097931,0.843068
27,708.147278,173.872818,774.306824,307.297607,0.846655
27,449.446136,172.546692,461.246307,202.707001,0.545321
28,695.887268,172.377441,761.902893,301.629517,0.840280
28,457.461761,171.953552,469.237640,202.543640,0.639915
29,685.022156,172.780380,753.745300,299.873444,0.880143
29,467.061066,175.189606,478.136322,204.549072,0.543962
30,473.196991,175.046524,485.399200,205.955612,0.667575
31,482.379456,174.995224,493.573792,206.523026,0.561733
32,491.493164,176.008789,502.453918,206.626068,0.625582
33,499.234406,175.447739,511.466034,207.555618,0.563738
34,508.042542,176.460220,520.110168,206.509232,0.555801
35,516.468018,171.484848,528.365479,205.067520,0.746023
36,526.726624,169.991135,537.734924,200.637039,0.575322
37,536.718811,170.962006,548.044373,201.422974,0.672296
38,547.170593,171.188858,559.144104,206.287949,0.741138
39,556.525085,172.799133,568.681824,207.213989,0.682554
40,568.890015,173.892700,580.313232,205.995544,0.689378
41,580.983276,175.420151,592.888306,209.473282,0.718473
45,598.678162,174.227905,650.483459,318.794586,0.896666
45,635.902405,177.528397,648.148743,199.393906,0.588951
46,602.355957,174.382446,665.360840,318.601013,0.893184
46,651.627441,177.528259,663.817749,212.692993,0.679022
48,613.382263,173.041779,675.252747,318.723206,0.882947
49,622.003845,173.290344,677.059387,319.730652,0.878169
50,629.582275,174.597488,681.145142,318.252991,0.892482
51,639.569214,174.475449,695.891968,320.174438,0.888703
52,649.244507,174.669647,711.125854,318.581451,0.905921
53,661.883057,174.412933,721.472900,319.860199,0.902308
54,674.778992,172.416275,732.116150,315.388123,0.876031
55,688.204285,172.697174,744.997498,305.200806,0.899260
56,703.028076,173.106354,758.302612,306.812042,0.888920
57,719.106201,172.601349,773.204468,315.334412,0.896106
58,736.072998,171.542206,790.076050,318.484680,0.898752
59,753.866211,170.956696,807.602295,314.081238,0.902171
60,771.042542,171.612213,825.904602,303.090515,0.881418
61,787.672363,170.397644,844.842529,303.936096,0.893650
61,855.654785,169.142441,871.087524,210.992233,0.515285
62,805.134521,169.492523,865.173218,309.381012,0.872708
62,864.067444,168.245972,880.537781,191.971832,0.557944
63,821.217102,168.393372,883.531555,310.718994,0.881099
63,870.984985,167.995377,888.730469,226.700180,0.530207
64,838.207581,166.883804,902.188782,308.763306,0.890831
65,858.018494,167.859818,919.342224,303.168030,0.879413
66,877.712952,168.973846,937.841003,298.456451,0.894523
67,895.393372,169.847076,956.246643,308.628815,0.886569
67,885.614136,172.756790,904.447632,196.651138,0.567488
68,913.540222,170.894379,973.925476,314.803314,0.880241
68,884.863159,175.095581,903.928101,199.832245,0.628653
69,931.550781,170.021347,990.400391,317.419861,0.891990
69,883.634827,174.753265,902.806335,200.827972,0.692365
70,947.176147,168.381195,1004.699951,307.597870,0.887600
70,880.011536,173.133591,899.817566,226.009384,0.681937
71,960.964966,167.739441,1017.817505,299.069702,0.881664
71,876.713013,172.786118,895.223755,227.049118,0.743262
72,971.686768,167.436127,1028.662476,303.811371,0.877976
72,869.101440,172.029770,889.739868,229.002365,0.743810
73,978.985840,166.085770,1038.452393,318.757263,0.872990
73,862.710449,170.817123,883.052490,229.410873,0.788961
74,985.639160,166.673813,1043.123413,309.085022,0.841847
74,854.280762,171.642593,873.972046,230.473526,0.757871
75,844.311340,172.295685,864.181213,232.600159,0.844118
75,988.874451,167.864166,1044.721558,305.591278,0.823611
76,832.376587,173.838028,852.957397,234.441147,0.827362
76,991.036804,169.879333,1039.106323,296.902740,0.785972
77,991.176880,171.537033,1048.109375,296.588470,0.892487
77,819.642883,175.913376,840.269714,237.718460,0.797601
78,992.354614,173.429047,1047.148804,303.541779,0.897420
78,807.211060,176.845581,828.136841,239.624847,0.854709
79,991.716492,173.796570,1043.292725,306.113708,0.898262
79,793.814026,177.498032,815.166565,241.084457,0.844189
80,987.187927,174.155258,1040.218506,304.007812,0.901059
80,779.574585,178.098145,800.520874,244.362213,0.849892
81,979.810059,177.286804,1034.530273,295.957581,0.894110
81,764.354492,179.145920,785.351196,246.150650,0.860105
82,974.613586,178.919785,1028.488647,293.147369,0.899645
82,748.786194,180.587982,771.116272,247.645020,0.857629
83,732.269653,179.822662,754.912476,248.790192,0.882438
83,968.965027,178.385468,1021.041809,296.213593,0.874939
84,715.417358,179.806107,737.586792,249.969803,0.871478
84,960.638733,177.653885,1010.266785,297.238495,0.868795
85,698.624573,178.913803,720.590271,251.665939,0.856492
85,953.533936,177.518295,999.410767,292.588531,0.854728
86,945.473633,178.107025,993.147339,283.736755,0.889164
86,680.789307,179.385101,704.395142,253.643829,0.871289
87,936.972656,179.946686,983.235352,282.822662,0.895693
87,663.206238,179.795197,686.732605,255.343140,0.865340
88,929.416321,181.415329,973.532532,288.057739,0.901829
88,644.830750,179.394699,669.145203,257.530212,0.870374
89,921.008484,179.396088,965.104431,290.016571,0.898384
89,626.079407,179.026093,650.879578,259.539001,0.857316
90,913.350891,178.916122,957.825012,283.734009,0.885954
90,607.511047,179.359955,632.962952,262.739380,0.875977
91,904.998047,179.482788,949.182861,278.301392,0.889026
91,587.754517,178.962875,614.353271,265.397095,0.883731
92,896.928528,180.567978,941.899963,276.834534,0.888744
92,568.325195,178.563629,595.262573,268.226990,0.886523
93,888.301636,182.165741,934.074219,278.085266,0.890237
93,547.037720,178.561310,575.835693,270.841309,0.886204
94,880.912598,180.571259,927.032471,277.786713,0.883979
94,525.760010,176.591019,555.433716,273.200256,0.876123
94,174.544922,176.696472,192.660065,211.545685,0.592284
95,874.488159,182.196701,921.071655,272.086731,0.895888
95,503.014679,175.569244,534.745911,275.305084,0.877640
95,646.766357,188.403992,659.238525,216.224243,0.596627
95,149.877319,174.779251,168.326111,209.350540,0.568907
96,868.892578,182.997101,914.249634,271.029083,0.898919
96,479.312775,175.475586,512.157776,280.899750,0.892857
96,628.834656,189.590088,642.399841,217.468842,0.523313
97,864.071472,184.327667,907.379578,274.566132,0.898713
97,452.735718,175.238647,487.165100,285.839478,0.883997
97,96.748596,173.639786,118.776566,214.158401,0.608114
97,610.063782,189.796921,624.228088,217.993698,0.554339
98,423.988861,174.599716,460.633636,290.691284,0.902306
98,858.464722,182.741882,900.731934,276.984253,0.854413
98,591.360901,189.115845,604.615906,218.742157,0.616271
99,391.277100,173.200623,431.722656,297.074005,0.890849
99,851.707214,187.037323,893.724792,272.859314,0.852905
99,571.370728,188.714294,585.382812,218.961578,0.645230
99,594.934021,187.814560,611.423401,218.515915,0.500705
100,846.334473,182.532791,888.936523,266.934753,0.876696
100,355.231323,171.898102,399.793457,297.913666,0.810702
100,551.623596,186.992844,566.359070,217.619278,0.618524
101,317.164734,169.798538,365.375610,255.981064,0.879593
101,841.274353,180.433762,884.094666,266.740143,0.874560
101,531.655273,187.068405,545.359741,217.408279,0.736359
102,274.397095,166.554871,326.347107,263.981873,0.915435
102,836.832764,177.886292,880.643677,269.020264,0.907891
102,511.666718,185.901108,526.164001,216.018051,0.707282
103,832.936951,180.363586,877.645325,267.213135,0.898692
103,225.418579,164.171982,283.047424,325.372925,0.890355
103,491.633789,184.904633,506.262756,216.273438,0.671569
103,516.869385,183.087387,535.513184,215.425522,0.513599
104,162.903061,162.857941,235.022598,346.644623,0.911685
104,830.521423,179.906998,872.518127,264.623230,0.899160
104,495.979431,182.975800,515.703430,217.225128,0.694292
104,470.645813,184.973938,486.365356,217.649261,0.689500
105,95.598488,161.877213,173.491028,363.678406,0.924659
105,827.410889,180.859695,869.011230,264.821930,0.894713
105,448.197540,185.170609,463.918365,219.147293,0.767691
105,473.300354,184.015778,495.842957,219.005249,0.684959
106,4.295341,159.585068,101.509598,372.867065,0.920052
106,826.656250,181.079224,864.580444,272.005005,0.899095
106,425.192017,185.492493,441.066467,219.462616,0.768087
106,452.613953,184.567429,472.723145,219.398605,0.542359
107,823.799011,180.204041,862.734558,277.464050,0.886322
107,401.513336,185.968613,418.785675,221.845932,0.800761
107,431.197479,183.824432,451.511017,220.951416,0.603476
108,820.274475,182.216797,856.658630,271.920624,0.891439
108,378.331451,186.036530,395.884430,222.400635,0.758370
108,405.627045,183.457870,429.883087,223.142349,0.567777
109,818.855408,182.230942,855.056946,259.997833,0.899225
109,353.569183,184.657516,372.558014,222.599319,0.785501
109,384.589996,183.055710,407.319244,222.607834,0.565672
110,813.633423,181.370346,849.786621,264.690125,0.906724
110,328.204102,183.922424,347.034058,222.849060,0.706781
111,805.866455,180.644730,844.265625,266.491913,0.895126
111,300.608582,181.684479,320.807861,223.199921,0.606112
112,802.666199,179.717743,837.852234,267.697113,0.888486
112,272.325439,179.690948,294.423340,224.199890,0.676482
113,796.659851,180.033752,831.802551,262.179688,0.890781
113,242.820663,178.286987,265.155731,223.675537,0.700321
114,788.234924,180.292084,824.807556,258.998474,0.905155
114,212.211151,178.527649,237.399750,227.364594,0.726796
114,251.161469,180.509720,279.983429,227.198990,0.589442
115,780.703247,179.779144,818.212646,262.467743,0.856118
115,180.134537,177.838547,206.736221,230.711990,0.741252
115,218.675293,180.906067,250.589935,230.039337,0.576273
116,145.634903,182.471344,173.190475,231.664154,0.601399
117,108.816109,183.911102,138.729568,235.800354,0.651646
117,148.926132,183.065948,186.655411,237.008636,0.511644
118,750.154053,183.079437,789.309570,262.195618,0.921229
118,67.668617,182.222733,100.124092,240.386093,0.675529
119,22.387794,183.348709,52.539268,244.595779,0.645445
120,724.237671,182.994095,763.817505,272.823425,0.898436
124,657.283752,181.462967,696.535339,270.125549,0.905803
125,636.762695,181.398727,677.529907,262.463928,0.897827
126,614.938782,180.146301,657.769470,261.619690,0.901592
127,596.862305,180.831955,637.671265,261.056793,0.899845
128,580.587402,180.843414,622.599243,262.287323,0.897023
128,653.687561,174.770889,666.675476,187.259750,0.638821
129,564.938599,181.460052,605.235840,260.469391,0.911302
129,649.552673,175.451370,663.174133,188.265762,0.625309
130,550.322510,182.685608,590.326294,259.627960,0.844806
130,647.509766,176.026321,661.902466,189.502274,0.768256
131,540.248047,183.492264,578.907349,262.490509,0.900373
132,530.633301,184.586548,568.070435,267.610077,0.911411
132,651.688538,176.277802,668.737976,191.334778,0.705058
133,521.457458,185.096466,559.336609,265.470764,0.887121
133,654.923767,176.120697,673.766907,192.142059,0.757909
134,515.976135,183.558228,553.768860,260.712311,0.900328
134,662.277405,174.153687,681.036194,191.080994,0.826210
134,386.692841,184.171326,396.691498,206.141602,0.549889
135,515.172241,181.653549,549.462769,264.707520,0.879156
135,671.160645,171.406189,689.952026,188.728699,0.797568
135,390.869171,179.902115,400.507904,203.941971,0.656319
136,511.249664,177.399963,548.468262,269.614777,0.877689
136,682.369751,168.074509,702.893555,185.866165,0.801084
137,513.079102,174.891052,549.928955,263.337036,0.893881
137,696.281982,165.432999,717.250366,183.294144,0.771784
137,403.821075,175.074387,414.292328,199.032150,0.678834
138,513.274841,175.268936,551.399963,251.281326,0.893492
138,710.822449,162.948624,734.225403,183.063034,0.839034
138,413.143066,173.667892,423.077087,198.720474,0.713167
139,517.789429,174.985306,552.744995,250.223312,0.910151
139,726.685425,162.280731,751.724854,184.467194,0.834532
139,422.080536,174.384888,432.194183,198.887024,0.534554
140,521.584290,175.588867,560.208069,253.223999,0.902555
140,744.966248,163.452225,769.256653,186.855911,0.877301
140,430.906189,173.311584,441.322632,198.714355,0.689120
141,525.918396,177.416397,561.211609,255.224625,0.914597
141,764.966858,164.116348,792.248474,188.562241,0.865906
141,440.951294,176.466751,450.935852,201.044601,0.537279
142,529.772705,178.578522,564.579834,252.376709,0.913980
142,786.253601,164.200134,814.267639,190.984192,0.868125
142,448.085602,176.882568,459.348663,202.514709,0.544463
143,535.245667,179.386078,570.952332,254.778503,0.898619
143,809.516541,163.838501,840.810608,193.998230,0.877918
143,456.078674,177.369522,467.708374,203.570724,0.611083
144,540.996765,178.952240,573.337952,259.815826,0.889211
144,834.199402,162.826279,868.567200,197.757889,0.871617
144,466.476196,177.197678,477.025879,202.940689,0.725359
145,546.805054,178.213776,580.883301,260.976532,0.891414
145,859.675110,161.734177,899.435242,201.279709,0.888610
145,474.405853,175.099380,485.298492,202.613174,0.721248
146,551.350464,175.552170,585.948608,252.339554,0.887060
146,887.900696,160.067413,930.859802,207.584229,0.885281
146,481.285400,172.287918,492.446594,201.975845,0.757293
147,556.691650,173.893234,592.070923,246.896011,0.902942
147,919.501892,158.950089,962.737366,225.632584,0.845640
147,488.744171,170.046356,500.229645,200.382782,0.796357
148,562.101807,171.422333,596.764282,251.036255,0.908379
148,953.509705,156.976212,1006.305725,254.961197,0.906004
148,495.424072,168.387360,507.516724,199.724091,0.790603
148,337.404694,169.574310,353.852753,188.792114,0.548814
149,992.885925,155.723053,1047.109131,278.682281,0.913870
149,566.180420,170.531998,602.124146,251.949295,0.897095
149,502.195862,168.690979,513.423401,199.976715,0.746370
150,572.179932,173.474167,607.230469,248.960770,0.905999
150,1036.746704,155.319824,1097.199097,290.373291,0.894631
150,506.598114,170.227615,519.027527,202.603622,0.762921
150,338.542603,171.734329,354.697510,190.844986,0.651711
151,1089.894409,156.654724,1165.332886,307.983490,0.929552
151,576.646240,173.898102,611.436401,253.666412,0.909249
151,510.736969,171.646301,523.507568,206.034851,0.781430
151,335.236298,172.638397,353.401459,193.176361,0.520948
152,1153.199097,159.027466,1238.474976,326.491028,0.928064
152,581.129395,175.746017,615.217285,258.461609,0.895519
152,514.395325,173.879669,527.044617,209.721985,0.812510
153,585.576050,178.015198,618.733765,260.462372,0.903427
153,518.103027,174.647400,531.815674,211.246307,0.833163
153,326.570190,174.671768,346.729675,198.810593,0.752533
153,384.907043,174.117737,396.400696,189.544250,0.658025
