57,446.885742,200.665405,458.994995,213.171021,0.599770
60,398.296600,208.223328,411.189972,226.878448,0.578165
62,334.569458,211.494034,354.059692,240.300461,0.700178
63,289.887268,219.023499,309.526917,253.500031,0.705176
66,0.094685,275.912964,46.992012,336.008484,0.503866
70,142.628540,254.111603,174.510010,299.165253,0.661801
70,67.393234,250.484711,116.129456,298.971527,0.603322
122,703.998047,164.610107,716.064697,178.392242,0.536932
124,708.965271,161.901505,720.242981,175.217606,0.631858
124,722.028687,160.633347,734.666870,180.624557,0.528596
125,711.701294,160.323029,723.866943,174.801025,0.746213
125,725.293396,160.417603,737.360168,176.646271,0.613196
126,714.969604,160.676971,727.469971,175.612610,0.751117
126,727.910339,159.881989,740.747742,176.118286,0.718760
127,718.148071,160.025787,729.949707,175.203644,0.698698
127,730.094543,159.512192,743.621033,175.372787,0.668639
128,719.257507,158.858032,732.677551,174.277466,0.709274
128,733.835327,157.286774,747.375732,174.024689,0.598059
129,722.190857,157.244141,735.981628,172.918274,0.635559
129,739.348511,157.787872,751.864014,173.104126,0.621075
131,726.203430,155.527023,742.930359,172.765488,0.639526
132,730.101685,156.607193,745.857422,173.809494,0.742506
132,750.120667,156.698120,763.694885,175.980408,0.574644
133,735.149780,159.760895,750.191895,176.838593,0.718004
133,755.502563,158.565323,768.573486,179.176071,0.541950
134,739.167053,161.630615,755.097351,178.766052,0.676223
135,743.935913,163.038666,760.861816,181.171906,0.673275
135,763.976685,161.012589,779.080078,181.821518,0.645101
136,749.543823,162.044708,765.934692,181.985474,0.624784
136,767.070068,161.168045,784.169067,180.760513,0.508896
137,772.058167,160.541016,788.985168,181.114197,0.714414
137,751.361084,159.494202,770.804077,182.177795,0.704157
138,757.200317,158.023438,775.962402,181.458160,0.747664
138,777.553772,156.273392,795.351868,179.589188,0.664378
139,763.365967,158.592773,780.778320,182.873688,0.647153
140,785.469482,155.800812,808.545410,182.758636,0.816310
140,766.416992,160.140045,785.623901,185.253021,0.795877
141,771.619385,160.247711,792.812500,189.304749,0.764034
141,794.105347,159.162674,815.524414,186.255569,0.659029
142,775.983521,159.832687,798.203003,192.810623,0.618950
142,801.704590,159.915710,822.002075,191.132324,0.552008
143,783.102417,160.236115,805.813965,196.298065,0.801445
143,808.747498,158.299149,831.184631,195.173294,0.789047
144,788.287659,160.158615,813.965881,194.958267,0.739190
144,815.283081,156.794403,840.800903,199.623474,0.699186
145,794.632141,157.710037,821.882507,188.618027,0.845838
145,825.774963,153.515518,850.494080,205.125717,0.767303
146,802.437805,154.872589,830.779480,186.312500,0.827186
147,810.496826,151.408844,839.642334,186.087860,0.861926
147,847.596497,150.562164,873.040588,198.768402,0.811501
147,1031.598022,149.139511,1044.708374,176.105881,0.517543
148,818.953247,148.976135,849.879028,188.541748,0.820035
148,854.254883,151.649734,883.892578,193.856491,0.754755
148,1039.615723,148.531128,1055.531006,180.650543,0.545820
149,829.247131,149.185944,861.092590,191.025482,0.875895
149,866.937988,149.707748,896.672241,189.735825,0.846153
150,839.112305,150.128616,873.850708,194.820877,0.883920
150,876.561707,147.527435,913.326721,191.757080,0.864442
151,849.275085,149.643097,886.396790,198.989899,0.902057
151,889.351685,147.155945,929.618896,196.297821,0.884614
152,861.004700,149.083649,901.336975,206.906860,0.911576
152,904.643372,146.934509,948.324646,199.347290,0.892269
153,874.831482,146.656174,917.290466,218.071182,0.913893
153,924.293030,147.114471,966.716980,204.864380,0.892520
154,890.961060,143.592819,938.062134,234.127640,0.888027
154,943.821106,145.591492,991.215637,212.449768,0.883033
155,910.973328,141.826309,961.999207,257.158051,0.903442
155,971.077576,139.477722,1016.472961,224.604523,0.836867
156,934.233643,139.468689,991.089478,279.598755,0.926462
156,998.394348,137.467651,1045.738770,252.988312,0.870831
157,962.751404,135.232635,1020.217712,283.256348,0.902812
157,1025.893311,134.557922,1077.422363,284.734436,0.889652
158,988.356201,135.088989,1051.178467,292.035187,0.922953
158,1045.374512,133.386353,1118.087646,296.383972,0.922194
159,1081.808350,132.960083,1167.956055,309.218353,0.927963
159,1018.488220,132.252838,1085.571777,304.221863,0.925223
159,1175.833862,145.011826,1206.421997,188.016922,0.747212
160,1049.885132,132.467651,1123.925903,316.191040,0.932143
160,1122.235840,127.873611,1213.578857,317.899780,0.929138
160,1192.951172,142.462784,1223.993408,188.391373,0.737047
161,1085.503540,129.585495,1170.748657,329.023193,0.925584
161,1160.948242,122.542534,1242.187744,323.021698,0.924928
162,1123.621094,124.913086,1227.263184,340.199585,0.926123
162,1210.720703,116.633102,1240.352295,282.072205,0.635654
163,1162.503052,118.319099,1241.326294,346.497040,0.912961
236,830.228455,171.365997,840.379822,181.378265,0.559095
247,1040.961182,162.835785,1057.106445,173.495148,0.500740
326,666.528748,172.271774,677.517273,195.805466,0.575928
327,667.555908,172.076401,678.147705,195.502975,0.595424
327,707.075073,171.158264,718.763306,196.665924,0.574986
328,668.910583,170.491653,678.859558,194.714676,0.573893
329,709.107605,168.464096,724.566467,195.652390,0.671349
329,669.758179,169.890961,678.961426,194.616791,0.628933
330,715.823975,165.841049,726.654541,195.398666,0.638795
330,670.975342,169.844360,680.108887,194.996948,0.569076
331,671.597229,171.919357,681.673889,196.194168,0.679649
331,718.307617,167.312256,729.358643,194.203552,0.571637
332,672.526611,172.073059,683.183228,197.157074,0.714451
333,719.123840,171.823029,729.726501,197.609833,0.661966
333,671.727356,173.280197,683.323425,199.604019,0.621075
334,672.265747,168.295868,682.489258,199.231567,0.764627
334,720.721069,170.720810,730.713257,198.479935,0.582906
335,671.940491,170.075455,682.311707,201.328171,0.793759
336,670.644409,171.755814,683.661743,200.948898,0.784927
337,669.434998,172.829803,684.500183,204.657349,0.832489
338,668.390137,173.302368,684.075806,205.812927,0.832552
339,670.774475,174.203979,683.000916,204.280853,0.757909
340,671.398560,171.937103,683.771118,204.682648,0.736131
341,671.734619,168.975586,684.977173,204.958435,0.708057
342,672.099243,168.747604,689.150024,206.562637,0.836515
343,672.327881,170.254257,689.678345,207.437576,0.834053
344,676.965332,173.374146,691.519531,210.213013,0.799415
345,680.532776,173.978745,694.507141,213.989243,0.796678
346,683.102173,172.225327,699.821655,213.008194,0.775390
347,685.748779,172.927902,706.091797,214.533981,0.841038
348,688.537292,172.555450,708.510681,215.541443,0.823960
349,693.493286,172.738785,711.012817,216.970688,0.820814
349,536.766235,172.323090,549.621582,209.307892,0.536665
350,699.384155,170.980835,716.044800,217.856873,0.777523
351,704.106934,170.464264,725.120239,218.165771,0.837204
352,709.232300,172.010269,731.590576,219.775986,0.836236
353,716.671021,170.873474,738.955933,221.892090,0.863783
354,723.476257,169.214005,746.138733,224.330765,0.868553
355,729.487915,171.374313,751.722290,221.165939,0.699544
356,737.297363,168.665695,759.686279,229.118912,0.827156
357,746.894348,170.465332,771.314880,232.727173,0.855847
358,754.454956,171.387985,779.404541,235.870346,0.860883
359,765.879395,171.630508,791.705811,239.061020,0.866027
360,775.782166,170.994781,807.992859,243.054749,0.891196
361,789.368103,170.627380,823.797424,247.375397,0.846100
361,265.638702,220.620178,302.950653,258.276245,0.671593
362,804.747864,169.528732,840.563904,251.131851,0.848624
362,221.217911,242.321381,242.154526,278.101166,0.591458
363,820.637817,170.257126,851.396606,254.550827,0.869041
363,102.757660,264.129456,143.463974,310.988586,0.635353
364,836.681396,168.613312,870.691528,259.408295,0.890770
365,854.472290,165.139694,887.801636,262.225891,0.853144
365,389.668427,182.490265,399.352692,203.616516,0.518720
366,875.103882,162.962158,916.291016,267.194641,0.848696
367,900.396912,161.366150,940.751404,273.428040,0.884096
367,337.452881,205.253967,361.149414,224.673492,0.556565
367,387.912872,183.552475,397.696930,210.954575,0.546312
368,916.619629,163.020050,977.893799,278.524872,0.913284
368,308.811371,208.534012,334.239471,232.395432,0.770317
369,944.135925,163.737274,1004.639954,290.811493,0.915595
369,273.436554,213.407669,300.984955,240.631760,0.605491
370,975.124695,161.618500,1042.486572,298.302551,0.920283
371,1008.031860,158.945770,1083.344116,307.596985,0.919308
372,1045.121094,155.947449,1125.265137,318.907837,0.905322
373,1087.133301,156.099762,1170.105225,334.875183,0.909555
374,1134.454590,159.186096,1234.623291,354.269043,0.925574
375,1180.298096,158.908356,1242.312012,353.966095,0.885243
407,320.193420,199.138977,332.679688,217.325531,0.525587
