4,632.680176,165.927322,642.298889,183.248520,0.677205
8,628.847778,161.657043,637.507385,180.568100,0.520774
9,625.873474,161.971863,637.280090,181.708389,0.752695
9,481.459778,168.072495,491.613007,188.563431,0.699157
10,625.830566,160.870911,636.091187,180.245865,0.706743
13,477.981842,166.690598,488.020416,187.813507,0.619702
14,618.674438,167.989349,629.153137,182.669846,0.718096
14,425.595734,173.685196,444.062866,198.536774,0.645207
14,476.629974,168.391937,488.554596,190.029938,0.644021
15,617.303284,164.533401,629.172546,183.628815,0.800573
15,475.463440,168.447403,487.798523,190.738129,0.730664
15,425.423981,174.181625,441.080078,200.363602,0.621187
16,616.174683,161.884537,626.238464,182.555740,0.715974
16,474.118195,167.369644,483.622803,189.579712,0.653377
16,423.350952,172.405304,438.506256,198.714859,0.627974
17,421.604126,170.320847,437.928589,198.436371,0.662867
17,471.760620,165.364075,482.237885,188.395615,0.630304
18,419.989075,171.756729,437.196594,198.537689,0.675811
18,473.009644,168.374466,483.480225,190.250488,0.662325
19,470.990326,168.569214,482.555176,192.410492,0.775746
19,419.769592,173.936905,435.640259,200.832214,0.644138
20,468.550629,169.988647,480.315887,194.660995,0.751134
20,417.515839,176.712189,434.627533,203.998413,0.736018
20,506.891785,170.451080,520.071960,189.079834,0.544036
21,467.152588,171.500977,478.829071,196.373093,0.736307
21,415.593719,177.502884,431.246460,203.500961,0.729857
21,505.781586,170.719940,516.633240,194.367035,0.618969
22,412.966644,177.366425,430.465973,205.865814,0.757475
22,466.481812,171.047241,477.455811,197.002243,0.731737
22,609.607361,167.864334,621.659607,188.333664,0.526481
23,465.252747,171.437897,477.683533,196.836838,0.774151
23,597.773621,166.867630,607.749451,189.391861,0.713640
23,409.607391,177.525330,425.607147,205.581284,0.687535
23,612.685425,166.183197,625.195435,188.019424,0.605901
23,499.442474,171.242310,511.026276,193.082535,0.560765
24,463.834808,170.299911,477.437012,197.476990,0.788009
24,593.794556,164.958054,607.352661,189.841217,0.787686
24,407.696167,176.629684,424.610565,205.620651,0.676679
25,459.708588,171.849396,475.184021,199.039520,0.828060
25,405.821075,177.869019,420.617279,208.466232,0.705165
25,623.737488,166.805099,637.335449,189.180069,0.688842
25,589.952271,166.724503,601.908142,190.811203,0.686932
26,457.083923,175.264633,472.823059,203.019196,0.811918
26,402.576569,180.842072,417.476166,212.600128,0.734632
26,626.745483,168.752029,640.353455,192.324646,0.602796
27,456.654755,176.374359,471.613831,205.200302,0.779700
27,399.085907,182.830292,416.088989,214.246231,0.764030
27,633.287598,173.395844,646.382385,195.004349,0.698175
27,580.379211,172.303116,592.578918,196.243866,0.648158
28,457.033386,175.822647,470.541840,204.976761,0.814198
28,638.371521,171.129120,652.114136,194.369019,0.710188
28,396.051697,183.424042,410.289673,213.378281,0.607048
29,456.085327,173.875061,470.236359,203.881058,0.811476
29,571.892334,170.270721,587.017334,197.910095,0.730867
29,391.326965,181.895325,408.062378,214.456635,0.724254
29,588.004211,168.880692,600.820312,194.571030,0.704093
29,644.773315,170.871780,657.972290,193.420990,0.692584
29,509.794647,172.312103,520.891968,198.879044,0.508901
30,453.316345,175.941574,467.878845,205.620529,0.800068
30,651.588196,170.487091,665.070496,194.786697,0.720006
30,568.780029,170.886047,579.647095,198.923859,0.676083
30,388.313080,182.193054,404.159271,214.335022,0.672333
30,594.494324,168.355606,606.481384,194.683060,0.637791
31,563.542480,170.263138,575.159729,198.403595,0.786181
31,449.398560,174.338745,465.725586,205.587997,0.774270
31,383.525787,179.704361,400.976349,214.186798,0.729015
31,599.056030,169.553802,612.762268,193.500412,0.699036
31,656.671021,169.467453,670.257202,194.186493,0.695762
32,557.272583,168.058624,573.351440,198.710159,0.814648
32,447.068024,171.763611,463.408234,205.927185,0.790514
32,379.846802,177.995850,397.910767,212.943390,0.688938
32,604.728760,166.338684,619.023804,191.861755,0.670140
32,663.510986,168.632217,677.677246,192.637390,0.601953
33,610.105042,165.845901,624.648010,192.124191,0.727275
33,375.907684,179.070068,393.138214,214.066467,0.562992
34,448.883759,174.800629,465.722656,208.896637,0.757809
34,372.409241,177.824875,390.145142,212.260696,0.744285
34,347.013062,181.677795,357.092133,211.003494,0.594289
34,548.931030,171.009445,560.148743,200.980072,0.552459
34,487.235443,172.247818,497.161652,199.402298,0.532771
34,358.272369,180.409988,369.309570,209.584763,0.517657
35,443.800842,175.746368,461.395905,207.505249,0.767228
35,624.931763,166.682419,639.903137,193.884140,0.723366
35,341.988708,181.886078,352.517334,212.283752,0.719265
35,368.195831,178.541183,386.012299,212.423920,0.716505
35,556.626648,169.604706,567.268677,193.753845,0.663544
35,353.359344,180.946625,363.794464,210.548889,0.649706
35,542.962158,169.590561,552.925232,200.879730,0.530676
36,633.227600,165.190384,646.725769,194.003235,0.745341
36,695.338501,163.608978,709.786072,193.367798,0.732297
36,436.214905,174.016998,459.096344,214.343124,0.726539
36,363.745056,179.007858,381.951538,215.279419,0.710886
36,335.995850,182.225250,348.001495,212.911514,0.678954
36,476.309570,170.518814,486.164337,199.094635,0.592875
36,538.167419,168.030121,550.132935,201.893097,0.572373
36,562.746765,168.067703,574.330444,192.457596,0.564947
36,348.765717,181.576080,359.587891,209.800842,0.550166
37,642.509521,163.349350,656.166687,193.073563,0.740111
37,358.577484,178.202499,377.914459,214.126678,0.739911
37,331.356537,180.805359,342.576111,212.001236,0.736481
37,342.886505,180.907272,354.619415,210.687256,0.728104
37,701.783508,161.749573,717.160034,193.391220,0.692416
37,443.001312,170.008606,456.097260,204.512177,0.614617
37,471.090820,169.232666,481.390594,199.438980,0.606068
37,567.637695,167.779938,578.483154,193.157684,0.576277
38,651.490662,165.008102,666.200378,194.821136,0.753564
38,354.408875,177.117493,375.069366,214.003906,0.749506
38,438.456268,171.161911,455.085754,208.093231,0.731783
38,464.954651,170.822159,477.272888,201.477219,0.707081
38,326.793884,182.496063,338.371490,213.380646,0.616316
38,337.433685,180.789948,349.296936,211.802963,0.611770
38,713.709412,161.747406,727.123474,193.355667,0.608561
39,580.336182,166.177490,593.132141,192.579803,0.788986
39,458.679413,170.372391,471.833740,202.703598,0.763479
39,661.787903,163.261154,676.861023,193.744919,0.761318
39,440.203644,172.370804,455.980560,205.837570,0.724560
39,322.733459,182.601562,334.055969,213.474152,0.613609
39,332.704315,180.943207,344.563843,212.790482,0.569908
40,437.818542,171.893021,453.099182,205.005600,0.777091
40,671.154053,162.166702,685.848877,194.495483,0.756932
40,452.498871,172.919861,467.338318,203.089981,0.730961
40,316.230103,182.294281,328.571320,213.993011,0.676794
40,734.894409,159.889252,751.242920,192.192291,0.582702
40,327.143555,180.506119,339.472260,212.674026,0.574684
41,681.379028,162.494186,696.579529,195.136078,0.727015
41,435.326660,171.888397,449.256012,207.318832,0.727014
41,594.229370,167.125809,607.055237,192.983704,0.722154
41,445.581116,172.495193,458.092316,205.710892,0.699322
41,311.346130,182.175690,325.298035,215.236298,0.663494
41,746.613464,157.705460,763.527222,192.516144,0.624382
41,322.299408,180.453445,333.683533,213.492218,0.518020
42,433.481262,170.114319,453.482117,208.386383,0.785508
42,602.310730,166.793015,615.956421,195.008270,0.755225
42,316.588379,181.097122,328.420074,216.245453,0.596049
43,430.761353,167.014786,447.064087,207.513962,0.780115
43,707.177979,159.816208,723.112793,196.655884,0.760112
43,310.662659,177.869278,322.715942,214.877380,0.679611
44,422.435547,168.109604,434.252411,207.388351,0.745973
44,432.364685,166.267761,445.191803,206.716751,0.725058
44,784.898071,155.650711,804.490662,193.296173,0.724699
44,304.678406,176.363968,316.988281,214.153336,0.566872
45,412.285583,168.738541,431.655975,208.360504,0.841466
45,523.868225,162.733337,535.906799,205.791290,0.768263
45,736.904602,157.127579,750.686890,194.124435,0.763803
45,626.958557,161.435074,643.431519,189.433762,0.758900
45,429.839386,165.202011,445.570251,207.086044,0.728544
45,299.231293,176.706314,311.399628,214.248245,0.696586
45,290.114929,178.568298,304.165985,215.468216,0.612037
46,524.437866,163.883240,542.246277,208.383102,0.850533
46,404.077271,168.214157,424.987976,210.780838,0.839175
46,425.780182,163.329681,446.100739,207.817612,0.782088
46,811.901062,152.244186,835.756714,194.414688,0.750223
46,635.715637,162.150299,651.319641,191.753296,0.711084
46,293.638458,178.001526,305.278137,215.124374,0.690751
46,284.666870,178.986938,295.328491,216.496689,0.505443
47,523.378906,164.479218,546.785095,211.151352,0.858156
47,646.600403,165.245392,660.862854,193.091476,0.773330
47,395.108490,167.848114,415.066101,212.099792,0.772999
47,286.376404,176.658615,298.837189,216.597534,0.705556
47,760.770813,157.149307,782.729004,195.387573,0.692748
47,824.864258,155.935562,850.675110,191.903381,0.677782
47,422.498352,164.857666,443.554626,210.393158,0.652134
48,523.442993,162.490173,549.274414,210.142456,0.837915
48,383.859680,167.221039,408.050476,212.608215,0.810984
48,656.677612,160.922577,671.841614,192.853256,0.744590
48,778.117310,153.848343,799.035400,194.215134,0.733979
48,279.958588,175.788315,293.057220,216.671356,0.714244
48,321.103882,171.423218,343.320374,214.808578,0.708869
48,271.638123,177.943604,285.953979,218.153732,0.662924
48,422.030426,163.145996,442.870483,208.497971,0.627302
49,529.467773,160.221527,546.440002,209.803299,0.832344
49,668.191528,159.865753,682.988831,192.135757,0.788928
49,371.735168,166.781128,386.925781,212.538849,0.757085
49,860.575684,148.431107,882.718750,190.883347,0.716119
49,318.070099,169.335495,341.724518,214.404266,0.715235
49,421.323212,160.934708,440.493622,207.283051,0.642170
49,448.752838,160.812408,462.502289,183.089859,0.620934
50,534.371887,159.413864,555.311340,210.328003,0.865481
50,355.310150,167.334396,383.603729,217.244278,0.820638
50,679.211060,158.310028,694.113708,192.380890,0.796124
50,812.729919,150.309311,837.303955,188.095764,0.757042
50,419.613983,161.491821,437.154816,216.048309,0.645825
50,267.972595,176.068100,280.217255,195.384796,0.531390
51,535.105774,163.071075,559.980530,213.737442,0.853349
51,898.870544,145.789093,928.138611,198.590134,0.814158
51,691.031433,161.179062,706.602234,194.101105,0.754396
51,413.250824,163.090454,433.654846,221.325882,0.753464
51,342.536133,170.227951,367.666199,221.955322,0.753165
51,830.035828,150.418808,851.227356,192.935791,0.731710
51,252.399017,179.855972,268.307159,224.149094,0.723012
51,358.376648,173.122910,373.060455,218.718292,0.718772
51,261.574463,178.866531,277.442780,221.585114,0.670187
52,535.772705,164.310028,566.998840,218.522125,0.887070
52,254.601471,179.510666,271.065338,226.130920,0.800743
52,345.814331,176.397247,364.912811,224.364670,0.765991
52,703.447327,162.926376,718.349548,195.477478,0.753225
52,312.937866,173.547943,336.708282,224.702118,0.712488
52,414.943878,163.833939,437.509949,216.204117,0.682585
52,824.914551,158.382263,840.062012,194.733307,0.601785
52,333.943115,170.644714,348.822479,204.700058,0.595269
52,846.367981,141.382385,874.327393,190.931488,0.510984
53,541.260803,164.567154,564.666931,219.849548,0.891340
53,333.767792,176.774551,356.939728,228.442795,0.820025
53,716.458984,162.687027,732.516541,195.465515,0.770933
53,944.269104,142.841965,975.364075,199.067902,0.765084
53,247.082733,180.857117,264.253693,228.142792,0.754379
53,311.831146,171.712112,336.861969,227.353745,0.746768
53,830.901123,159.218018,846.293884,194.583405,0.708972
53,234.374908,181.258575,251.826187,230.320068,0.505252
54,548.298950,162.540665,563.768250,219.537369,0.858754
54,971.677490,142.817062,1001.187805,197.464951,0.768982
54,728.860718,162.698578,744.501465,196.217133,0.768737
54,239.162674,180.337891,257.057526,230.159378,0.750417
54,836.042297,157.757278,853.238953,195.492004,0.671827
54,230.211365,182.751892,245.314285,230.422974,0.552869
55,548.151611,161.507584,576.677979,222.357651,0.879774
55,278.345520,172.487778,303.635040,233.763840,0.771187
55,234.092789,181.636261,252.575989,229.646576,0.769009
55,843.192932,157.387711,858.451660,195.975876,0.694433
55,989.587463,141.046921,1028.194336,194.908997,0.693693
55,220.135529,182.293808,243.265060,233.282471,0.665166
55,413.747192,163.296844,431.089325,182.137756,0.509755
56,546.735168,161.520508,582.957581,223.419708,0.888846
56,265.681274,171.845657,295.016296,237.557495,0.854734
56,755.774109,159.430923,773.292969,192.460159,0.790271
56,226.928406,180.938385,246.273834,230.278046,0.781324
56,212.220901,182.325455,237.156143,234.107376,0.657714
56,410.205078,161.302658,429.881195,181.908447,0.654264
56,850.481140,157.907791,865.183594,195.578125,0.559112
56,379.415314,164.755371,391.168915,213.003662,0.519493
57,551.599548,161.706146,583.238281,223.421432,0.908270
57,275.864532,176.975677,298.710022,234.444809,0.850915
57,219.451874,180.300156,239.236511,232.053864,0.809022
57,254.872452,170.548447,280.253723,238.672119,0.804742
57,771.462708,158.892227,787.266907,192.504654,0.799063
57,1052.100708,135.089325,1091.483398,198.362930,0.765569
57,367.738373,163.110474,382.361359,210.342514,0.685633
57,209.643509,182.324219,226.992798,234.774628,0.604889
58,259.029022,178.333344,288.655182,236.832260,0.889871
58,563.797058,160.410461,585.853943,225.209457,0.858474
58,237.013580,170.459473,258.461365,240.968811,0.846991
58,210.105209,179.548523,229.925369,234.005112,0.805699
58,1083.434570,132.131958,1122.776611,205.021896,0.771099
58,863.343567,154.137390,877.233765,197.325027,0.738763
58,785.191223,158.507431,802.651123,192.622467,0.712214
58,355.448517,164.036102,371.212799,211.534973,0.574215
58,200.058594,180.538971,216.692215,233.647781,0.565165
58,425.652466,161.229172,446.963959,180.276001,0.507103
59,569.441528,159.486633,593.555298,226.146957,0.890287
59,237.801437,177.286911,271.450531,238.156296,0.882628
59,211.953720,170.295303,243.075180,244.955994,0.848821
59,801.966614,157.739136,816.448242,193.795303,0.750778
59,869.041687,154.528015,884.224426,198.572830,0.724613
59,203.714081,179.125977,220.291565,236.726562,0.688746
59,1014.423767,140.303482,1035.487793,190.216782,0.589020
59,193.128464,181.490234,211.091965,236.974854,0.528305
60,569.934265,160.128708,606.767883,229.645233,0.893086
60,229.814697,177.649521,248.390396,239.930328,0.864068
60,186.573517,173.591110,231.343933,246.339432,0.859697
60,296.156982,169.353638,343.177063,231.411484,0.778024
60,875.465820,153.757385,891.119629,196.873901,0.704167
60,177.397354,181.580780,200.088440,242.944595,0.673473
60,1149.163696,130.259262,1184.997803,210.397049,0.636907
60,817.380920,158.035538,834.866821,192.090088,0.579805
60,407.159302,160.231155,426.973206,182.188583,0.509788
61,574.068970,160.027115,610.740845,230.614624,0.911619
61,210.742722,177.662842,236.855240,243.699036,0.833811
61,158.693268,172.519287,210.157028,248.174927,0.808278
61,881.789490,151.604263,898.989075,198.008011,0.761257
61,298.554474,167.134781,330.165588,214.220428,0.754080
61,839.387634,155.086823,855.387451,192.749573,0.734964
61,1078.014038,136.227188,1104.245483,191.637787,0.665859
61,193.927246,179.897995,213.571106,241.100708,0.646110
62,585.732910,157.954483,613.222534,231.746628,0.885315
62,187.565140,179.641068,224.630508,247.959061,0.858735
62,148.146255,172.417145,182.451843,252.367508,0.801339
62,887.468323,150.989334,904.351379,197.136383,0.769050
62,1102.963745,133.752304,1135.786987,191.842499,0.706926
62,852.018738,155.148239,872.282898,191.288620,0.565711
63,596.641541,155.989075,620.117004,234.168243,0.873679
63,171.294800,180.557541,209.113007,246.213776,0.866680
63,130.118408,172.507050,156.870773,256.819824,0.829183
63,273.505219,163.830963,299.733521,225.630341,0.771764
63,892.796143,150.791046,911.595398,198.198547,0.739926
63,1138.776367,133.058334,1179.831055,192.005188,0.696071
63,402.299866,157.687210,426.986511,188.725433,0.693170
63,871.444519,155.834595,885.238342,190.034286,0.628932
63,312.834076,167.193924,339.460388,189.790939,0.503106
64,596.975586,157.660553,638.426697,236.220856,0.900742
64,95.261902,174.429001,139.352493,259.295654,0.849409
64,153.244400,180.046570,181.953766,249.684982,0.816611
64,172.852173,179.948898,189.854553,241.495102,0.808007
64,256.900848,166.174652,280.572327,214.790192,0.750567
64,400.925140,159.146271,426.906097,195.964813,0.749163
64,314.273560,166.564621,341.358215,191.417816,0.724073
64,893.219971,151.086761,919.125916,199.391739,0.721527
65,597.804443,158.043350,647.143311,239.391006,0.912163
65,62.223183,175.675766,124.169159,263.786194,0.902451
65,159.830032,179.650253,187.671188,246.886337,0.812684
65,131.525803,180.878952,160.134842,254.548874,0.805742
65,400.792664,158.924744,429.185791,211.824509,0.799782
65,318.508484,166.237976,346.945648,187.252243,0.762074
65,908.979736,149.962967,927.852356,200.691772,0.748259
65,234.581207,167.398590,264.742889,221.460129,0.702613
66,606.500305,159.026611,648.089355,240.786438,0.905589
66,40.764614,177.693588,105.399933,271.667114,0.895597
66,154.284821,181.486084,184.938965,247.382248,0.850637
66,105.153816,183.219330,145.080338,256.771515,0.844528
66,398.476410,158.164368,430.939850,219.027802,0.841893
66,137.291504,184.422607,166.404236,251.998657,0.831359
66,321.726807,166.449173,351.163544,188.784164,0.803253
66,218.010361,168.563904,246.447540,214.956192,0.730067
66,910.906738,150.922302,932.207397,202.953018,0.717379
66,930.413513,152.464203,950.518250,193.500137,0.659961
67,624.541565,156.752289,666.580933,243.858032,0.929284
67,21.862654,178.934647,77.280602,274.222504,0.907026
67,76.900490,186.333710,132.466812,263.832855,0.887440
67,403.329407,156.166550,449.783600,256.096222,0.853081
67,145.389664,181.222412,176.593384,252.679153,0.833431
67,327.804382,168.284973,358.220490,191.385895,0.750944
67,201.381912,166.451660,229.123032,210.115021,0.728270
67,919.813843,150.231445,939.415100,204.362411,0.724327
67,949.596924,152.786438,969.721619,193.066299,0.698281
67,130.272964,184.269257,155.241959,255.453293,0.663507
68,634.213074,156.937088,684.523132,246.370499,0.934435
68,56.293533,186.901016,107.654587,265.948334,0.897548
68,0.034104,179.258972,43.552876,277.457458,0.894225
68,405.813141,156.705109,446.405396,262.145599,0.848915
68,141.834763,181.507812,164.564133,249.051300,0.797811
68,333.121338,168.270081,367.685364,196.426422,0.748964
68,182.254288,167.709106,211.237427,207.138321,0.730428
68,971.112915,151.666931,991.411316,191.482498,0.714726
68,121.955856,184.220947,145.341446,255.832062,0.688950
69,638.082642,159.289215,697.608765,248.602905,0.932312
69,406.753723,157.284607,460.788940,267.768646,0.903334
69,44.506439,186.513474,75.874268,267.180847,0.864119
69,991.290833,148.856735,1016.974304,194.959991,0.817699
69,336.179504,167.073685,384.598450,204.072739,0.798846
69,159.724945,170.411942,191.204330,206.119370,0.747719
69,933.311340,151.190262,952.348755,198.678543,0.718825
69,114.457375,183.580673,138.231201,237.183090,0.695383
69,133.879044,180.427368,158.478470,223.437027,0.650121
70,643.947632,159.527481,709.382324,253.463058,0.929617
70,403.721161,157.750488,461.113403,271.060608,0.885799
70,17.785299,189.068573,54.660240,271.711487,0.868597
70,344.589081,166.602707,397.303040,227.881149,0.855559
70,106.160851,185.221771,133.254944,226.194092,0.668685
70,782.917786,156.901947,793.728149,188.404465,0.643728
70,142.466141,172.456451,169.022110,207.134567,0.560879
71,662.375916,157.495056,711.249634,255.043213,0.928309
71,397.813385,157.622223,457.373535,278.419159,0.898632
71,0.080098,189.556091,40.461788,273.702759,0.887976
71,351.916656,167.136902,406.236847,239.321640,0.852337
71,1036.229248,149.743927,1066.320190,191.941376,0.789657
71,935.723389,151.780121,965.100708,202.501129,0.739357
72,405.189667,153.776215,466.185364,275.814423,0.919266
72,675.617615,155.898605,704.780640,257.306824,0.907582
72,365.342560,166.988586,410.447723,250.089325,0.902813
72,1058.759277,147.258316,1086.413818,188.224701,0.733368
72,950.430786,151.128357,970.607666,202.093674,0.721497
72,96.923882,169.860245,128.878555,209.871811,0.553454
73,678.194214,156.654755,736.082275,259.737213,0.926082
73,376.502197,165.754791,416.114716,254.245193,0.884472
73,403.516144,152.002487,463.285431,280.344971,0.865392
73,113.969986,182.183777,138.369171,205.402344,0.754382
73,956.580322,151.284790,977.143921,203.887863,0.735258
73,1081.780029,147.720993,1106.455322,186.727264,0.676462
73,79.512100,170.144958,112.792038,210.857040,0.643508
73,792.144897,158.395935,804.511780,186.614059,0.515815
74,682.128235,158.174576,748.686279,262.801849,0.931994
74,390.821869,166.011856,428.612000,251.564911,0.858229
74,419.889099,152.802185,469.522095,283.384888,0.832263
74,108.846115,180.476822,133.949844,205.691162,0.798353
74,961.833862,150.617828,982.507263,204.672363,0.755799
74,88.032875,183.804871,110.623856,206.880920,0.736383
74,795.279480,157.760483,807.999756,185.878204,0.601703
74,60.998711,172.156845,90.734154,210.028412,0.515561
75,694.518982,156.256912,753.303406,264.479065,0.927738
75,413.537140,156.127289,485.789520,285.277008,0.880434
75,105.757439,180.307190,131.361755,205.391907,0.770662
75,83.480209,184.233139,106.821960,206.623383,0.769886
75,966.615173,149.493073,987.480957,203.516830,0.751978
75,36.878220,173.251831,70.588188,212.944366,0.739227
75,798.917114,157.207687,811.826599,185.389984,0.604303
76,720.589600,154.059784,764.097717,267.902222,0.908045
76,14.223804,172.053864,51.748318,212.966675,0.812104
76,104.415825,181.752853,128.564926,206.325363,0.769860
76,77.905022,184.215988,107.617126,207.237366,0.755584
76,973.031921,149.951004,992.781067,199.261765,0.735782
76,802.194580,156.654404,814.677368,185.366776,0.563731
77,739.390259,153.106445,790.944519,269.622559,0.931526
77,76.098930,183.635651,107.181900,208.330444,0.792638
77,0.198236,170.800629,35.738876,213.687256,0.792074
77,102.469109,181.593826,127.034256,207.682434,0.732280
77,980.525635,149.999344,997.382202,209.311523,0.675136
77,806.233215,156.487579,817.986389,184.782867,0.600207
78,741.359009,154.867737,810.733459,271.997314,0.934238
78,98.941795,181.146027,126.090714,209.639603,0.756566
78,75.599213,182.486633,102.472809,209.960770,0.734711
78,810.216614,155.404816,822.156738,184.502151,0.614260
78,987.457947,150.376953,1001.524231,211.300232,0.573741
79,750.676392,154.218506,820.620789,275.249847,0.928647
79,72.916122,183.305161,103.099808,211.411819,0.763662
79,98.240120,179.827408,124.944725,211.332199,0.737709
79,482.381226,165.238693,526.323059,251.975830,0.611155
79,813.475769,155.306686,824.714417,183.818512,0.581135
80,775.967773,150.720764,829.676636,276.169220,0.930129
80,451.089752,153.200058,526.819458,304.215515,0.919782
80,493.467560,164.788467,542.868103,251.857391,0.862227
80,71.968468,184.076569,106.089699,213.646957,0.673824
80,97.239136,180.540512,126.275375,214.003281,0.655395
80,816.880371,155.665344,828.113953,184.617569,0.555084
81,449.863007,154.709045,537.487366,304.596313,0.930523
81,800.334412,148.647507,847.045837,277.846802,0.911790
81,99.535019,180.989990,128.498886,216.657944,0.776998
81,72.710999,183.478394,108.727036,215.731552,0.660097
82,802.857117,150.162598,872.504089,279.426880,0.932855
82,464.514496,150.763596,540.547607,307.076355,0.925999
82,529.004456,164.130722,588.984802,243.369659,0.856597
82,102.725983,180.487198,132.489258,218.897583,0.758906
82,76.492805,181.697998,108.266266,217.466156,0.748577
83,809.461304,152.763107,889.019348,282.381134,0.935359
83,471.709991,148.733810,544.210327,301.286224,0.919754
83,550.040710,164.281982,604.746826,243.415695,0.864597
83,77.469452,181.530975,112.528076,220.591415,0.760941
83,106.941422,177.321075,136.133911,221.183060,0.752477
84,829.449036,150.683060,895.576904,281.932007,0.921858
84,485.022980,147.607254,548.813416,306.165222,0.907598
84,570.906738,163.654785,626.516052,252.370911,0.866529
84,109.856110,177.465225,139.464600,226.685883,0.800618
84,80.380455,182.629333,128.242615,224.626801,0.738871
85,509.841553,151.626755,584.154480,309.862122,0.926675
85,864.116516,147.234207,913.778015,284.840424,0.901704
85,593.214539,163.950012,649.826111,250.903580,0.857346
85,113.385460,177.669113,143.993576,232.708313,0.787251
85,82.566093,184.112854,117.063904,227.234879,0.779696
85,832.109863,155.125565,843.729187,184.954483,0.509350
86,511.481079,153.405670,598.458374,312.283325,0.935079
86,871.529846,147.301300,935.886292,285.565399,0.925961
86,615.068237,162.524399,668.719177,250.879379,0.888339
86,116.535896,179.445084,148.801758,236.657349,0.834996
86,85.978394,183.599243,121.536774,230.129486,0.824704
86,834.691040,155.501038,849.778259,185.826828,0.589518
87,873.685303,151.038086,961.438416,287.702423,0.943327
87,515.947449,152.259720,600.184631,312.246155,0.917317
87,637.505920,162.869186,690.378418,253.210159,0.886751
87,120.886688,179.026459,154.278412,244.409851,0.855095
87,90.067169,181.974655,126.357887,232.628342,0.764720
87,837.299316,154.960342,853.728943,186.870667,0.730755
88,888.639160,149.485245,967.099243,289.564850,0.936879
88,535.572571,150.381073,602.319275,308.289978,0.892984
88,126.607422,177.357117,160.823929,252.649948,0.858975
88,93.846649,181.448700,134.280060,236.890457,0.683570
88,840.006042,154.527588,853.916809,186.185562,0.641616
88,659.898315,163.284241,714.482483,250.481064,0.575055
89,535.039978,148.278000,607.054382,310.686493,0.927057
89,684.274536,162.400803,735.468323,253.104355,0.877731
89,132.793686,176.782028,160.771317,253.656265,0.848761
89,919.013733,145.707153,970.013367,290.003296,0.841015
89,100.834068,182.065567,137.932251,241.490295,0.798374
89,843.136169,155.109741,854.680847,186.397339,0.589613
89,1002.434631,149.283859,1018.016846,198.267105,0.537478
90,571.782715,149.782181,638.096191,313.753113,0.911709
90,939.745972,144.157837,989.729309,289.841919,0.904368
90,706.509460,162.455124,758.847412,253.213501,0.879524
90,138.921539,177.803589,160.645584,256.431580,0.794759
90,108.759224,181.907028,144.895142,246.649719,0.784847
90,557.784546,157.385544,592.812378,297.366364,0.684559
90,1004.338989,149.249023,1018.795532,198.522522,0.675522
90,844.832092,154.931091,859.886597,187.666656,0.662273
91,939.841248,148.053070,1022.035828,289.882446,0.928790
91,574.084595,151.879700,662.696777,314.862122,0.919673
91,729.618774,162.154892,783.927856,251.872498,0.880949
91,116.418083,180.794083,154.517059,251.361160,0.777068
91,846.529907,154.369202,862.166870,186.669952,0.701318
91,1004.586548,148.992844,1018.905151,193.583740,0.512771
92,577.007263,153.817444,668.666687,313.844513,0.929276
92,941.014099,148.190262,1033.621460,290.563354,0.927108
92,751.722717,161.137619,808.195190,245.921921,0.861712
92,124.581566,179.581894,156.418076,252.583893,0.836364
92,850.130737,154.578003,864.323669,186.702454,0.714075
93,594.387390,152.509918,668.926880,313.842377,0.918670
93,968.782227,145.836456,1033.406494,286.737122,0.907578
93,775.748779,163.474899,828.214294,245.644058,0.860042
93,132.549088,180.391479,160.820129,259.657288,0.840630
93,176.374985,174.743164,197.664917,273.361877,0.801052
93,850.615906,156.125336,865.796631,187.432602,0.631903
94,620.379211,151.111359,666.307068,312.859131,0.892598
94,998.569641,143.486008,1054.795776,290.145691,0.870530
94,590.274963,161.536209,638.136108,306.393707,0.863135
94,176.954208,174.646011,204.188614,277.544556,0.859520
94,800.510986,165.391754,855.107239,244.765305,0.859275
94,853.014465,157.569656,871.030762,189.577530,0.695544
94,140.516769,182.279602,160.518997,261.224854,0.586691
95,1004.746155,145.178467,1087.544434,288.415497,0.928780
95,639.489624,150.773651,685.072754,315.295746,0.907769
95,179.269760,173.683823,211.727585,277.897186,0.873861
95,613.560730,159.203873,647.544861,306.861633,0.849989
95,823.076599,164.726364,881.060669,246.756317,0.848223
95,149.051285,180.793625,185.276749,277.607941,0.534605
96,1005.062073,145.361954,1105.011353,287.277313,0.947951
96,639.767639,152.825745,720.716675,315.164673,0.935320
96,184.195602,174.796082,223.768341,277.592133,0.878004
96,630.981079,158.757751,658.122803,301.683105,0.859233
96,846.815369,164.514862,904.666626,246.413376,0.831992
96,1004.046448,152.359283,1018.050476,205.377548,0.733839
97,1014.299011,142.829819,1106.838013,287.173157,0.941275
97,640.040405,155.898438,731.864136,314.451935,0.930455
97,186.897659,174.719772,231.970123,277.498932,0.869208
97,871.743591,163.284103,931.747864,245.223282,0.839472
97,634.638550,162.120117,669.412109,301.348755,0.800704
97,175.793503,178.137970,194.326019,276.840424,0.668483
97,1003.682983,152.253448,1018.512939,205.207596,0.565044
98,647.366516,152.849838,734.296143,316.319550,0.923772
98,1039.339233,138.805176,1124.563965,286.172577,0.919766
98,198.368942,173.739594,230.449692,277.060425,0.869694
98,894.757690,161.162201,951.083191,242.673172,0.839867
98,178.610733,178.588470,204.390442,275.039276,0.812875
98,860.657898,157.339508,876.669006,190.441116,0.673429
98,1004.378052,152.551254,1019.024963,205.936142,0.648160
99,668.757629,150.831665,734.545044,315.680084,0.900819
99,1068.064819,136.226044,1119.280396,286.194885,0.881129
99,179.406174,178.122467,229.336334,279.102356,0.877695
99,918.608582,158.198029,977.620178,244.288376,0.853285
99,862.698547,157.865692,876.927063,190.576935,0.647253
99,1004.919250,152.698120,1018.563599,206.258789,0.568878
100,1077.331421,137.777252,1151.874878,286.416046,0.917357
100,663.658203,161.912704,709.518738,302.242737,0.897616
100,212.894028,172.688751,259.477112,273.051025,0.870095
100,184.320221,178.443451,228.364838,280.409485,0.863591
100,701.108398,150.246994,738.438477,314.874817,0.856111
100,864.340027,157.586411,879.356934,190.886520,0.627986
101,1078.440796,139.144608,1166.156982,284.563995,0.928475
101,704.389709,150.549133,772.514954,313.510864,0.913953
101,220.620728,172.411438,269.080475,271.340088,0.886475
101,685.251099,159.634552,717.658386,302.910217,0.862592
101,968.694031,154.355011,1017.138489,249.098587,0.854023
101,195.183334,178.746033,230.365662,279.306061,0.836844
101,865.722168,157.489410,879.973633,190.702606,0.606357
102,706.508606,153.751999,796.218872,316.175201,0.924351
102,1095.289062,135.211212,1170.741455,282.536530,0.920851
102,221.539230,173.959564,272.579834,276.671783,0.872177
102,692.755798,160.601562,726.787231,303.952789,0.790463
102,201.333908,175.991089,232.448883,276.491760,0.773542
102,867.128845,156.793625,881.292480,189.378006,0.655499
103,709.996521,152.881195,803.065002,315.237183,0.923998
103,1124.877686,130.108398,1173.719727,280.263763,0.883487
103,231.438873,171.123489,274.694214,274.048584,0.854349
103,208.674088,176.334442,237.637115,272.311890,0.833039
103,868.561951,156.758362,881.657104,178.648056,0.719539
103,1027.393555,152.201599,1073.572144,238.630569,0.568632
104,1137.453125,129.281723,1209.113403,280.338898,0.928950
104,728.199463,151.020172,803.355286,315.165588,0.918053
104,698.672119,162.150009,760.235901,305.418457,0.900032
104,213.629471,177.236786,254.785172,279.914307,0.871571
104,247.729874,169.848969,277.819000,274.309479,0.852454
104,1004.648071,152.102905,1018.924377,208.851105,0.632647
104,870.437073,157.211807,881.753906,175.053757,0.583883
105,1139.932739,131.995178,1224.716919,280.184509,0.938496
105,720.172852,160.266754,767.828796,302.687988,0.889972
105,757.465820,147.763870,805.147339,310.410828,0.873789
105,222.739456,178.675842,257.884247,281.076080,0.859986
105,254.901291,169.167648,285.446777,273.812866,0.838534
105,1003.645630,152.353577,1018.629150,209.021057,0.642566
106,1141.757935,130.590912,1224.393921,281.107452,0.936843
106,769.872803,148.757812,828.735657,313.712616,0.901061
106,259.506042,170.507202,302.397491,273.277496,0.886375
106,742.874573,158.999222,779.124573,304.187347,0.882267
106,230.053925,176.272919,260.356964,281.328339,0.836861
106,1004.699524,152.231308,1018.701965,209.248138,0.650126
107,773.580383,149.901703,864.332397,314.279419,0.930085
107,1162.824829,126.808525,1223.936523,276.029236,0.899873
107,261.582672,171.188843,310.229645,273.515961,0.866695
107,237.080948,174.178085,265.194611,276.745972,0.827445
107,748.951904,159.555725,793.532654,303.583649,0.790563
107,1003.856323,152.034454,1018.798279,209.746002,0.646453
108,773.944641,152.078979,873.249390,313.340607,0.923902
108,272.790771,169.608932,312.201202,274.064392,0.872103
108,242.640381,174.423782,274.319031,280.061127,0.839121
108,1004.424500,152.005417,1018.632263,209.904663,0.670625
108,1199.759033,139.125854,1223.746338,270.347290,0.639929
109,781.819275,150.582428,874.578979,315.049011,0.919071
109,248.048721,175.190414,293.136230,275.805450,0.859759
109,282.202148,169.121689,317.166351,274.767120,0.858898
109,1004.635071,151.817474,1018.694702,209.822418,0.658135
109,875.591919,160.051575,894.874268,194.212051,0.585587
110,809.021301,148.282013,874.928101,312.075623,0.916015
110,772.751099,161.135391,829.892273,299.693909,0.881020
110,290.374115,168.780319,329.539185,273.473724,0.874049
110,258.199554,175.323685,295.557648,277.281097,0.852382
110,1005.025696,151.817520,1018.667786,209.407043,0.678714
111,294.715576,170.040436,349.285492,273.014404,0.889449
111,799.259155,159.274734,837.832214,304.483490,0.858394
111,267.815552,174.657532,297.828491,281.722198,0.817559
111,840.635986,146.660126,879.223083,312.542877,0.802552
111,1004.442017,152.088440,1018.612061,209.037827,0.684837
112,844.758118,149.290634,910.523376,312.994843,0.905265
112,810.158569,159.045837,850.576294,306.745697,0.899789
112,295.208191,171.827194,357.657440,273.920929,0.897780
112,274.359863,172.837845,303.976685,276.344208,0.818841
112,1004.444458,151.768829,1018.719116,209.062363,0.668334
113,845.327026,151.070694,934.823242,314.676453,0.925712
113,304.530121,170.448303,357.863556,274.147736,0.885846
113,281.329834,172.133240,312.173187,277.680939,0.838613
113,1004.294861,152.111130,1018.675476,209.064133,0.657859
114,849.810364,150.801697,940.434265,313.573364,0.924681
114,283.793030,174.095886,327.459656,278.390900,0.886139
114,813.793640,161.034515,878.670288,305.515900,0.885612
114,321.650848,168.330643,358.654938,272.833740,0.872392
114,1004.180908,152.195129,1018.657532,209.078812,0.650228
115,869.672546,148.478882,940.530029,308.896118,0.904601
115,835.368225,159.216949,885.963074,303.170929,0.899729
115,298.391266,175.476242,334.839935,279.221497,0.867275
115,333.656708,168.770767,364.967133,274.737488,0.838515
115,1004.271729,152.500107,1018.695435,209.135513,0.649264
116,338.766815,169.486435,384.694427,272.673492,0.896665
116,859.099365,155.958710,900.652283,303.653412,0.885855
116,898.284302,146.529846,948.111633,309.766266,0.881242
116,309.685974,175.216049,336.789642,282.717987,0.855279
116,1004.705017,152.842194,1018.649841,208.801361,0.630399
117,908.680603,147.153900,973.553772,310.091278,0.913868
117,870.517212,156.313995,915.757690,304.224884,0.907596
117,341.981262,170.964905,394.468597,272.481018,0.906758
117,317.752441,173.719925,343.373322,257.143250,0.825484
117,1004.892395,152.908524,1018.680420,209.091553,0.657406
118,909.264648,146.791382,1009.897949,309.900330,0.939116
118,354.653656,171.968430,396.234711,273.700165,0.906256
118,325.497009,173.224121,354.320007,274.757202,0.862460
118,1004.889038,152.963593,1018.605591,208.738770,0.636822
119,909.800354,150.412247,1017.249756,309.793213,0.940395
119,366.627899,169.669998,401.298828,275.105072,0.874017
119,332.784485,173.534348,376.748291,275.411102,0.869741
119,883.640198,156.462936,898.954956,195.144455,0.641612
119,1004.722961,152.594559,1018.714661,208.824585,0.595874
120,918.748291,147.321213,1016.912598,311.841095,0.926519
120,374.421570,170.372192,417.762360,274.430328,0.871495
120,325.199127,174.678223,380.259888,280.981323,0.869382
120,1005.189392,153.016800,1018.636353,208.285110,0.638121
120,883.729126,156.648315,898.900574,195.294098,0.612323
121,380.107880,171.267365,436.604614,273.453308,0.910944
121,945.272217,146.041901,1018.122314,309.218658,0.909341
121,912.944946,155.536865,964.517090,301.672211,0.878511
121,354.354584,174.549957,380.730835,276.968140,0.839443
121,883.902710,156.453400,899.236572,194.864151,0.667616
122,383.448914,170.705704,441.852844,272.452576,0.911504
122,935.393738,154.418198,981.338562,303.835907,0.892251
122,362.385590,173.578323,388.198059,264.892334,0.838511
122,979.114990,144.270050,1024.177612,308.780396,0.822957
122,884.069946,156.275421,898.198120,194.872040,0.700003
123,985.538208,143.816544,1059.870850,309.954529,0.899595
123,944.338562,155.155441,994.120728,304.018036,0.899312
123,395.201447,169.412781,442.835236,274.932678,0.889610
123,367.419983,173.161377,398.953613,279.880981,0.827673
123,883.974121,156.157898,897.713013,194.845200,0.653409
124,986.558105,146.196335,1084.518799,309.274414,0.928019
124,944.269958,156.088257,1029.310181,304.311371,0.877854
124,365.034149,175.274460,419.788574,279.876129,0.861527
124,408.918091,168.806564,443.360626,274.110443,0.844014
124,883.851807,155.897629,897.653931,194.750488,0.580921
125,990.580200,144.940506,1088.328979,308.739655,0.921273
125,959.928284,155.921982,1018.343933,304.935577,0.890698
125,373.178223,175.009979,425.116394,280.505554,0.888289
125,417.735077,174.297638,450.390350,272.742798,0.847736
125,883.133606,155.294693,896.435669,194.898270,0.680126
126,1012.526733,138.969788,1087.972168,305.181122,0.893758
126,423.295197,171.933746,471.134766,271.376801,0.886905
126,987.786682,151.940018,1032.080811,300.770660,0.869140
126,393.509430,174.079147,426.705200,279.894318,0.822013
126,883.086731,154.260117,895.162048,194.915543,0.622975
127,1001.268921,150.496704,1051.091064,299.631561,0.906306
127,430.936829,173.125809,479.025299,271.709839,0.900786
127,1044.187378,136.104568,1097.322754,307.194458,0.848848
127,409.378754,174.479553,436.153534,274.774292,0.820125
127,882.819031,153.776672,894.851807,194.957611,0.653742
128,1053.868774,136.442459,1126.678345,303.375641,0.896021
128,1006.940491,151.460770,1060.103882,299.469940,0.875158
128,441.526428,178.138382,479.510193,274.385864,0.862230
128,409.605927,173.681152,456.545288,280.485718,0.859687
128,882.275513,153.993149,895.078003,195.119034,0.680233
128,1004.798096,152.529572,1018.244446,209.547104,0.551120
129,1054.963013,137.472961,1163.134399,303.386902,0.916448
129,1006.119202,152.090912,1097.911987,301.019470,0.897550
129,410.374725,175.466949,465.896790,280.511017,0.870355
129,451.195648,170.892838,483.834076,274.155731,0.827122
129,882.230225,154.023605,895.044250,195.055298,0.693367
129,1004.759521,152.400436,1018.685547,209.445831,0.561553
130,1055.920410,136.972412,1172.504761,302.664215,0.939319
130,421.594025,175.329514,467.179443,280.105865,0.862449
130,460.796234,169.995270,498.369537,271.359711,0.860934
130,882.223816,154.844894,895.349243,195.148163,0.660233
130,1004.712769,152.530075,1018.637939,209.589584,0.542741
131,1064.273193,133.797256,1175.769287,304.861206,0.936096
131,1038.347168,146.473206,1095.681396,288.126556,0.890709
131,467.581818,171.932419,517.534119,271.443390,0.868853
131,444.290771,174.017883,476.640839,278.697510,0.737295
131,881.970337,154.506577,894.987488,195.151657,0.641280
131,1004.892090,152.190292,1018.827026,209.653564,0.623141
132,1088.161255,127.845924,1171.790405,301.320862,0.917137
132,1062.584961,143.906006,1106.919067,293.097198,0.876744
132,476.204193,171.061691,522.539978,271.782227,0.862783
132,455.866913,172.846741,482.693695,272.227692,0.717731
132,1004.687561,152.547180,1018.763794,209.558090,0.635492
132,882.082947,155.420959,895.696350,194.949509,0.614742
133,1074.271484,143.628571,1132.308350,294.555878,0.896766
133,485.649078,169.795700,524.190613,272.407166,0.844687
133,453.375549,173.210861,504.255432,277.442810,0.838238
133,1123.691895,127.729652,1177.916504,300.816315,0.822230
133,1004.762756,152.819229,1018.742493,209.496933,0.659868
133,882.175598,155.646332,895.302429,194.992188,0.566669
134,1077.812134,144.239151,1143.691528,293.598450,0.913857
134,458.379242,175.197678,512.289307,279.835663,0.879219
134,1137.770264,127.585739,1203.294189,302.060638,0.868062
134,495.380157,167.835724,528.652344,271.676605,0.825719
134,1004.537354,152.613770,1018.694214,209.187927,0.637860
134,882.293030,155.855652,895.790344,194.955994,0.584973
135,1138.896851,129.416092,1223.785034,301.907471,0.928074
135,1082.445923,143.567520,1146.925415,293.251923,0.911715
135,503.931885,168.367096,536.266785,272.598419,0.861033
135,480.260773,174.186630,509.653046,273.145203,0.727440
135,1004.693665,152.752335,1018.720581,209.377365,0.658131
135,882.255493,155.478806,894.990356,195.119873,0.618814
136,1139.778320,129.179581,1223.695435,300.753571,0.920627
136,1104.086182,140.888702,1154.285645,287.744965,0.909252
136,513.152405,169.803589,556.102966,269.733032,0.901410
136,493.452637,173.567505,519.350830,250.955917,0.729755
136,882.441772,155.304489,895.222351,195.152115,0.666000
136,1004.469482,152.652664,1018.768005,209.402634,0.635676
137,1151.087769,127.527863,1223.103882,301.956970,0.896473
137,1122.289185,137.885330,1174.326416,285.843781,0.891645
137,523.488708,170.360687,563.534058,272.860931,0.868532
137,498.787933,172.909729,536.126526,279.132751,0.783558
137,1004.668579,152.790985,1018.621582,209.214890,0.651948
137,882.692688,155.444931,895.370728,195.090118,0.620949
138,1133.122070,138.726562,1192.600220,287.851074,0.904223
138,530.796387,170.474533,562.631958,273.919647,0.873989
138,496.428772,174.370193,551.177551,278.181244,0.858495
138,1179.689331,142.473984,1223.171021,294.408630,0.795634
138,882.770569,155.435715,895.334717,195.045212,0.652905
138,1004.283569,152.633057,1018.745728,209.404770,0.636577
139,1133.146118,140.144882,1222.596313,287.120331,0.930335
139,539.167847,167.614822,568.170654,273.790558,0.867908
139,505.591309,173.853378,550.044861,277.590851,0.830620
139,882.915710,155.913345,896.296082,195.084229,0.633521
139,1004.594910,152.982712,1018.668945,209.065399,0.632292
140,1134.826538,140.378326,1222.950684,287.263672,0.938770
140,548.196167,168.288666,583.871094,270.124420,0.872690
140,527.317749,171.734772,557.194702,278.003723,0.785185
140,1004.777466,152.305038,1018.873596,209.068878,0.643443
140,882.918152,155.815079,896.483948,195.065353,0.631666
141,1144.558716,133.111893,1223.211426,288.846802,0.938338
141,555.767761,168.902863,600.067200,266.994659,0.885208
141,538.059448,172.219070,562.792297,277.067505,0.717528
141,1004.747131,152.468689,1018.931824,209.242630,0.631946
141,883.252686,155.871811,897.083252,195.022110,0.530088
142,1170.173218,133.442871,1222.309814,285.579987,0.905180
142,563.832153,170.574219,607.337036,271.306732,0.879174
142,538.400635,173.630630,571.495972,276.166290,0.756108
142,1004.811462,152.670090,1018.641541,209.360809,0.648456
142,883.135071,155.673904,896.708069,195.034943,0.608168
143,540.136597,174.086929,587.402161,276.056549,0.851115
143,573.835876,169.983459,608.255371,271.716583,0.840248
143,883.169861,155.685165,896.516418,194.988647,0.640808
143,1004.437134,153.092224,1018.659363,209.049957,0.624551
143,1199.444458,149.342636,1223.624268,283.906952,0.593824
144,583.136414,168.431335,608.843018,272.030945,0.854930
144,550.830933,173.383530,593.752441,276.169342,0.810962
144,883.302551,155.600677,896.902954,195.040497,0.620369
144,1004.898621,152.627625,1018.691223,208.530441,0.602673
145,591.489807,167.589462,615.239258,271.957642,0.835326
145,569.780273,171.298050,598.660278,274.486816,0.775378
145,883.144897,155.705795,896.676514,195.070602,0.638496
145,1004.986938,153.000427,1018.663208,209.026382,0.630217
146,599.230957,168.555145,637.472900,269.855835,0.866675
146,580.536011,172.063217,608.385254,277.215820,0.798362
146,1004.927673,152.807373,1018.670654,208.997879,0.615340
146,883.217712,155.623367,897.281311,195.079834,0.592424
147,607.135376,169.557800,645.560181,272.437836,0.876040
147,580.399658,173.055664,616.740967,276.420654,0.796443
147,882.833313,155.823074,896.442993,195.162888,0.631104
147,1004.842957,153.128021,1018.667664,209.270508,0.608812
148,616.840271,167.775726,647.164429,272.408234,0.856946
148,583.378479,173.121338,629.881592,275.968658,0.803548
148,883.143921,155.854095,896.590332,195.056274,0.601313
148,1004.723145,153.454514,1018.648743,209.149170,0.560938
149,623.521423,166.844635,648.971130,275.088287,0.785981
149,596.209045,170.930908,635.465088,276.503967,0.753053
149,1004.943237,152.561249,1018.860107,209.234009,0.616377
149,882.793884,155.875763,896.466492,195.047058,0.612180
150,631.475586,166.573349,653.747314,268.823151,0.812751
150,615.953857,167.253647,641.720215,272.807800,0.707238
150,1004.899597,153.172607,1018.665588,208.984787,0.592153
150,883.153503,155.963577,896.129883,194.896103,0.566669
151,637.607117,167.542770,674.137512,272.615692,0.769393
151,1005.009521,153.091904,1018.622803,209.331116,0.616692
151,883.055908,155.917908,896.171021,194.953522,0.525905
152,619.795227,168.884705,684.088135,274.858765,0.897681
152,1004.945618,153.423874,1018.656555,208.988770,0.578590
152,883.143005,155.754120,896.495972,195.078857,0.574285
153,624.069336,171.777908,675.208618,274.578705,0.783440
153,657.691589,166.414032,688.187683,272.107574,0.705882
153,1004.745667,153.257843,1018.623840,208.933228,0.604284
153,883.067566,155.328857,896.339111,195.081757,0.594930
154,640.938232,167.592758,688.641785,271.195709,0.844568
154,882.645569,154.240280,896.019958,195.037384,0.596668
154,1005.120422,152.799454,1018.729370,208.633362,0.586874
155,656.483093,166.553040,691.311584,265.600922,0.808726
155,1004.957520,153.437195,1018.612915,209.014847,0.590707
156,660.799866,170.093460,711.352966,275.291321,0.884180
156,883.042480,154.083557,896.048767,195.022552,0.569983
156,1005.207947,153.505447,1018.610840,209.023270,0.559343
157,660.956421,174.085083,723.276062,276.133911,0.895999
157,1005.107056,153.403580,1018.600525,208.814545,0.580512
157,883.128418,154.047150,895.995911,194.965485,0.533896
158,670.009705,174.991104,728.687317,273.421265,0.882011
158,1005.032043,153.429245,1018.459045,208.939606,0.558948
159,690.048096,169.277634,722.713074,271.356812,0.759030
159,1005.356018,153.527252,1018.500793,208.921127,0.531044
160,696.104675,168.227264,729.650513,273.957977,0.871750
160,1005.013855,153.435608,1018.474792,209.000885,0.567297
160,883.361389,154.491577,896.834473,194.844360,0.550540
161,700.483826,170.233719,745.939880,273.808746,0.841168
161,883.371155,154.082214,895.544922,194.772095,0.565863
161,1005.315735,153.471329,1018.532288,209.049530,0.542017
162,702.191589,168.556412,746.419739,273.204681,0.867325
162,1005.059570,153.024506,1018.569824,209.212891,0.595354
162,883.637512,154.883026,895.796509,194.649780,0.583977
163,711.745667,170.797913,752.745239,269.378723,0.894693
163,883.243896,153.853836,895.537720,194.935333,0.572208
163,1005.334778,153.522018,1018.484924,209.016922,0.555147
164,722.616516,169.445786,761.621155,270.003540,0.890295
164,883.346008,154.244904,895.359558,194.964600,0.592805
164,1005.376038,153.496658,1018.616882,209.051682,0.592673
165,734.785095,169.407074,769.143127,272.700256,0.881981
165,883.123718,154.014221,895.571289,195.072922,0.650233
165,1005.267395,153.542023,1018.440857,208.973679,0.569679
165,23.050415,176.592468,48.200947,229.556686,0.546593
166,741.243835,168.735992,775.419189,272.968689,0.859081
166,883.350525,154.473236,895.900024,194.945496,0.636351
166,1005.266663,152.872742,1018.779053,209.473068,0.578629
167,744.699890,167.360382,791.393616,272.272491,0.860129
167,883.643066,154.860809,896.096008,194.634583,0.591673
167,1005.183167,153.572281,1018.492737,209.245438,0.564037
168,751.821045,170.564316,794.472168,265.864105,0.847959
168,883.324158,154.046204,895.724426,195.021805,0.621540
168,1005.186707,153.611511,1018.522095,209.536194,0.579880
169,758.189331,168.285782,800.900574,270.314056,0.886770
169,883.039978,153.828918,895.406128,194.987762,0.640169
169,1005.194824,152.823090,1018.729004,209.266510,0.573045
170,775.180969,168.119919,815.105042,272.641907,0.831269
170,883.729614,154.260788,896.310364,195.027512,0.586212
170,1004.938782,153.056213,1018.831848,209.527710,0.571202
171,779.781555,170.838715,837.578979,271.452942,0.861265
171,882.988220,153.577988,895.554260,195.097534,0.647018
171,1005.178894,153.478897,1018.520508,209.449265,0.603037
172,785.968140,169.008804,828.049011,269.980286,0.855911
172,883.144165,153.924484,895.597046,194.930847,0.618395
172,1004.933899,153.284134,1018.540344,209.817719,0.584257
173,790.937622,168.112137,836.621521,267.146027,0.874133
173,1005.012695,152.708389,1018.805847,209.549255,0.614888
173,883.394104,154.058136,895.277100,194.887695,0.546535
174,797.348083,166.946808,845.658142,268.828247,0.899795
174,883.494934,154.232361,895.634216,194.931396,0.610784
174,1005.107239,152.879257,1018.742981,209.664215,0.594140
175,817.274597,169.221848,855.931213,271.241150,0.785511
175,883.202576,154.158524,895.534302,195.003693,0.587820
175,1005.008789,152.970963,1018.865051,209.893234,0.580715
176,822.133789,169.087173,877.450806,271.130402,0.792202
176,883.118286,153.924927,895.132080,195.013077,0.598734
176,1004.921326,153.528427,1018.465332,209.509369,0.588659
177,832.319092,168.951935,868.075500,268.842163,0.782036
177,883.149170,154.409149,895.677429,194.952774,0.661003
177,1004.994812,152.999710,1018.775085,209.523697,0.579840
178,834.702576,167.066681,875.304321,266.973846,0.846139
178,883.485718,154.156082,895.024048,194.876816,0.621864
178,1004.657776,153.792084,1018.535828,209.487869,0.606848
179,836.401062,168.580994,877.656799,268.052979,0.746857
179,883.320251,153.757690,895.129700,194.393280,0.636273
179,1004.766113,153.047531,1018.780762,209.427032,0.627020
180,859.568848,170.957062,918.170349,270.105103,0.824931
180,1005.008911,152.946854,1018.890930,209.987152,0.593020
181,862.802185,168.846481,905.716125,270.236389,0.822286
181,1005.045349,152.922806,1018.881409,209.760269,0.589918
182,876.881226,170.048874,917.824890,268.333710,0.869684
182,871.367737,167.106308,898.532349,229.263000,0.635809
182,1005.211670,152.961502,1018.672241,209.822784,0.586935
183,879.209839,165.027008,909.197693,267.302856,0.808886
183,895.756958,168.002045,929.014954,267.768738,0.784202
183,1005.146973,152.872635,1018.751160,209.863632,0.573811
184,882.371948,165.396271,918.194153,267.962524,0.836457
184,905.731689,166.908112,937.591492,268.250916,0.790573
184,1005.088074,152.850952,1018.764832,209.823776,0.582335
184,883.281494,154.661148,895.156555,194.386581,0.556695
185,904.266418,167.432083,956.337341,268.423676,0.859523
185,1005.229736,152.931702,1018.820435,210.101883,0.609421
186,911.101135,166.398483,962.384216,268.494141,0.868976
186,904.838928,162.457031,932.658081,247.008911,0.717602
186,1005.206848,153.092453,1018.738037,209.660141,0.590064
186,883.347778,154.506134,895.496277,194.856567,0.517818
187,924.236816,164.971115,965.617188,263.803833,0.863370
187,912.972656,160.977798,940.334900,260.477478,0.801553
187,1005.017944,153.638992,1018.550842,209.571335,0.601517
187,883.541504,154.373383,895.235291,194.685349,0.503080
188,938.320984,163.210632,970.022461,263.627716,0.847716
188,918.680725,162.411636,947.665710,262.040680,0.844481
188,1005.071228,153.077026,1018.840149,209.912506,0.585793
188,883.547852,154.628372,895.596741,194.903137,0.556264
189,921.313477,162.502563,954.569336,260.335968,0.871486
189,945.221985,163.960220,978.905579,264.493469,0.866945
189,883.404175,154.296677,895.330872,194.920395,0.606542
189,1005.249695,153.122559,1018.793335,209.784500,0.592528
190,930.028320,160.105957,964.578064,258.830231,0.862109
190,946.622498,164.829330,990.002136,263.576660,0.842238
190,1005.207886,153.727997,1018.569946,209.900620,0.590722
190,883.514404,154.232849,895.401978,194.839386,0.579770
191,951.657532,162.781006,996.209900,262.595581,0.869401
191,1004.940796,153.562820,1018.645996,209.616440,0.663037
191,883.594299,154.223450,895.591675,194.900345,0.579686
192,964.717773,162.309769,1005.305176,256.516418,0.853238
192,950.621216,157.771790,981.368286,254.678848,0.828001
192,1005.185486,153.708679,1018.528320,208.712479,0.668205
192,883.291565,154.319977,895.492065,194.919067,0.609483
193,958.541748,158.619232,992.092896,257.597900,0.857159
193,983.886230,159.932556,1013.966736,261.377869,0.850366
193,883.464111,153.861282,895.558105,194.878860,0.590528
194,962.869690,158.941467,996.296570,258.021545,0.872296
194,989.090149,160.706802,1020.010925,260.189301,0.852942
194,883.783447,154.787125,895.703979,194.860138,0.589133
195,969.970459,158.990051,1004.270508,257.879486,0.868731
195,989.060974,161.417175,1021.486938,259.423157,0.864844
195,883.362366,154.133423,895.598816,194.941956,0.603979
196,982.736816,156.486343,1016.448364,254.411880,0.795525
196,883.490417,154.054443,895.355591,194.874252,0.608184
197,990.774902,155.587296,1020.100769,253.347122,0.844841
197,883.197083,154.176147,895.605225,195.010284,0.623683
198,995.138977,154.104568,1020.896851,253.945282,0.808154
198,883.564819,153.717621,895.620178,194.883026,0.539014
198,1032.863037,156.680389,1053.910034,252.765762,0.515471
199,1035.286255,156.583115,1077.653198,252.557373,0.775091
199,1000.655334,158.870605,1050.030518,254.075729,0.753589
199,883.440918,154.167969,895.684631,194.888062,0.585210
200,1035.350708,157.432220,1068.431763,250.785370,0.800417
200,883.403931,154.349640,895.662048,194.932343,0.610200
200,1003.351257,156.951447,1041.331055,254.176987,0.605268
201,1036.687988,156.641708,1079.240479,251.429138,0.852771
201,1004.567566,152.118774,1018.338623,210.515045,0.651100
201,1032.911621,154.637894,1051.636353,234.181458,0.533706
201,883.625977,154.151825,895.613647,194.860229,0.524087
202,1047.451782,153.612961,1085.415405,252.669312,0.872625
202,1034.510742,151.299240,1057.835938,246.579239,0.838147
202,1004.140259,151.452835,1018.451111,210.381500,0.676194
202,883.986755,155.267258,895.878296,194.472504,0.539345
203,1057.787354,152.351425,1093.750610,252.991455,0.877350
203,1036.878662,151.993652,1066.830811,250.205902,0.876393
203,1004.020203,151.371017,1018.520508,210.372635,0.606679
203,883.751526,154.543732,895.933899,194.833435,0.579615
204,1066.220703,153.666763,1105.147217,252.162094,0.884751
204,1039.012085,151.867325,1072.881714,249.623367,0.870320
204,1003.393799,150.947281,1018.608337,209.740356,0.659429
204,883.944397,154.853683,895.920410,194.491028,0.532279
205,1068.181519,153.235184,1114.782349,252.133286,0.887317
205,1040.250366,152.015656,1079.174805,249.256088,0.872625
205,1003.359680,150.625870,1018.794067,210.049026,0.699941
205,884.069092,154.972626,895.936462,194.475739,0.543940
206,1077.952637,152.182587,1118.254272,250.460342,0.905655
206,1049.381958,150.999237,1085.989868,248.452667,0.887032
206,1002.797302,150.317307,1018.779053,210.250961,0.697004
206,883.731567,154.788055,895.573303,194.818604,0.566939
207,1086.576294,149.940033,1124.064087,248.690582,0.864826
207,1057.668335,148.797653,1091.833130,243.733292,0.845409
207,1001.841919,149.539322,1018.762085,209.516953,0.697897
207,883.866577,155.197815,895.894287,194.528839,0.545929
208,1063.008667,149.104675,1101.437134,245.109009,0.863322
208,1097.291260,150.212296,1136.747070,247.993622,0.786129
208,997.995178,149.375183,1018.761963,209.450012,0.711099
208,884.167053,155.141235,895.876282,194.417496,0.556761
209,1101.822754,149.483276,1156.479370,247.985947,0.866514
209,1070.047974,148.654922,1105.873657,245.453461,0.856266
209,1000.138306,149.488190,1018.790466,209.864502,0.686458
209,884.016052,155.134293,895.670959,194.513260,0.581109
210,1074.893799,149.569794,1112.597168,245.306610,0.881823
210,1103.521851,149.838013,1159.846191,248.536163,0.880822
210,998.098938,149.894501,1018.652344,209.463257,0.696718
210,883.929749,155.064545,895.871399,194.578995,0.559234
211,1078.272217,147.956528,1125.055908,244.707535,0.890652
211,1114.385498,148.700729,1156.966309,243.505737,0.853820
211,996.867737,150.128540,1018.668152,209.504868,0.714907
211,883.941101,155.328018,895.755066,194.493210,0.554689
212,1090.737183,145.507736,1132.160034,242.154358,0.891340
212,1124.257446,145.928009,1163.584595,243.755264,0.869714
212,996.015930,150.285385,1018.533875,209.136505,0.700016
212,883.837646,155.371109,895.680664,194.488861,0.588367
213,1098.703247,144.440872,1137.666870,241.858841,0.861986
213,1130.109497,146.122986,1172.285645,244.959244,0.856872
213,1000.754211,150.644745,1018.535461,209.191772,0.647220
213,884.062927,155.209503,896.017456,194.439758,0.520069
214,1138.462891,147.026260,1179.977539,244.005463,0.879529
214,1105.720703,144.394333,1143.663696,241.379929,0.867760
214,883.805481,154.746948,895.741516,194.778793,0.513739
215,1144.738403,146.684219,1187.319214,244.639053,0.882516
215,1112.794189,144.577240,1152.501709,241.176437,0.876101
215,995.202576,150.363388,1018.473511,209.351654,0.666555
215,883.532349,154.421509,895.605347,194.744537,0.596192
216,1116.586670,143.712479,1161.755615,240.865097,0.873509
216,1152.501465,145.092209,1192.744141,240.152695,0.861860
216,997.058716,150.414856,1018.535461,209.307190,0.687235
216,883.832825,154.757019,895.828308,194.819595,0.553956
217,1125.100830,140.885025,1165.910645,238.588348,0.909104
217,1158.837280,142.338882,1199.625854,238.620834,0.880925
217,883.579224,155.161575,895.558105,194.425949,0.615411
217,999.762268,150.015976,1018.477356,209.342651,0.608909
218,1132.647095,140.657898,1168.778076,236.281418,0.848389
218,1164.984741,142.156601,1210.505615,237.971741,0.839910
218,1000.187561,150.419891,1018.545776,209.936554,0.638201
218,884.105530,155.217896,896.003357,194.397461,0.529959
219,1171.217896,143.847092,1222.690674,239.268478,0.878733
219,1138.154175,139.726196,1176.614380,236.336304,0.858566
219,995.763184,149.114609,1018.609436,209.602142,0.670590
219,883.600403,154.269928,895.635193,194.713974,0.553701
220,1142.867432,141.219299,1182.284302,236.731308,0.863424
220,1174.463623,142.805588,1218.732666,239.220963,0.856519
220,996.104858,150.663330,1018.552307,209.343750,0.668083
220,883.911621,155.327423,895.804382,194.510147,0.590387
221,1149.253174,141.314774,1190.306885,235.825989,0.868187
221,1181.528442,142.035034,1222.646729,236.722397,0.860599
221,1001.857056,150.730057,1018.560120,209.351974,0.672290
221,884.105408,155.234161,895.969055,194.588974,0.520549
222,1153.701782,140.596283,1198.861084,235.232285,0.891191
222,1193.852661,141.024200,1222.381348,234.983170,0.832310
222,995.139954,150.774277,1018.576233,209.253250,0.702098
222,883.906067,155.230362,896.163574,194.818207,0.567529
223,1164.008423,139.133942,1205.964722,234.084595,0.869955
223,994.913940,151.639359,1018.577759,209.474121,0.724745
223,1201.631836,141.438965,1223.486450,235.839935,0.522288
223,884.270813,155.274887,896.104187,194.734222,0.520664
224,1170.065674,138.020187,1210.112793,233.112427,0.855025
224,995.190186,150.979446,1018.616150,209.421524,0.675666
224,883.993408,155.188889,896.197266,194.787262,0.641940
225,1176.703369,139.558838,1215.624634,232.591858,0.844622
225,995.476440,150.774185,1018.699036,209.343079,0.709925
225,884.177856,155.418610,896.276672,194.523682,0.570710
226,1181.854614,139.961166,1220.955444,233.572449,0.884245
226,883.984375,155.497635,896.000488,194.438278,0.675875
226,998.845276,151.957001,1018.711426,209.872879,0.587395
227,1186.470337,140.598022,1222.890991,233.107834,0.881423
227,995.967163,150.748718,1018.790833,209.804382,0.699199
227,883.949036,155.600906,896.345581,194.559006,0.671511
228,1192.914551,138.551636,1222.950073,226.878174,0.768414
228,993.983704,150.992340,1018.807800,209.808731,0.700732
228,884.148376,155.423203,896.005005,194.428223,0.671136
229,1196.246704,137.816681,1223.417236,228.043640,0.800433
229,995.643738,150.832916,1018.822021,210.022308,0.730316
229,884.354492,155.528198,895.909424,194.628372,0.613337
230,1200.898804,138.870209,1224.150635,231.779190,0.760460
230,997.905457,150.860077,1018.947205,209.763687,0.741488
230,884.195923,155.551224,895.301025,183.061615,0.550631
231,1207.144287,144.212418,1224.249268,231.304428,0.751088
231,997.781921,150.599747,1018.855347,209.947815,0.689408
232,996.309204,150.830215,1018.769409,210.119232,0.673112
233,1000.218323,151.568634,1018.887329,210.169754,0.724416
234,998.846436,150.974548,1018.760864,210.201248,0.673267
235,999.293030,151.175858,1018.671509,209.368729,0.651860
238,884.197937,155.580872,896.258850,194.400284,0.549397
239,884.207092,155.648926,896.584412,194.691071,0.629057
240,883.918152,155.606659,896.224915,194.525162,0.643398
241,884.313782,155.688736,896.597839,194.501373,0.626913
242,884.308655,155.683823,896.064392,194.416443,0.566710
243,1001.087769,149.842987,1018.410583,210.627396,0.709419
243,884.168701,155.620239,896.205811,194.375320,0.628918
244,1003.042419,149.440582,1018.559509,209.879379,0.652254
244,884.197083,155.689133,896.428589,194.606873,0.601636
245,1003.308228,148.952255,1018.651184,209.812866,0.686807
245,884.117126,155.629715,896.434021,194.468475,0.630496
246,1003.332886,149.094315,1018.627930,209.827438,0.704968
246,884.150330,155.866623,896.451111,194.399994,0.637358
247,1003.621826,149.196609,1018.734558,209.820175,0.696202
247,884.122742,155.552383,896.625549,194.550537,0.672360
248,1001.411499,149.407181,1018.684143,209.949341,0.690025
248,883.937805,155.703827,896.524414,194.630127,0.673930
249,1002.681763,149.392151,1018.704468,209.958832,0.699397
249,884.257507,155.515198,896.677490,194.594284,0.653286
250,1002.448181,149.651367,1018.825256,211.000183,0.700108
250,884.021118,155.545425,896.533264,194.540802,0.635308
251,1001.592651,150.110519,1018.927856,211.264954,0.700797
251,884.003418,155.596283,896.504272,194.492783,0.651665
252,1002.931885,150.449310,1018.922791,211.225983,0.723868
252,883.901001,155.672073,896.461487,194.534943,0.670347
253,1002.715576,150.482285,1018.941833,211.043198,0.731785
253,884.219360,155.698029,896.368958,194.392899,0.633687
254,1002.733765,150.764938,1018.999695,210.941666,0.733617
254,884.149597,155.526535,896.491272,194.610184,0.634412
255,1001.032532,150.707275,1018.823669,210.473557,0.725306
255,884.365845,155.485504,896.414734,194.376602,0.593230
256,1002.274109,150.968658,1018.924255,210.645493,0.740120
256,883.923584,155.456299,896.253967,194.426743,0.667813
257,1001.997742,150.875275,1018.812500,210.207092,0.726707
257,884.037598,155.438980,896.436401,194.544800,0.669034
258,1002.031860,150.747177,1018.934692,210.293365,0.729052
258,883.861450,155.449860,896.339233,194.583710,0.686313
259,1001.368530,151.237839,1018.832947,210.564880,0.728700
259,884.109802,155.532669,896.452393,194.487778,0.634833
260,1001.573425,151.531662,1019.147766,211.280411,0.714096
260,884.076721,155.646149,896.469910,194.324295,0.663705
261,1001.209839,151.418854,1018.881897,210.707748,0.692153
261,884.153015,155.688522,896.281311,194.468903,0.683813
262,1001.967346,151.803177,1019.090271,211.571960,0.689853
262,884.100403,155.833374,896.289062,194.376755,0.610524
263,1000.766174,151.575714,1018.915344,210.960526,0.724410
263,884.067139,155.491531,896.483887,194.327179,0.663982
264,1002.002258,151.933838,1019.096985,211.459793,0.702010
264,884.010681,155.657516,896.280701,194.361221,0.639668
265,1002.183594,152.017075,1019.053467,211.281830,0.668405
265,884.195984,155.726868,896.476929,194.385437,0.584745
266,1002.570190,152.231720,1019.156921,211.723129,0.666229
266,884.097046,155.660934,896.272766,194.400803,0.628312
267,1002.712952,152.417236,1019.040466,211.230530,0.677971
267,884.371277,155.540527,896.543396,194.421539,0.570377
268,1002.170959,152.153809,1019.268799,211.750534,0.691177
268,884.001831,155.564026,896.613403,194.577179,0.611563
269,1001.486084,151.856506,1019.128540,211.279724,0.671545
269,884.052856,155.702347,896.290527,194.439240,0.613129
270,1001.892944,151.998779,1019.161743,211.277512,0.646480
270,883.962708,155.199951,896.526001,194.792328,0.572017
271,999.899536,151.868607,1018.919189,210.695709,0.695153
271,884.234375,155.175369,896.382019,194.781204,0.580933
272,1000.516907,152.097290,1018.946777,210.663635,0.673111
272,883.998535,155.620331,896.343018,194.525009,0.573243
273,1002.019653,151.955902,1019.045898,210.915085,0.672699
273,884.297668,155.767487,896.756042,194.810959,0.552594
274,1003.088379,152.137238,1018.869263,210.968613,0.678308
274,883.917725,155.732300,896.259399,194.626602,0.614165
275,1002.494751,152.012192,1018.997864,210.453934,0.691582
275,884.538147,155.879791,896.401184,194.342163,0.501491
276,1003.334961,151.662247,1019.230408,211.381561,0.661555
276,884.428406,155.518860,896.592896,194.784958,0.586427
277,1003.192078,151.858917,1019.260498,211.385376,0.673300
277,884.048645,155.471420,896.712646,194.891678,0.581083
278,1001.888184,151.754196,1018.968994,210.789459,0.670501
278,884.279541,155.622421,896.409912,194.420761,0.598840
279,1002.839111,151.896011,1019.264587,211.489456,0.693384
279,884.420166,155.730118,896.637695,194.475449,0.538176
280,1001.989441,151.990829,1019.051025,211.258835,0.675169
280,884.120178,155.245773,896.621155,195.051575,0.620770
281,1002.564453,152.036392,1019.023254,210.826340,0.716825
281,883.815063,155.570633,896.117188,194.441910,0.693219
282,1003.043884,151.938522,1019.008606,210.920135,0.708897
282,883.919556,155.414185,896.711304,194.936584,0.604442
283,1003.108826,151.862228,1019.188171,211.239044,0.686943
283,884.125977,155.441605,896.621582,194.630249,0.639184
284,1002.887390,152.046738,1019.200928,211.382034,0.675775
284,884.262451,155.667496,896.369080,194.468079,0.644819
285,883.986633,155.524933,896.543884,194.509354,0.680809
285,1002.179016,152.016541,1019.216125,211.754135,0.660786
286,1002.711365,151.844254,1019.225830,211.933731,0.654400
286,884.220581,155.392319,896.581482,194.828461,0.617750
287,884.135864,155.678741,896.143372,194.415421,0.668993
287,1003.614746,152.269058,1019.133789,211.159470,0.650707
288,884.379578,155.482040,896.467102,194.234329,0.662190
288,1003.791077,152.041214,1019.058533,211.442505,0.637576
289,884.090332,155.601288,896.476440,194.693207,0.684131
289,1003.081665,152.046036,1019.091125,211.571396,0.641985
290,1002.219788,152.065094,1019.012451,211.318924,0.663178
290,884.070984,155.399948,896.614990,194.813889,0.662521
291,884.173523,155.451050,896.366760,194.599335,0.676354
291,1003.738953,151.993378,1018.937378,211.669342,0.621860
292,1004.517822,151.822617,1018.834412,211.341766,0.655268
292,884.227356,155.588211,896.811707,194.545502,0.646126
293,884.023621,155.571014,896.292786,194.545761,0.659688
293,1004.247681,152.266129,1018.777100,211.324631,0.658744
294,884.237427,155.606262,896.447632,194.555176,0.645091
294,1004.468811,152.539719,1018.716003,211.270432,0.626704
295,1004.523926,152.022537,1018.761353,211.372253,0.629934
295,884.376648,155.756012,896.441895,194.341797,0.617570
296,884.254150,155.742554,896.601746,194.601395,0.643420
296,1004.456848,152.346924,1018.531616,210.854507,0.612166
297,884.207886,155.577332,896.573730,194.652512,0.662920
297,1004.823853,152.764175,1018.707092,211.272110,0.547466
298,884.097839,155.683762,896.804077,194.585144,0.654623
299,884.022705,155.631744,896.707153,194.663315,0.645067
300,884.236511,155.572861,896.416626,194.468582,0.632392
301,884.493896,155.500443,896.699646,194.471710,0.624518
302,884.223083,155.749176,896.619751,194.726364,0.654258
303,884.106018,155.565384,896.433533,194.495453,0.634537
304,884.222534,155.731659,896.348999,194.410782,0.653546
305,884.106934,155.682861,896.307617,194.684052,0.644370
305,1004.832825,152.497345,1018.868408,211.036377,0.508274
306,884.034363,155.608887,896.612183,194.580612,0.658777
307,884.541626,155.477432,896.719849,194.616730,0.609444
307,1004.880493,152.825485,1018.678589,210.466080,0.525582
308,884.547791,155.540817,896.711548,194.454758,0.602042
309,884.139587,155.581573,896.881165,194.572739,0.648852
310,884.229248,155.522888,896.436401,194.519455,0.595648
311,884.407959,155.578400,896.722778,194.597717,0.573247
312,884.299377,155.518890,896.768921,194.547455,0.645525
313,884.274719,155.450790,896.726440,194.783676,0.607161
314,884.228210,155.489120,897.134216,194.770035,0.643706
314,1004.893494,152.563004,1018.603271,210.665405,0.576117
315,884.330566,155.526367,896.877747,194.791382,0.649657
315,1004.931213,152.417389,1018.589111,209.346619,0.556192
316,884.545715,155.429749,896.978516,194.533203,0.599738
317,884.057800,155.435287,896.565613,195.055603,0.621249
317,1004.527832,152.627121,1018.778931,208.623077,0.550258
318,884.366272,155.789474,896.977173,194.701859,0.623577
318,1004.167664,152.784729,1018.762939,207.566071,0.605605
319,884.236023,155.643524,896.778015,194.664993,0.650798
319,1004.261780,152.495850,1018.853760,210.794403,0.588744
320,884.146118,155.477280,896.730103,194.812576,0.657536
320,1004.222961,152.223694,1019.021484,211.463058,0.618722
321,1004.612000,151.167404,1019.033752,211.474960,0.629362
321,884.368103,155.484161,896.724609,194.517258,0.627310
322,884.856201,155.735748,896.264648,194.846115,0.611750
322,1004.844055,150.908539,1019.209961,212.110016,0.557447
323,1004.808899,149.620041,1019.032288,212.304153,0.565400
324,1004.754944,151.454727,1019.122498,211.858795,0.643305
325,1004.639893,150.629990,1018.979004,211.858109,0.573928
328,884.036133,155.612335,896.397095,194.581436,0.602933
329,884.269348,155.949142,896.511047,194.475052,0.528157
330,884.146851,155.694626,896.630981,194.668411,0.637079
331,883.750671,155.632843,896.604858,194.520203,0.671871
332,884.299194,155.473022,896.687805,194.536926,0.590875
333,884.258667,155.664734,897.001465,194.581924,0.615996
333,1004.778320,150.620483,1019.035034,212.000427,0.593317
334,884.172546,155.568954,896.869263,194.626114,0.605015
335,884.214111,155.769836,896.784424,194.702484,0.566439
336,884.202576,155.802002,896.542847,194.446777,0.588256
337,884.264832,155.823334,896.508362,194.642990,0.575987
338,884.147888,155.693726,896.586060,194.439056,0.621646
338,1004.486938,150.647690,1018.847046,211.860992,0.511828
339,884.405701,155.691803,896.565735,194.399536,0.604279
339,1002.017517,149.488800,1019.092773,212.141052,0.581083
340,884.276550,155.778091,896.844177,194.675949,0.605237
340,1002.333496,150.728714,1019.009399,211.543900,0.579314
341,1002.559387,149.484085,1019.161621,212.016159,0.653248
341,884.382507,155.728531,896.441467,194.440277,0.602836
342,884.063477,155.361084,896.683594,194.649521,0.663046
342,1001.503113,150.123810,1019.167480,211.808151,0.662966
343,1002.218628,148.344421,1018.996765,212.008255,0.612905
343,884.375366,155.564041,896.999084,194.812714,0.600641
343,206.013977,175.660690,239.659531,229.552734,0.566708
344,1002.220215,150.051529,1019.069580,211.484421,0.666846
344,884.273499,155.548706,896.619141,194.643951,0.658134
345,1002.152466,150.647171,1019.145020,211.773407,0.680895
345,884.084534,155.353668,896.964844,194.706924,0.658320
346,1002.950745,150.830627,1019.131042,211.658630,0.635618
346,884.314270,155.791962,896.356079,194.370743,0.612006
347,1002.565247,150.476288,1019.078247,211.817383,0.659015
347,884.376587,155.800003,896.491272,194.326492,0.571385
348,883.989380,155.483902,896.847168,194.549637,0.670191
348,1002.575623,151.125061,1019.224792,211.707565,0.668158
349,884.124146,155.791077,896.450684,194.354279,0.668529
349,1002.762695,151.271454,1019.072693,211.652603,0.648087
350,883.927490,155.586090,896.427490,194.539978,0.690691
350,1002.720581,151.583237,1019.092102,210.842331,0.629349
351,884.240112,155.779022,896.870544,194.677551,0.599526
351,1003.254150,151.362640,1019.152466,211.791275,0.541883
352,884.217102,155.502792,896.843933,194.609421,0.676977
352,1002.712219,151.630630,1019.124207,211.416122,0.543389
353,884.053589,155.194763,896.810547,194.691681,0.717185
353,1002.856262,151.788330,1019.049255,210.966736,0.530794
354,884.166260,155.488205,896.429260,194.354324,0.654727
355,884.040100,155.600189,896.802368,194.779266,0.678110
356,884.340271,155.472961,896.476868,194.258972,0.680536
357,884.106750,155.511124,896.810669,194.464127,0.685706
358,883.973083,155.439377,896.815247,194.991364,0.705719
358,1003.992310,153.784836,1018.984192,211.637497,0.522502
359,883.900513,155.327362,895.760010,183.321411,0.576087
364,884.580627,155.449997,895.918518,192.406067,0.578334
365,884.155396,155.513641,896.446472,194.304153,0.650811
366,884.195374,155.336426,896.627380,194.582581,0.703568
367,884.371094,155.374176,896.517578,194.257523,0.664737
368,884.344421,155.410324,896.418091,194.448318,0.640675
369,884.511841,155.571777,896.628479,194.331619,0.661633
370,884.224121,155.759918,896.881470,194.460236,0.646405
371,884.005798,155.601822,896.824402,194.456726,0.696821
371,1003.614563,150.995804,1018.928833,211.839447,0.509183
372,884.182617,155.467697,896.580261,194.619888,0.667570
373,884.066589,155.472122,896.512817,194.696381,0.651891
373,1003.588013,150.627274,1018.928345,211.458572,0.514245
374,884.318909,155.289520,896.649658,194.372818,0.672791
375,884.003540,155.389709,896.724426,194.568604,0.679446
