0,388.989899,153.900467,494.209290,358.382690,0.942811
0,466.317139,145.602631,549.483398,331.948486,0.926139
0,544.009583,147.797745,561.220825,191.401749,0.824050
0,483.366821,144.849442,501.627319,201.251450,0.822406
0,525.247070,139.915558,541.353943,192.760254,0.785509
0,563.514343,145.182373,579.708435,193.620895,0.742218
0,558.030273,143.835281,568.343018,178.100937,0.508454
1,395.244598,154.933105,498.116486,358.197235,0.944750
1,485.024689,143.430130,550.798523,331.968140,0.929919
1,484.372467,145.867462,504.263550,201.970337,0.863161
1,544.636230,146.329697,561.028809,190.869507,0.821545
1,536.717590,139.552017,547.913879,178.855545,0.641421
1,566.721252,143.254120,579.919983,193.240067,0.569449
2,506.704102,142.958923,569.648071,332.068604,0.931010
2,418.786194,153.447403,497.599762,357.657135,0.926633
2,485.400909,146.646271,505.932861,201.565720,0.827445
2,546.883423,146.066238,560.592468,191.353714,0.736131
2,509.993195,141.237091,526.043274,174.772751,0.673510
2,565.336914,145.687927,580.476074,193.566284,0.619666
3,515.593872,144.936905,586.338440,341.357880,0.930722
3,449.825165,151.082672,506.244141,360.092682,0.913776
3,524.479248,140.151947,540.254944,174.209885,0.726421
3,564.415466,144.252869,580.733093,193.309341,0.620539
3,505.672089,141.466156,519.622925,181.596497,0.597742
3,492.638275,147.433868,505.750122,189.598419,0.564245
4,522.387634,145.938568,603.338318,339.345001,0.934029
4,449.079956,148.440857,533.598022,364.493286,0.911760
4,523.206360,140.305038,540.408325,193.783325,0.795837
4,509.930634,142.652115,523.710510,185.672501,0.550401
5,523.341797,148.310181,611.545166,347.067688,0.932420
5,451.599548,154.159424,548.229919,364.394226,0.908773
5,521.848083,140.053299,539.831055,194.040588,0.814673
5,544.038696,147.279160,557.287903,183.971741,0.751578
5,554.255066,145.666214,564.624084,176.165924,0.513485
5,489.445801,145.138611,503.685455,175.734787,0.510617
6,539.734924,147.127228,614.222839,347.447571,0.933460
6,464.464752,157.204971,568.169434,369.197235,0.890380
6,543.060608,146.014771,558.421265,194.092087,0.824970
6,490.794312,144.545639,508.917633,189.565704,0.798502
6,522.937195,139.859253,539.426636,182.967621,0.697639
6,508.282318,143.502350,519.527710,160.669724,0.674894
6,553.938721,145.707260,567.465759,180.561371,0.639509
7,483.611328,156.843033,573.531555,369.318237,0.920344
7,562.084778,145.326340,618.397522,348.085114,0.912504
7,492.709106,145.200867,511.398987,203.620422,0.769187
7,522.812378,139.021729,538.723267,160.084076,0.717108
7,543.992615,145.835342,557.741821,193.486572,0.711948
7,506.165527,143.080307,518.952698,171.514038,0.700041
8,579.244141,143.562164,633.698975,347.288605,0.915104
8,512.160522,155.165573,569.456482,370.576141,0.887753
8,493.561157,147.932938,514.576294,205.093658,0.838456
8,519.813049,138.747162,537.997864,184.701096,0.792703
8,568.738159,148.445862,585.047302,193.411499,0.727247
9,524.935303,153.464127,592.725891,368.927795,0.923611
9,582.920959,143.471207,664.161682,350.979858,0.922185
9,237.500702,146.059677,292.901520,314.202515,0.858951
9,495.120758,146.140213,515.890137,204.861923,0.822929
9,518.532959,139.415680,537.668274,194.636078,0.786751
9,571.591431,148.534210,584.979004,196.098526,0.622063
9,486.795135,143.392014,500.260559,179.277466,0.599855
10,530.693726,155.249786,637.974670,370.087524,0.927576
10,597.206787,146.503098,689.984619,354.450775,0.915548
10,236.528656,142.484436,302.674744,315.009552,0.884924
10,517.545654,140.228256,536.323792,195.417648,0.834007
10,496.905579,144.205246,516.452209,205.328461,0.830870
10,539.161499,146.312805,562.028076,189.890884,0.765639
10,484.473602,142.124054,499.925385,183.354385,0.650231
11,531.275452,158.045288,643.109558,369.875122,0.939164
11,251.448578,141.113937,311.037903,318.497559,0.879258
11,517.032715,139.420807,535.801880,194.921844,0.853566
11,498.718201,144.226120,518.510742,205.515289,0.849632
11,541.858032,145.879517,562.435181,194.657944,0.821930
11,480.736969,142.677505,497.371063,182.576569,0.665780
11,571.516785,148.232056,585.988647,188.157547,0.632263
12,541.493835,156.179367,646.016052,369.735687,0.938105
12,621.070618,146.914505,692.189453,361.605499,0.891922
12,259.428864,141.487473,322.330780,321.197693,0.878436
12,516.755249,138.848801,534.857971,195.955719,0.873022
12,501.216217,146.222260,519.334290,205.174133,0.840818
12,542.661682,146.045059,562.336487,196.188416,0.822934
12,572.196228,148.424286,587.337708,191.992859,0.754476
12,478.340179,142.482407,496.637939,187.826752,0.736919
13,570.423035,153.182068,643.532715,369.516907,0.925477
13,639.246826,145.306641,696.480957,361.522217,0.903697
13,269.939056,145.336365,341.779785,319.614502,0.903425
13,501.822571,146.678726,521.037476,207.501190,0.849147
13,516.341125,138.787918,534.125488,196.988937,0.846900
13,234.117981,130.822144,293.973389,325.522919,0.828408
13,571.327881,148.302017,587.188171,195.417160,0.816452
13,543.049500,146.138062,561.018616,196.821640,0.797739
13,476.882202,142.468109,493.288635,187.921173,0.694013
13,497.401642,143.793350,508.122925,176.497437,0.642094
14,650.905884,143.787659,718.937622,364.610626,0.927054
14,597.368286,149.104279,660.068176,369.011230,0.923102
14,237.682236,132.680969,311.927704,328.762787,0.871952
14,283.237396,146.806290,351.380371,321.608185,0.869654
14,502.904907,144.822021,523.474487,207.302170,0.850067
14,540.738220,146.348846,560.537720,196.980148,0.828351
14,569.769775,148.591187,588.538818,197.143509,0.805209
14,495.777557,143.723938,507.318298,181.316071,0.764188
14,517.813538,139.259842,533.880859,186.100555,0.752853
14,473.503082,142.798615,489.794861,187.754761,0.727301
15,659.744202,145.771820,738.236511,367.165253,0.929490
15,588.258789,151.524536,686.072571,368.465515,0.923263
15,293.585449,144.723007,361.925781,322.857910,0.901243
15,240.573441,133.266129,313.244080,330.111786,0.887557
15,503.537567,144.734589,525.543762,207.453308,0.853153
15,540.507629,146.092163,560.028564,196.372894,0.850261
15,518.661255,139.856552,533.396729,184.712418,0.782126
15,470.699921,142.965500,488.207275,188.111755,0.762725
15,568.927612,147.727081,588.392334,197.431335,0.731123
15,494.458557,144.086823,506.499939,180.972000,0.692665
15,567.610291,141.563354,581.855042,164.864044,0.503395
16,587.546448,154.939789,710.430481,369.579224,0.919200
16,670.250854,148.529846,760.523865,368.684723,0.918165
16,312.377838,142.398544,369.982208,322.477478,0.899905
16,248.856659,133.925476,314.718414,329.198578,0.891755
16,508.111023,145.401505,527.392517,208.499527,0.863292
16,540.963257,145.366196,562.086426,197.490860,0.857722
16,568.944641,147.572479,588.541077,198.338699,0.833177
16,467.426697,144.270737,483.905609,189.067581,0.761320
16,492.667053,144.373566,505.295502,182.409180,0.703745
16,519.502686,139.783157,533.420593,186.948105,0.698144
16,561.602600,142.203705,576.889160,176.321869,0.626302
17,596.881836,156.045105,720.685974,369.198669,0.927828
17,684.461792,147.880676,761.106506,367.506042,0.923609
17,325.180634,143.193359,399.176025,323.643738,0.923603
17,256.411652,130.326828,313.632660,333.486237,0.883340
17,509.547180,147.101898,530.484619,209.401947,0.844411
17,541.415222,146.133652,562.791138,198.103790,0.836623
17,570.779480,148.310577,588.839172,198.022675,0.801045
17,1178.894409,148.750275,1225.142944,368.010101,0.758200
17,464.872162,143.921555,480.397400,189.999100,0.720972
17,558.248596,141.901810,572.005493,176.856842,0.693813
17,520.211914,138.817734,534.162781,173.733505,0.589878
17,489.308075,144.091782,504.577118,182.549759,0.576331
18,327.809174,145.073883,424.627747,323.424591,0.933904
18,1139.166260,151.751312,1223.332764,367.609955,0.932632
18,624.357788,153.272369,719.170776,369.293335,0.924166
18,694.000549,145.049240,767.810120,367.897583,0.920990
18,264.567139,129.641495,322.739136,337.955475,0.870494
18,510.850586,148.327469,532.068848,209.884796,0.850035
18,571.542358,148.749054,589.967407,199.366638,0.825123
18,540.788818,147.999023,560.633057,198.709900,0.821049
18,487.711792,143.196869,504.401764,182.484558,0.808286
18,460.188080,144.140732,475.654236,187.973221,0.695014
18,555.614685,141.943848,567.613403,176.602356,0.670941
19,330.409424,146.221207,430.512634,322.851196,0.933311
19,659.084045,149.853699,735.275513,368.147949,0.915789
19,1113.001221,148.187958,1204.886353,367.483643,0.914623
19,716.207214,142.750641,777.438477,367.969055,0.885898
19,268.618866,133.477341,344.786957,344.383057,0.864506
19,512.442078,147.223190,533.144470,209.626266,0.857121
19,571.746338,148.919083,590.669556,200.461487,0.805218
19,540.969604,148.748474,562.343018,198.149765,0.791787
19,487.555847,143.180817,501.796204,182.433884,0.788888
19,456.428589,144.273590,473.083252,189.169266,0.701271
20,344.877075,145.849243,428.295776,324.568329,0.926704
20,1078.921143,145.424057,1159.097778,367.206207,0.924293
20,673.064270,148.553452,751.592407,368.308167,0.920529
20,729.220703,140.806244,800.675476,369.321503,0.915723
20,281.402679,134.104675,355.519073,343.484406,0.883913
20,540.786865,144.417084,564.384521,198.028915,0.851241
20,573.296387,148.661255,592.350891,200.087753,0.833166
20,513.816589,145.848160,536.520325,209.798218,0.832044
20,485.639587,143.278305,500.616364,183.414413,0.795343
20,452.651855,144.043182,475.195496,190.483704,0.694062
20,508.237335,139.822586,521.401306,179.043381,0.508302
21,1012.965149,150.345917,1144.916992,367.249786,0.947795
21,683.287170,150.945526,783.539185,369.222382,0.922376
21,377.620056,143.165970,433.880646,324.169037,0.919083
21,743.810974,143.816116,825.941528,366.045837,0.909542
21,293.484253,131.948975,355.907928,343.074554,0.893878
21,543.026245,146.193176,564.135254,198.601303,0.841724
21,448.916260,143.505371,473.172455,191.040283,0.838947
21,573.617188,148.080978,594.113831,200.273132,0.838484
21,513.917725,146.924545,539.056824,209.312103,0.831333
21,485.367401,143.829285,499.022003,183.046066,0.771825
21,507.224762,139.926605,520.805420,182.747314,0.637856
21,535.967651,140.384598,550.409363,181.310074,0.571149
22,975.701355,156.057419,1119.135010,367.310303,0.944378
22,686.582397,153.572205,802.504944,368.937286,0.920409
22,392.289368,144.259171,457.512543,326.852875,0.906229
22,301.359680,131.121613,363.650665,343.124207,0.895217
22,515.360962,148.167755,539.985291,211.773392,0.868545
22,573.502686,148.948456,595.608765,200.271973,0.843235
22,442.951233,143.092010,467.738770,192.473175,0.834845
22,545.142517,146.867813,564.121338,199.410156,0.830564
22,484.572540,144.127792,497.868225,182.926056,0.777793
22,505.846649,140.500763,519.123840,183.438004,0.686986
22,535.041748,142.860641,548.012878,184.550262,0.684808
23,953.540894,155.485748,1087.351440,367.722900,0.937461
23,691.244629,151.203125,812.279968,368.508606,0.919333
23,401.845184,146.648972,475.781311,327.003174,0.911872
23,314.549103,129.167084,381.463928,345.783173,0.870778
23,775.973328,146.146103,851.803101,365.975922,0.864866
23,515.899780,147.988281,539.468628,212.524841,0.853457
23,573.572632,149.277786,597.910400,200.222534,0.847248
23,543.875305,147.504059,563.361572,198.757706,0.833224
23,437.739380,143.756226,463.322693,191.388718,0.788022
23,483.570892,144.040085,496.997406,182.666504,0.776423
23,505.447510,142.186356,516.987732,183.125778,0.633661
24,945.870117,150.425766,1033.981812,367.182129,0.931352
24,401.637878,147.326859,488.967621,332.517975,0.916940
24,723.112000,147.818878,810.076416,368.624756,0.915809
24,326.179749,129.253616,401.418121,348.155273,0.913899
24,798.173401,143.144135,858.408813,366.819275,0.883181
24,574.623169,149.446411,597.674927,199.986435,0.851618
24,518.121399,147.851883,543.319092,212.409805,0.846513
24,542.945251,146.694412,563.657410,199.200607,0.827761
24,481.920563,143.613007,495.891327,182.867371,0.731839
24,503.378021,142.032211,514.231567,182.482254,0.613578
24,508.952301,140.183395,520.432983,182.360123,0.570101
25,925.826050,150.046783,1010.102539,368.310822,0.930383
25,417.944366,148.269012,498.790314,333.597931,0.924362
25,329.820435,131.381531,425.414520,343.382141,0.919200
25,754.438477,144.630646,839.099304,367.715698,0.914956
25,808.250183,140.624222,881.887756,368.671173,0.908757
25,543.292175,145.681412,564.690063,199.699921,0.861039
25,522.016968,144.697342,544.855225,212.659500,0.847422
25,575.443848,149.168945,597.380615,200.732925,0.836061
25,481.691650,143.504684,495.659943,182.435974,0.767595
25,424.721344,143.968994,447.329895,182.595825,0.741302
25,501.757965,142.670334,514.536011,182.162476,0.610433
25,509.227051,140.687286,520.876770,182.339417,0.528615
26,871.834045,156.417130,1005.984558,368.810181,0.945183
26,334.219879,134.232056,436.397919,348.911316,0.927975
26,828.631592,140.448196,912.910156,368.491028,0.921868
26,446.896667,145.168869,506.830719,333.483887,0.914215
26,749.201111,145.484528,876.521057,368.075348,0.905958
26,523.917603,147.686005,547.087830,213.192795,0.874826
26,544.395203,146.098083,564.657410,199.643021,0.820686
26,577.684570,149.117020,597.481934,201.791229,0.813609
26,418.236298,144.140625,444.294495,189.916702,0.770995
26,499.822083,143.598587,515.674194,182.600098,0.616680
26,482.040863,143.221085,494.570587,180.511536,0.571090
27,460.285522,144.143311,519.857971,333.343536,0.912125
27,351.785614,133.124786,435.632690,349.645020,0.910698
27,842.603943,142.106094,912.625488,368.014862,0.895445
27,878.091248,162.466614,999.517029,368.343903,0.872167
27,522.972656,147.306381,548.772827,214.764664,0.865206
27,750.388977,149.859467,857.679688,368.762085,0.860604
27,545.691528,146.956268,563.247192,202.163010,0.818447
27,579.290710,148.879715,597.841492,202.317368,0.816326
27,497.915161,145.299835,510.356079,182.971100,0.701422
27,508.279510,143.871445,521.583130,182.402161,0.649820
28,465.855133,147.661301,558.312744,335.533112,0.930707
28,862.630371,145.470108,960.076111,367.395630,0.928277
28,765.722473,151.844452,876.976868,367.962860,0.910382
28,375.632385,129.967346,436.519348,350.116364,0.903354
28,527.964966,146.621872,550.132629,214.778976,0.852486
28,580.904175,149.745209,599.213074,203.290329,0.820760
28,548.148926,147.212326,561.873596,201.538437,0.790607
28,504.408783,140.249222,517.677307,182.570267,0.733519
28,522.675781,136.311050,539.092773,187.694458,0.651167
28,565.164124,140.095703,581.497864,166.655075,0.630723
29,884.185852,145.459305,976.625854,367.146057,0.937465
29,467.921082,147.587463,567.344788,341.050110,0.936781
29,804.838135,150.773041,922.028320,368.015808,0.889788
29,381.275177,130.760666,447.966675,357.196564,0.883582
29,530.301208,147.077408,551.607300,215.283875,0.846602
29,582.413086,149.289108,600.208618,203.794510,0.840067
29,548.919922,147.090134,562.362976,200.423645,0.781402
29,475.233063,144.264786,490.539307,183.801407,0.752057
29,560.988586,140.601196,575.062378,169.677872,0.610858
29,398.123962,144.134476,416.705933,169.794296,0.570502
29,322.340973,144.094162,341.936554,176.756927,0.501230
30,478.144440,148.276199,567.765137,341.962952,0.931588
30,901.390991,143.720413,988.581421,367.538818,0.925563
30,384.577301,132.449570,480.564270,357.390808,0.911732
30,788.474304,160.273834,850.048035,356.067169,0.907885
30,836.767212,146.335938,921.948853,368.232788,0.854828
30,583.527039,149.015106,602.355286,204.083328,0.843003
30,473.550293,143.868668,489.729309,183.655273,0.772956
30,538.140869,145.755753,556.523438,205.688736,0.749244
30,388.226593,144.480637,417.288422,177.959549,0.657362
30,550.064453,146.858139,563.248718,198.613754,0.617023
30,494.051331,142.019287,509.959747,183.571487,0.590892
30,557.083984,140.321350,570.329407,171.531784,0.541034
31,762.946228,163.486359,869.629761,356.105988,0.947859
31,400.264435,136.611603,491.631500,363.961517,0.922042
31,854.529846,145.361938,965.702576,368.256104,0.915124
31,506.783997,145.705750,568.366394,342.337311,0.904626
31,583.473328,149.179947,604.681702,204.144455,0.845443
31,472.859802,143.840210,487.731506,183.609695,0.805220
31,379.947845,144.175049,411.518402,181.634766,0.790197
31,492.143860,143.703491,504.104462,183.246307,0.712318
31,322.138519,144.419693,342.409454,177.067810,0.641976
31,501.392731,139.900757,513.228943,182.522598,0.638739
31,550.899170,140.830948,565.809509,176.461899,0.570812
32,748.160461,160.933075,846.409363,359.491791,0.944705
32,869.676514,149.165482,999.317749,366.928772,0.928786
32,527.192078,144.172058,587.874268,348.805054,0.922734
32,414.218323,133.625732,493.560028,364.582581,0.885675
32,585.226685,149.167923,605.955750,204.321930,0.842932
32,519.562561,137.999023,543.563843,183.756332,0.765239
32,371.193420,144.457748,404.121368,178.044693,0.744421
32,566.828674,140.717133,579.538208,180.136032,0.678453
32,320.748901,144.004730,342.942352,177.557938,0.641262
32,487.773712,143.515167,501.738403,182.516571,0.596496
32,500.098328,140.210831,512.120300,178.862305,0.530663
33,538.664917,148.665863,615.431641,350.112640,0.937329
33,741.071350,157.298065,797.899719,356.326263,0.919328
33,885.988770,151.810074,1005.966675,366.960907,0.916214
33,970.063599,141.275223,1046.611694,367.130249,0.857973
33,437.891052,132.255035,499.479767,367.128204,0.857035
33,586.947510,149.939713,607.765137,204.747635,0.851212
33,524.430847,136.173676,543.577393,203.269882,0.831092
33,365.676392,144.524673,394.592102,178.031586,0.716413
33,320.193848,144.506790,342.236816,177.454605,0.663865
33,498.458832,140.474503,511.488525,183.831467,0.655057
33,548.470520,146.607880,559.286682,180.038834,0.510127
34,540.519287,151.642578,633.879333,358.659363,0.944070
34,705.518860,159.859146,795.938232,353.825562,0.937386
34,922.187805,151.984558,1016.535889,366.923767,0.902860
34,449.818146,129.240036,523.163269,364.056091,0.886113
34,539.947937,144.359955,564.891052,217.342773,0.860562
34,525.574402,136.522598,546.548340,204.502625,0.848203
34,993.328735,143.765305,1075.610352,367.259644,0.810001
34,590.826904,149.434448,607.791321,192.300705,0.775455
34,563.756470,140.922943,575.457764,174.557861,0.685560
34,319.578064,144.266388,342.156738,177.455704,0.685323
34,359.733551,144.864288,386.973633,175.811340,0.601331
35,674.504883,164.076462,793.632019,353.527771,0.947707
35,552.452881,152.040649,646.015198,359.956390,0.940951
35,946.032898,147.213333,1040.151245,366.745483,0.918037
35,462.302338,131.301544,550.318481,362.999603,0.915629
35,1016.362915,144.870880,1096.183228,367.351318,0.884595
35,541.985779,143.738464,566.721497,219.029892,0.872298
35,525.016174,137.103317,544.853821,204.978683,0.862361
35,467.365997,144.621750,483.502899,179.388962,0.769245
35,347.975739,144.971069,378.414642,174.183624,0.732757
35,318.896057,144.559097,341.601471,177.861710,0.705817
35,563.176941,141.295502,574.677490,167.461487,0.589494
36,669.621887,163.185333,770.129700,347.237274,0.938227
36,582.084045,149.475571,656.469604,358.674072,0.931421
36,463.526947,135.167969,564.860291,364.529114,0.919352
36,967.801880,143.800354,1075.856445,366.319580,0.889053
36,542.556763,145.200424,569.764771,220.263367,0.883896
36,1048.816406,141.096100,1114.802368,366.822266,0.852089
36,464.085052,144.226959,480.883087,184.742020,0.777459
36,529.775024,138.103897,545.162170,205.898819,0.753084
36,485.588226,144.495575,496.200592,178.074341,0.592020
36,494.938385,139.676590,508.083649,175.919876,0.528009
36,561.810364,141.371155,574.077820,170.643509,0.512097
37,596.562378,147.820633,665.387573,359.786469,0.930497
37,470.506989,137.714676,575.260559,369.075867,0.924930
37,659.477844,158.274033,723.243774,349.109772,0.905901
37,991.738464,144.862076,1090.180908,366.110748,0.871568
37,547.813293,147.867630,571.453552,220.633484,0.795170
37,1065.294434,134.760559,1139.800781,366.249573,0.763755
37,493.357819,140.252319,507.930206,184.810486,0.748476
37,467.012634,143.939697,480.567200,185.193878,0.732708
37,484.776703,144.244034,495.430756,184.064590,0.687675
37,589.771973,150.068314,608.784241,202.585434,0.663272
37,336.533478,145.442017,362.605286,173.826263,0.611247
37,457.121613,145.870132,469.154144,181.003021,0.599889
37,318.958679,144.707901,341.892426,176.974243,0.522853
38,1018.158203,149.078491,1183.246704,366.663300,0.937361
38,493.914520,133.708160,579.348206,366.687500,0.911403
38,607.016235,149.259445,699.601318,363.752106,0.907705
38,591.672424,150.054657,611.551941,207.052795,0.858101
38,464.824646,143.539322,478.876953,186.107346,0.796610
38,525.565125,136.283966,545.515869,172.489960,0.783380
38,491.706207,140.342972,506.952881,185.273209,0.763734
38,452.866821,146.041183,465.947968,179.983551,0.734908
38,1110.770630,131.932480,1179.942993,305.417908,0.725665
38,481.761383,144.529541,494.352234,184.898926,0.700871
38,319.521698,144.518570,347.756561,178.456161,0.659256
38,510.263153,142.647903,525.604675,179.717453,0.653079
39,602.033875,152.688766,717.888733,367.167725,0.930690
39,1048.343506,153.157410,1210.043213,366.666687,0.926523
39,593.185608,149.269272,613.078735,207.103439,0.862105
39,524.517273,130.064545,599.917603,370.244324,0.848460
39,525.072144,135.478470,546.925964,187.180984,0.842947
39,1142.908691,133.590942,1223.546997,297.826508,0.830063
39,463.361053,144.221466,477.585297,185.963211,0.792169
39,478.705170,145.286484,493.010315,184.802139,0.779805
39,490.461578,141.803986,505.485992,185.304321,0.776937
39,446.636963,145.855423,461.885803,181.035690,0.763846
39,506.084900,142.469940,521.165405,174.621735,0.628486
39,321.503906,144.510330,343.563477,178.173782,0.512308
40,617.593933,148.950836,716.348694,366.576752,0.912124
40,1078.884888,149.396271,1218.655884,366.209351,0.909564
40,537.215759,131.319092,606.363342,369.400574,0.880044
40,522.929871,136.426651,547.599548,207.888367,0.856068
40,461.233459,144.479950,475.889374,186.386200,0.794322
40,488.756744,140.404144,504.880829,185.375610,0.764621
40,478.166840,145.381973,491.843506,184.843399,0.747331
40,551.711182,143.774750,575.812195,175.931427,0.743201
40,439.664612,146.293182,457.521881,182.542603,0.704264
40,502.456085,142.971054,515.604431,181.971313,0.610321
41,1106.957031,146.910217,1225.120728,365.743134,0.938521
41,642.377686,144.129333,714.965088,367.365448,0.913192
41,551.121460,144.690231,580.095764,207.893875,0.865445
41,547.949524,135.788223,637.899597,369.647247,0.864247
41,523.613708,137.672241,547.853088,208.697128,0.859454
41,458.972443,144.430405,474.399933,187.209381,0.822318
41,475.558746,144.623276,489.941315,185.296234,0.751469
41,434.128296,146.187088,451.585510,185.158676,0.718519
41,488.609070,140.641052,507.235718,185.542648,0.714403
42,670.300232,142.880096,738.051208,368.531036,0.928928
42,1138.425659,146.493454,1225.878906,367.069275,0.918842
42,544.784302,138.736084,649.075562,369.405823,0.895257
42,523.111572,137.214691,547.284729,209.032608,0.846472
42,458.071136,144.494080,473.678314,186.592117,0.840346
42,487.562775,139.926208,503.627258,185.903595,0.806007
42,551.365967,146.237518,575.830811,211.149994,0.770326
42,476.010284,145.486084,489.286591,185.961823,0.762554
42,428.593597,146.202774,446.800232,182.401398,0.655937
42,550.082336,142.054657,562.903076,179.724945,0.538292
42,514.271179,149.030533,527.502625,183.089676,0.518912
43,682.505554,144.300385,769.041809,368.347565,0.938916
43,572.299866,133.368347,653.413330,368.648621,0.900808
43,513.862305,158.538361,598.393738,339.594910,0.882809
43,523.401062,136.207489,548.058838,209.276505,0.854119
43,456.912048,144.507065,471.233246,186.393463,0.841535
43,1148.182251,192.985703,1223.689941,367.288513,0.787371
43,475.642273,145.014236,487.719482,185.626358,0.784341
43,566.191772,144.527512,591.482544,202.387207,0.772510
43,486.391907,139.663956,501.260590,185.781494,0.771102
43,423.814758,146.241241,441.571808,184.254303,0.769323
43,599.760437,149.560410,618.550049,183.652130,0.672005
43,513.076843,148.790756,527.514648,184.320251,0.582099
43,548.091980,141.920868,559.227661,163.152634,0.569644
43,320.510468,145.134033,343.543427,178.509903,0.503744
44,687.233276,148.523117,794.844238,368.066010,0.939717
44,499.765137,160.997101,605.003052,337.810699,0.923060
44,603.570129,128.056519,674.390564,369.118591,0.904610
44,562.757751,142.046158,591.319702,225.205307,0.870654
44,600.430725,148.908768,620.592651,206.938629,0.802469
44,454.637787,144.538773,469.453125,186.695999,0.792263
44,1174.015747,271.263611,1221.806274,366.879578,0.779545
44,526.876465,135.486847,547.833618,174.970840,0.730504
44,418.943848,145.912689,436.085876,182.945343,0.722537
44,485.657379,141.159836,498.804962,185.634705,0.706357
44,474.524963,144.831024,486.310303,185.853577,0.698391
44,511.706512,148.144699,527.156433,185.925385,0.651029
44,547.072327,141.603027,557.914429,169.679901,0.582132
44,320.563019,144.855759,343.839447,178.405975,0.573798
44,552.694031,145.523666,567.824707,197.882080,0.568712
45,692.829407,148.420547,810.673035,369.243958,0.940834
45,498.892456,158.760132,575.979065,338.005585,0.919005
45,623.447693,125.123779,700.291138,368.827026,0.916100
45,565.442505,142.830643,592.929688,226.389557,0.870953
45,601.940002,149.410202,623.330139,209.587967,0.856924
45,528.473389,136.723495,548.348083,194.995148,0.833476
45,554.265991,145.171036,571.046448,209.145554,0.816126
45,451.208954,144.796997,468.150909,187.013474,0.773623
45,483.976471,139.473495,497.419342,186.078415,0.714597
45,473.222076,144.432327,485.569611,184.932083,0.699021
45,413.533051,145.696213,430.596436,182.389938,0.660743
45,256.425629,147.599335,279.241638,178.422180,0.621116
45,546.722107,142.559906,557.470764,175.594635,0.563169
45,321.027740,144.333023,343.880707,178.186981,0.527539
46,718.586731,145.110199,822.187683,368.319031,0.945161
46,567.268921,145.630341,595.702148,227.190155,0.906223
46,629.340027,126.794640,719.042725,369.217712,0.900910
46,489.140320,156.604263,530.427673,337.685455,0.874451
46,528.825745,137.317078,548.884766,211.844193,0.871068
46,603.024597,150.306427,625.521057,210.102966,0.867010
46,555.710388,147.449036,572.540283,209.780685,0.827895
46,450.125824,145.280792,466.829163,187.253540,0.770760
46,406.277863,146.281509,424.591309,187.790619,0.683291
46,481.583801,139.872467,495.249298,185.388321,0.671704
46,469.563721,144.225983,482.854950,185.309677,0.656941
46,509.464172,148.661606,523.914368,184.345612,0.605906
46,546.803162,143.775497,556.970581,175.396332,0.565526
47,747.994568,141.136887,829.939880,368.107910,0.938306
47,632.639282,130.733154,740.925354,368.622559,0.925440
47,444.231445,158.936951,528.343445,338.410736,0.911490
47,569.008057,145.627274,597.273926,227.904648,0.908760
47,530.188965,136.940186,552.085938,211.917557,0.865615
47,604.886597,148.944290,625.699280,211.483032,0.862267
47,556.954529,147.617584,575.225464,211.212875,0.849241
47,449.370514,145.135178,464.855316,186.563797,0.676222
47,500.886627,149.323517,521.063660,187.618835,0.668884
47,403.704193,146.245056,419.256500,184.775452,0.620412
47,480.743042,139.740189,495.275055,183.145309,0.574958
48,421.286652,159.270340,524.302002,338.156403,0.932562
48,761.132019,140.210480,839.641052,369.352448,0.914583
48,641.389771,129.698288,767.336914,368.907074,0.914175
48,572.821167,144.573944,601.394226,228.481476,0.888336
48,530.699585,136.632904,552.463989,211.782104,0.882511
48,557.772034,147.274796,577.804810,209.668396,0.868259
48,607.819580,149.650696,628.150696,211.374817,0.866672
48,500.624023,149.191650,519.889526,186.470734,0.774008
48,479.897980,139.674713,493.709717,186.160263,0.735337
48,397.156403,146.337479,414.111481,183.247086,0.673224
48,460.556641,144.448685,471.901459,162.207397,0.602239
48,449.270996,145.231369,460.353790,178.103210,0.542565
48,470.836212,145.808182,481.287628,182.977875,0.538307
49,409.033417,158.300522,497.841492,333.060852,0.923079
49,671.940918,126.211334,792.727478,368.713013,0.922382
49,773.526794,144.687515,876.857117,367.558441,0.911083
49,576.620300,142.818665,604.431396,229.103729,0.904876
49,530.739258,135.143066,553.110229,212.193893,0.897533
49,558.034912,145.922256,579.254395,210.907745,0.883767
49,609.891479,148.692413,632.025452,211.141693,0.872317
49,478.984924,139.797424,493.359589,186.982040,0.774503
49,497.332672,148.755447,514.840454,187.359222,0.767316
49,468.177673,145.374054,480.567078,185.873901,0.756993
49,390.476410,146.542862,408.724060,181.211349,0.692840
49,321.217773,144.307617,342.991974,178.189011,0.547794
50,789.406494,145.655518,886.503784,367.814514,0.920712
50,409.344940,151.232315,458.851929,332.137360,0.908152
50,529.002686,135.128235,554.021118,211.837921,0.893894
50,708.992615,120.202957,801.343994,368.719849,0.890672
50,559.113281,146.188965,580.873291,212.543427,0.878979
50,577.093079,143.501373,608.141052,230.956787,0.877572
50,610.335205,149.977783,634.634949,212.704010,0.850451
50,477.531860,139.493896,491.860382,186.942688,0.821917
50,493.557495,148.644058,512.215576,187.310242,0.771958
50,467.826569,145.400284,479.278900,186.694214,0.766518
50,446.844574,144.669586,462.453369,185.109253,0.641662
50,384.340149,147.070023,403.158569,178.958038,0.572748
51,380.575500,153.613480,448.376404,331.122742,0.919284
51,791.455933,144.661667,901.922729,368.106140,0.914500
51,716.300598,123.274910,802.642029,365.637726,0.909740
51,527.045471,136.957718,555.364136,213.052277,0.897185
51,578.792175,145.284683,612.784607,231.015152,0.866208
51,560.420227,147.004364,582.273743,214.225143,0.866013
51,611.865784,150.860977,637.764099,212.324661,0.857167
51,476.331207,140.265762,491.549866,188.746796,0.790769
51,463.484680,146.075287,477.428589,186.594788,0.779481
51,443.396240,144.250168,457.085785,186.704422,0.766020
51,492.057831,148.974121,510.399750,187.913361,0.737972
51,378.270599,146.342468,397.150848,182.540588,0.531194
52,342.114655,156.927887,446.797607,331.617126,0.940462
52,838.110229,139.405365,918.387390,367.312866,0.897968
52,526.848083,137.295685,555.941284,215.163483,0.895598
52,580.149658,145.181046,615.995544,233.592377,0.891242
52,744.404053,125.736023,825.385864,367.384155,0.889647
52,559.851685,147.422150,584.172485,214.137543,0.868886
52,613.564453,150.151855,637.226379,213.004013,0.859860
52,461.653595,146.410950,476.677216,187.666321,0.805687
52,475.633087,140.479950,488.955353,188.026917,0.767911
52,489.700073,149.791351,507.792755,187.363632,0.736416
52,436.591187,144.295486,454.484741,186.140030,0.674481
53,873.633728,137.454376,953.221375,367.425781,0.938042
53,333.379883,157.627625,437.496643,331.174988,0.937356
53,762.727112,125.286079,849.291321,367.722565,0.895497
53,527.379028,136.859985,556.028259,215.393829,0.893464
53,583.118347,143.751892,618.547241,234.875015,0.882199
53,560.138428,146.352798,586.143616,215.010193,0.867875
53,615.277649,150.306656,638.672974,212.859146,0.856380
53,462.143280,146.637466,475.685333,187.508224,0.781923
53,474.363281,140.863632,488.065063,187.846481,0.767167
53,438.826447,144.746689,453.434967,183.549149,0.631599
53,487.139221,149.590576,504.545959,187.636597,0.625110
54,880.293213,141.940643,1004.772095,367.624817,0.934760
54,529.816956,135.446915,557.195496,215.936737,0.903088
54,337.876282,153.339523,401.721985,329.022827,0.893612
54,581.785522,142.024948,620.721802,233.903503,0.891221
54,562.027100,145.396729,587.172241,215.180130,0.877059
54,783.065186,120.834457,874.751526,366.552704,0.874508
54,616.525024,149.553162,640.195557,213.457962,0.868734
54,461.488647,146.952118,473.801941,187.555450,0.801149
54,472.541779,141.113846,485.980194,188.863739,0.788202
54,437.740540,144.763031,452.072327,186.866226,0.757799
54,485.513702,149.461151,501.829071,187.360901,0.668319
54,428.279816,144.257782,439.967377,180.035507,0.555719
55,892.366516,145.922119,1043.812134,367.061493,0.932995
55,319.768768,152.095062,371.614014,328.997131,0.905876
55,809.912903,115.593475,896.998108,366.284790,0.905787
55,593.833557,142.745880,623.677124,236.363388,0.888469
55,619.084595,150.053680,642.029602,214.198990,0.876710
55,534.889404,134.611923,557.920959,216.853317,0.876371
55,564.298279,145.889267,587.979309,215.713242,0.854668
55,470.041412,140.092819,483.767303,189.137115,0.817140
55,459.759430,146.484650,472.301239,188.278778,0.814527
55,436.580688,144.240753,449.299408,186.330185,0.783646
55,424.863281,144.335220,438.133759,182.751953,0.711439
56,923.134644,143.918991,1071.213257,366.836853,0.933324
56,819.142273,112.699692,931.288818,367.717804,0.933116
56,288.914856,156.709091,366.229767,327.214691,0.913312
56,597.233276,143.983704,628.705994,236.082626,0.910276
56,536.099548,135.877472,560.017639,217.481812,0.882170
56,622.424194,150.184799,642.646973,215.783676,0.865855
56,564.835815,147.366379,587.642273,217.075256,0.859996
56,434.049805,144.503540,448.811584,182.164734,0.800336
56,468.555267,140.153183,482.830627,188.696930,0.797282
56,458.941620,146.223022,470.923065,188.943237,0.789645
56,419.898560,145.158783,434.313538,180.406219,0.718926
56,483.527008,150.318512,498.335876,187.554855,0.611392
56,527.891174,143.171417,539.330017,178.016357,0.581531
57,974.420105,137.404037,1085.587646,367.256744,0.941236
57,840.874634,114.339020,948.894165,367.800415,0.909981
57,599.438416,144.012650,629.799194,239.046234,0.905245
57,270.539948,156.799301,358.229065,328.571686,0.894731
57,566.094604,146.624191,598.195801,217.243439,0.882912
57,536.198425,136.533386,561.071289,217.380249,0.873673
57,626.005676,149.642151,645.176636,215.633987,0.854819
57,456.884521,146.799408,468.507965,188.245560,0.810598
57,466.653961,140.154465,481.342621,189.134995,0.800966
57,429.986145,145.254669,446.974670,185.448456,0.778461
57,527.215515,143.084412,539.982727,177.715515,0.750434
57,416.612213,145.191788,430.276672,180.725021,0.676527
58,995.780396,132.533356,1096.479004,367.424164,0.935242
58,855.103210,119.892143,978.240479,367.685333,0.911015
58,258.889587,153.480759,327.501129,322.930481,0.905254
58,538.976746,135.552658,562.978516,218.677277,0.892818
58,604.114441,143.952087,633.521545,239.626587,0.888076
58,566.249268,146.045731,600.120911,217.413559,0.886606
58,629.110962,149.124863,648.366638,215.320221,0.859963
58,455.210480,146.746826,466.839447,188.009079,0.773613
58,464.884460,140.411957,478.278137,188.580185,0.770881
58,526.368652,143.433960,538.671997,178.857101,0.739289
58,428.412842,145.821625,446.246521,187.803009,0.726579
58,408.216980,144.747513,426.166901,183.504410,0.717253
59,1019.430969,135.143631,1130.253662,367.517822,0.934703
59,908.168213,117.130379,1012.432800,367.683563,0.898411
59,607.122498,142.482040,637.932007,240.224335,0.893592
59,256.811676,149.674118,306.885773,323.672028,0.891613
59,541.350220,134.949341,564.878113,219.075485,0.883191
59,567.884949,144.997742,600.581482,218.288284,0.857150
59,632.688904,149.563461,652.341919,213.716553,0.794083
59,525.386169,143.353409,537.549316,178.837418,0.767576
59,405.353058,145.015930,421.532379,188.001724,0.764280
59,462.743378,141.121201,477.897339,189.385101,0.746890
59,428.291443,145.208847,444.735809,188.762466,0.721676
59,453.982727,147.011490,465.536133,188.230011,0.709107
60,1049.319336,140.763885,1158.759399,366.806335,0.925218
60,934.443054,111.402557,1042.951416,366.606964,0.895622
60,608.756714,143.868027,641.539673,242.151413,0.882610
60,541.758606,133.351105,565.841431,219.366501,0.872611
60,569.634949,146.107071,600.878601,219.366333,0.854558
60,250.004639,152.887634,299.576172,322.278534,0.847831
60,523.762207,142.850876,535.944763,178.087692,0.777802
60,461.772797,141.502014,477.408875,189.860413,0.771576
60,452.320099,146.196732,464.707977,190.110779,0.757443
60,403.941803,145.801559,417.817291,184.655777,0.737404
60,636.270264,150.806412,654.955078,212.845490,0.686096
60,426.110565,144.325485,442.879761,181.479630,0.660810
60,322.172791,143.814316,344.028809,177.594101,0.504392
61,1087.279053,137.240845,1199.812134,367.279144,0.939868
61,609.810547,144.996552,648.606506,242.876541,0.916188
61,954.068787,106.094025,1074.511475,362.577271,0.892253
61,538.076721,134.730667,567.489014,219.753677,0.881619
61,237.465134,156.679596,299.073059,320.022064,0.849045
61,570.199463,146.843597,597.124695,220.499832,0.836406
61,460.873535,141.008224,479.683533,190.049088,0.806638
61,522.499512,143.494736,535.905396,178.416656,0.803770
61,427.632660,143.923477,442.307617,189.893234,0.763599
61,451.197876,146.180725,463.970886,190.337448,0.739839
61,400.664307,146.177963,413.841614,183.838898,0.692388
61,639.443665,151.496506,658.689392,206.665359,0.666527
61,564.975403,145.059128,575.610291,176.418549,0.641860
62,1129.226318,130.235596,1224.040771,366.230225,0.937392
62,965.513367,103.963326,1105.903564,368.223846,0.924399
62,613.822144,146.749481,651.270447,246.508514,0.908439
62,534.911377,136.418549,569.278625,221.508026,0.886355
62,571.299316,146.125977,599.122009,221.397583,0.838777
62,424.016296,144.193100,440.223633,189.772446,0.778548
62,459.325287,140.704071,474.174011,190.087585,0.777455
62,449.634460,146.332275,461.382935,188.503433,0.739913
62,521.192505,143.532059,534.536438,178.515991,0.724671
62,639.676270,149.375244,658.563049,217.112335,0.720583
62,394.554871,146.632935,409.324432,181.472336,0.697598
62,320.494751,144.696732,343.352112,176.857635,0.533048
63,1164.389526,125.618378,1223.196655,367.715729,0.908417
63,535.404968,136.555252,569.713074,222.876480,0.902685
63,988.804810,110.003784,1141.294678,366.563293,0.900371
63,572.412292,146.019943,601.162476,221.146729,0.855011
63,620.779297,144.832092,652.574768,246.648514,0.841637
63,422.467102,145.229797,438.243164,190.354401,0.810081
63,457.912628,140.551743,474.539856,191.591080,0.805296
63,518.345154,144.074371,532.853394,178.612305,0.795927
63,443.332214,146.246506,460.328674,190.430954,0.762898
63,642.925903,150.479309,659.756104,213.545609,0.712619
63,390.140533,146.111816,405.161469,180.207458,0.640939
64,1044.033203,110.854752,1182.321777,366.715881,0.901402
64,537.542358,135.810089,569.983337,223.386581,0.900900
64,627.025940,143.557648,661.029602,246.706284,0.895428
64,574.345154,145.168060,603.582336,221.058136,0.865244
64,517.006653,143.751083,533.391785,178.909882,0.839835
64,421.492340,145.908859,436.653778,190.716721,0.773331
64,452.122009,141.657303,471.690796,193.608582,0.751014
64,445.976837,146.766891,457.856964,192.788803,0.603843
64,386.240234,146.112869,400.246918,178.591660,0.601009
65,1094.929688,104.726219,1223.293701,366.948792,0.907930
65,631.226685,145.447617,667.349060,248.929123,0.902478
65,545.455872,133.746780,571.361755,222.078827,0.898602
65,576.063171,145.704544,605.796204,222.043579,0.873322
65,451.665344,141.733414,470.525452,191.130920,0.819475
65,515.862122,143.864685,531.370422,178.682129,0.798895
65,418.389862,145.774139,434.204102,190.655823,0.762071
65,377.813568,146.115463,396.146942,173.672821,0.694933
65,444.352814,146.964981,455.150085,189.015121,0.647626
66,1146.696411,98.122314,1224.507935,371.340210,0.922836
66,633.710388,146.671097,673.119019,253.461014,0.905260
66,548.380676,133.602539,572.797852,223.855591,0.902395
66,578.004944,146.671722,607.398376,222.745728,0.844527
66,514.351196,143.655121,528.296631,178.878677,0.794465
66,417.415283,144.358795,431.808350,190.706512,0.749843
66,449.160339,141.183792,465.635406,192.939529,0.710213
66,377.225555,146.321671,391.475006,173.501465,0.618287
66,320.636261,144.727493,343.210236,177.442917,0.521043
67,637.322510,146.113831,674.550171,254.512177,0.912812
67,579.210327,146.704483,615.475708,222.864899,0.887676
67,548.978271,135.630798,573.414490,224.773514,0.880964
67,1183.151733,165.993317,1222.327759,368.341919,0.836545
67,512.589478,143.471695,526.638733,178.901871,0.790764
67,373.855072,146.360901,387.666473,179.188446,0.761559
67,415.162170,145.993149,430.248138,184.877350,0.705641
67,449.476318,140.837357,462.821564,171.244431,0.665135
67,439.110352,146.252304,455.896332,182.907684,0.540827
68,645.069458,145.582947,680.067017,254.362885,0.901723
68,582.423401,146.519424,611.915466,223.420441,0.872274
68,549.425903,136.274673,574.400391,226.040558,0.869922
68,510.522949,143.666748,525.161072,178.926331,0.818730
68,413.603638,144.805283,428.863281,189.013336,0.714057
68,447.322449,140.249207,461.355774,186.425095,0.683398
68,434.044159,145.913971,454.360016,189.238968,0.561208
69,549.502747,134.737885,576.746033,227.119598,0.881530
69,583.264954,145.372177,612.670288,224.547165,0.875064
69,649.676453,144.512985,686.406311,255.663162,0.866661
69,509.382782,144.132645,523.465149,178.990204,0.793901
69,445.183807,141.421097,458.331146,185.945374,0.664570
69,360.706543,146.377411,381.911469,179.289658,0.556769
69,542.709839,147.474136,553.301514,179.352219,0.544357
69,412.919769,145.623505,427.123383,179.197693,0.538513
70,651.629028,146.049057,694.566528,258.494019,0.909147
70,585.146057,145.726273,622.233826,225.465286,0.884866
70,550.182129,131.487030,577.825317,226.766953,0.872214
70,508.759094,144.252808,521.371338,178.522583,0.806442
70,443.041809,142.058533,457.213928,189.987183,0.769801
70,359.188904,146.165634,374.170135,174.779922,0.674588
70,374.189697,148.231140,387.197815,179.764328,0.612154
70,541.561646,147.333176,552.235901,179.012726,0.585082
70,432.335144,148.718460,445.928833,191.536270,0.527300
70,410.043091,146.193497,425.633362,188.319748,0.522072
70,321.103973,144.637527,342.570129,178.230469,0.515153
71,656.369263,147.493408,702.079407,262.483521,0.916646
71,548.950012,132.711411,578.527527,226.089752,0.885107
71,587.454163,147.566437,617.339111,225.637924,0.863598
71,505.925873,144.010559,519.460693,179.137589,0.806521
71,440.653625,141.973175,455.366211,189.343384,0.745117
71,538.660706,146.029617,550.514587,179.712585,0.743424
71,348.534576,145.584839,373.091064,171.997803,0.718653
71,652.432434,151.103714,671.275818,218.282272,0.718284
71,320.188812,144.539810,342.824493,178.548996,0.700858
71,407.665680,144.537949,423.251892,183.763443,0.583487
71,255.546585,149.739182,275.966919,175.333939,0.506798
72,542.314758,133.344589,579.934753,227.631058,0.908351
72,662.291199,148.009354,707.120667,264.660706,0.895026
72,589.804077,146.855042,622.520447,225.923828,0.888786
72,505.555878,143.640244,518.738953,179.642746,0.812451
72,533.521545,147.306732,548.351746,179.061188,0.728245
72,347.854126,145.102310,368.410522,170.715363,0.714271
72,437.238831,140.992233,453.419586,186.038635,0.682119
72,320.310181,144.290787,342.967590,178.801819,0.675600
72,655.888306,151.383911,675.015625,212.117432,0.634521
72,406.488098,145.001236,421.753296,188.000366,0.589985
72,423.881836,150.536926,438.949738,191.984741,0.531737
73,539.162781,134.394791,580.495300,230.085449,0.904683
73,673.911194,145.436691,712.333313,263.888214,0.904142
73,592.801880,145.861877,625.203613,225.787933,0.898859
73,657.655701,149.558426,679.560242,225.018234,0.854605
73,502.121460,143.632996,517.343567,180.102478,0.817695
73,532.053345,147.778122,545.858032,179.661896,0.790733
73,435.799835,139.817398,452.369263,189.234680,0.675041
73,320.750336,144.209854,343.087189,178.348022,0.526507
74,680.249756,144.043900,718.520813,265.220001,0.902732
74,598.948547,144.941299,627.350952,227.772476,0.896562
74,540.672974,134.261917,580.582947,231.988480,0.894853
74,659.063049,150.622101,684.384399,226.413345,0.856411
74,500.759186,144.604446,515.976196,180.046921,0.817816
74,531.364380,147.630051,543.216980,179.758316,0.775675
74,432.931152,139.866425,451.463501,192.223541,0.664549
74,320.121674,145.708603,343.818542,178.525650,0.626295
75,684.827515,145.988190,732.925598,266.770935,0.918956
75,545.596008,132.291473,580.728638,230.678986,0.894656
75,602.286011,145.308640,636.520142,228.980392,0.872247
75,662.634705,151.593353,688.493530,226.718811,0.870558
75,499.457825,145.422546,515.254456,180.309128,0.820375
75,429.449249,140.620087,449.504517,192.183609,0.753419
75,319.980530,145.503967,344.020599,177.993988,0.613620
75,529.401428,146.377518,539.002686,179.631348,0.560916
76,686.698792,148.289185,737.832458,273.083344,0.916094
76,554.618225,132.334991,581.675720,231.586868,0.904462
76,603.264771,146.683350,636.837646,230.815063,0.882215
76,666.016968,150.773758,691.483643,227.941315,0.876551
76,497.354370,144.725952,512.070557,180.093933,0.845148
76,523.639465,147.076447,537.666199,179.944626,0.795364
76,428.308502,141.143234,447.026276,191.681122,0.775018
77,691.242126,147.507111,738.564514,274.272614,0.920753
77,668.248047,149.643600,695.839294,227.626404,0.897303
77,555.693604,132.551392,583.290100,232.687378,0.892399
77,603.240479,146.451584,645.613708,230.605209,0.883757
77,518.418579,148.168747,536.764771,180.574722,0.840032
77,496.074127,144.334229,509.342896,180.449020,0.819686
77,427.104645,141.147263,444.809723,191.664139,0.751872
78,705.108032,145.682175,745.017822,273.880524,0.921372
78,669.657043,150.422150,699.695496,228.963898,0.911774
78,558.098694,134.213852,585.732483,233.341400,0.898867
78,605.058960,145.104691,643.898804,230.718384,0.893679
78,517.474792,148.715164,535.975769,180.378799,0.853761
78,493.737061,144.006287,507.602936,180.002792,0.795680
78,426.361298,140.910004,444.272949,191.729645,0.730662
78,396.931763,145.988052,413.808777,180.438095,0.687743
78,320.900238,145.517334,345.129852,177.591705,0.510837
79,712.889954,144.464203,753.999756,277.625122,0.924400
79,559.870300,136.296814,585.954712,236.273254,0.892227
79,607.385864,144.920898,646.562622,231.093475,0.890243
79,671.749146,151.872543,703.291504,227.611404,0.864857
79,491.085968,144.797134,506.055664,180.863602,0.807897
79,516.702393,147.803970,531.832214,180.164948,0.798812
79,423.954041,140.121796,440.628876,191.369858,0.770721
79,320.417694,144.716217,344.919678,177.948517,0.646588
79,395.131927,145.869980,410.445892,181.140686,0.621239
80,713.732727,147.502090,763.521790,279.872040,0.935634
80,561.034241,132.485764,588.812256,238.197830,0.894373
80,673.915894,151.885986,705.639771,231.830231,0.894228
80,609.008728,145.258835,647.180481,231.778046,0.888940
80,490.053802,144.620956,504.605988,181.678833,0.827645
80,422.218689,140.192596,437.840759,191.148865,0.819875
80,514.611267,147.466980,527.008667,180.770233,0.782235
80,393.386292,145.998169,407.861420,181.773758,0.639527
81,716.800903,149.213211,772.105530,284.272186,0.936226
81,608.867432,148.235306,649.810974,236.720703,0.910057
81,562.151184,133.331940,592.296875,235.682892,0.906296
81,677.061157,151.532715,706.124084,231.414597,0.902573
81,489.034485,144.661301,501.843048,180.612625,0.818816
81,419.320129,141.648224,436.628143,191.138535,0.790855
81,512.197388,147.865677,524.622620,180.724014,0.770444
81,391.177032,146.106857,406.153442,182.781723,0.581093
82,726.514099,148.792282,778.664062,287.575165,0.921159
82,562.149597,133.244797,594.415833,237.090759,0.906975
82,679.280212,149.936646,707.375610,231.998169,0.896249
82,611.818359,145.556458,652.813721,235.390274,0.892511
82,508.080353,148.370575,522.746643,180.808914,0.820376
82,487.396057,144.245209,500.083923,181.382248,0.804091
82,417.162079,141.890823,434.997375,191.101959,0.782283
82,387.779907,146.471848,404.901886,180.985184,0.650065
82,406.208649,148.859650,417.682800,185.948776,0.537141
83,557.097717,132.930679,596.580322,239.678787,0.916776
83,739.482422,145.929031,785.014526,287.517456,0.916543
83,617.683472,144.342255,655.467346,234.854294,0.903219
83,681.495117,151.226746,711.217896,233.587936,0.893443
83,484.897491,143.939926,498.071136,182.143387,0.823326
83,505.684174,148.777496,520.660339,180.908020,0.805802
83,416.304779,141.423767,432.849548,191.525925,0.749939
83,384.582397,146.384293,400.995819,180.581131,0.533516
84,748.444946,145.779648,793.358521,289.941986,0.919679
84,555.535156,134.043472,598.407104,242.366577,0.915694
84,624.521973,144.589050,659.002563,235.818726,0.895646
84,684.135376,152.193634,715.183594,235.164658,0.871480
84,480.698273,145.296753,498.107758,182.135651,0.813820
84,414.582367,141.454849,430.989868,191.477158,0.788574
84,504.878296,147.967712,517.676514,181.432037,0.773854
84,382.407227,146.081848,398.822723,180.113739,0.589841
85,751.515259,148.730011,814.798584,292.848358,0.933955
85,554.761353,133.738190,600.080505,243.711212,0.904931
85,686.261353,151.322449,717.288513,235.951462,0.889246
85,626.793335,145.832733,661.453735,237.550842,0.886501
85,478.229492,145.006027,496.743256,182.849686,0.837353
85,414.235535,140.483826,433.654083,191.060654,0.741270
85,503.956757,147.566177,515.281006,180.791794,0.732625
85,382.595032,146.033142,395.491425,176.985977,0.511753
86,754.156372,151.235245,817.458923,299.565186,0.930805
86,561.271851,132.118851,602.721191,243.377380,0.909666
86,689.611206,151.239105,721.706238,236.089569,0.899555
86,627.003357,147.390274,666.658936,242.825195,0.877317
86,477.044586,145.106064,496.817230,182.520020,0.846840
86,500.041016,148.322021,512.947632,181.483139,0.759188
86,410.559845,140.578613,427.068604,191.978012,0.691129
86,379.018005,146.622269,393.096191,178.162079,0.596127
87,762.791016,149.552383,817.464172,302.927399,0.923692
87,624.754883,146.873932,669.047241,239.684967,0.901963
87,575.111572,130.898422,604.781677,242.967026,0.896759
87,694.173218,150.796951,727.753113,236.404327,0.896290
87,495.231415,148.763412,512.145325,182.034088,0.847140
87,475.016693,144.947754,490.828949,182.374985,0.826191
87,408.255646,141.437729,422.985840,189.851822,0.657518
87,374.049194,146.534698,390.473602,178.736374,0.591797
88,780.660706,146.862839,826.676819,301.871490,0.920583
88,578.284973,130.743286,611.185059,244.768951,0.909825
88,696.650574,151.797256,734.059814,238.311005,0.895748
88,625.531311,146.164642,668.796753,242.085693,0.893735
88,494.564575,149.187241,511.136292,182.218369,0.848444
88,474.642609,145.004410,486.284210,181.939240,0.777247
88,406.559082,141.476852,422.492371,190.851624,0.740057
88,257.847717,147.657715,278.738312,179.035721,0.679301
88,373.472260,146.134140,388.921326,180.227676,0.646049
88,560.982056,141.455536,576.387573,177.083145,0.501580
89,789.939758,146.761749,838.766479,308.234467,0.926169
89,581.339417,133.305344,614.572388,247.147812,0.911346
89,701.126770,152.962448,737.472229,240.185913,0.902589
89,625.990417,145.575882,671.579041,243.367538,0.899037
89,470.228729,144.488205,484.548065,182.948853,0.866224
89,494.718872,148.978867,507.463562,181.822388,0.804174
89,558.720886,141.284225,580.119690,177.167114,0.657346
89,249.289337,146.965485,271.010315,177.143295,0.612465
89,427.433960,147.064133,445.576324,189.365814,0.607532
89,405.358765,141.754562,422.598083,191.523972,0.602542
89,368.812073,146.033768,386.569611,179.894791,0.572827
90,791.265930,150.497223,855.035217,311.465668,0.940873
90,704.972351,152.445465,738.945740,241.060944,0.905939
90,583.545654,133.825790,614.692444,251.166809,0.899451
90,630.786743,146.962219,672.449707,241.931870,0.883516
90,468.391785,145.556870,483.929535,182.673599,0.856512
90,491.887085,148.306000,503.633667,182.280396,0.762556
90,402.302734,141.711853,416.589783,182.621765,0.714595
90,557.414795,141.848129,574.412842,178.135315,0.701044
90,428.200317,148.898148,445.976074,190.503082,0.697302
90,367.499512,145.930435,381.898621,177.182907,0.615822
91,797.281799,152.329590,867.604919,318.589783,0.938701
91,585.430725,132.348618,618.220520,251.213730,0.905388
91,630.492004,147.762833,673.655396,250.219223,0.901761
91,709.067139,152.355270,741.108887,242.466904,0.888294
91,467.664673,145.873581,482.508362,183.465591,0.845336
91,399.324707,141.172745,414.472382,180.852280,0.778158
91,428.923096,148.617065,447.760529,190.668945,0.776180
91,555.894287,141.303894,573.119385,177.754288,0.773767
91,488.511993,149.209732,502.092194,182.286774,0.735136
92,813.782654,151.285645,875.523621,322.277100,0.929004
92,631.022400,147.296860,674.559631,248.754211,0.902986
92,713.046021,151.656067,743.128052,242.659821,0.901445
92,589.240479,130.703613,621.823181,249.994263,0.899653
92,464.200195,144.914047,479.442169,183.103226,0.840656
92,487.049011,150.059326,500.561493,183.101151,0.820731
92,396.973083,141.606598,412.192688,181.400009,0.770965
92,553.933960,141.169724,570.511597,178.570648,0.762222
92,429.828735,147.411758,450.148315,190.365173,0.687578
93,586.682617,130.935928,625.054016,253.888901,0.919175
93,835.004211,147.787552,887.266296,322.955719,0.906576
93,715.714233,153.379501,753.630859,242.779465,0.899600
93,635.838562,145.107773,673.931946,249.272018,0.897939
93,463.641449,145.318405,477.095642,183.524399,0.848806
93,485.156921,150.006073,498.681183,182.951874,0.824634
93,550.672363,141.326675,568.578003,179.559021,0.777481
93,395.385071,142.326584,409.223969,180.997025,0.756236
93,439.134552,146.967621,452.444489,185.560623,0.646764
93,322.932892,144.796402,343.772186,178.556107,0.513965
94,844.953430,148.467651,907.013428,325.895813,0.933430
94,583.426819,132.922852,627.423523,256.482574,0.920460
94,721.030701,153.040207,754.157776,246.035477,0.873545
94,641.548889,147.112122,679.757141,249.803070,0.861385
94,460.337830,144.866699,475.707886,183.423233,0.811104
94,484.390198,149.348175,496.583130,183.002289,0.785467
94,548.391907,142.037064,566.298950,179.126999,0.782566
94,441.204315,147.172150,455.802979,188.143661,0.781443
94,394.502136,142.070129,407.667419,181.228165,0.722887
94,323.194366,144.359589,344.900665,178.218506,0.606420
95,846.129883,152.758499,942.055664,331.173798,0.934415
95,581.329712,133.758148,629.390625,260.067444,0.932063
95,726.518311,154.261841,755.722595,244.907028,0.892015
95,645.349792,149.546555,680.600037,255.823212,0.869365
95,458.885590,145.869934,474.254852,183.766129,0.813605
95,443.953064,147.179092,462.673004,188.264587,0.811103
95,547.361328,141.946030,564.886108,180.686859,0.788662
95,483.104584,147.806915,493.821503,182.924637,0.741482
95,392.645142,141.829361,405.887177,179.039749,0.698181
95,323.098907,143.813126,344.707458,178.162140,0.661769
96,849.859131,153.786179,948.247559,342.436584,0.942511
96,729.073608,151.691269,762.449829,246.036179,0.910335
96,587.771301,133.195496,631.991699,261.052643,0.906296
96,646.354187,149.019852,689.578979,258.634460,0.864221
96,479.550659,148.130142,491.346771,182.940338,0.829956
96,546.333252,141.691467,563.535461,181.427689,0.819361
96,444.738098,147.458969,466.742645,188.557907,0.772347
96,322.779175,144.925079,345.742920,178.158463,0.594773
96,457.631622,146.827881,472.631317,182.934753,0.576314
96,388.936096,141.121735,402.493134,181.252396,0.547078
97,867.979736,150.413269,947.884583,344.092407,0.926676
97,600.388245,131.196915,635.960205,260.160522,0.918767
97,734.081177,152.628387,770.158081,249.062531,0.900835
97,646.742126,148.835861,688.941711,257.994202,0.884530
97,474.304382,149.125031,490.891754,183.425583,0.847677
97,544.785889,141.414017,563.363220,181.055984,0.829976
97,445.673584,146.661896,468.872986,188.158203,0.802389
97,385.474762,141.519379,399.871094,182.603256,0.657215
98,900.447205,146.936646,959.011963,344.028473,0.925495
98,605.895325,131.071655,640.699158,260.442200,0.911425
98,737.890137,153.863281,777.939819,250.824677,0.900417
98,647.531860,147.399673,690.241760,259.173645,0.886464
98,545.439148,142.061371,562.999146,182.025299,0.850010
98,471.183746,149.860382,490.112946,183.714630,0.847026
98,451.792938,145.972244,466.179443,187.306763,0.712567
98,382.125824,141.430054,398.048004,183.748184,0.645119
98,326.529175,144.369614,344.202515,177.268219,0.508716
99,915.106812,147.432755,979.999207,350.416626,0.932794
99,609.547852,133.107452,649.899841,263.933289,0.918515
99,741.056519,154.568787,782.413269,252.880554,0.903493
99,649.332642,148.570587,694.022705,259.859497,0.886485
99,471.115265,150.128021,488.107422,183.605545,0.838341
99,549.106384,141.754089,562.396118,183.008408,0.828831
99,457.363007,146.220139,469.447113,186.925690,0.715641
99,446.202332,145.782593,459.854095,183.808197,0.674869
99,378.519104,142.554169,397.835876,181.013733,0.665271
99,325.698883,144.431213,347.605255,177.582886,0.553424
100,917.160461,153.123840,1021.939941,358.288300,0.946614
100,746.206665,154.467667,785.123840,253.150848,0.912403
100,612.279419,134.477951,649.276917,268.516479,0.906436
100,651.482056,151.668655,698.585510,266.708649,0.902706
100,470.101959,148.354645,482.836731,184.039703,0.797442
100,549.670044,142.073288,563.202820,182.613663,0.789412
100,459.460114,146.222458,472.368134,186.738983,0.784718
100,444.368683,146.827072,459.720856,184.687241,0.784681
100,374.893402,141.665817,396.058167,178.563065,0.724075
100,326.459015,144.384933,345.791779,177.506363,0.533167
101,926.776978,153.569138,1038.121704,365.085632,0.946984
101,613.424561,133.704498,653.646851,269.676819,0.916155
101,753.246338,153.372238,786.379089,253.147415,0.909200
101,654.162720,151.598129,700.476135,268.596161,0.897872
101,461.437469,146.154526,479.446136,187.082199,0.825068
101,440.729797,147.173538,457.693176,184.257584,0.796603
101,550.502441,142.248566,562.935913,182.673187,0.762531
101,374.368164,141.223068,389.064423,179.016617,0.573077
102,957.084167,150.976746,1039.941650,366.759216,0.932260
102,612.001282,132.604019,657.247864,271.136993,0.923939
102,755.937195,154.128342,797.288818,255.523010,0.901451
102,660.165588,149.790436,705.521545,266.419708,0.895851
102,462.617249,146.285141,480.123413,187.527603,0.854330
102,437.406799,146.920654,455.342438,184.605652,0.800059
102,550.953125,141.826675,562.837646,182.906067,0.765942
102,369.857819,141.070053,388.146118,177.984253,0.677713
102,326.495880,144.743164,344.314301,177.166306,0.554027
103,596.782471,130.670410,661.038269,272.104889,0.929436
103,993.930847,145.631439,1064.421265,367.327362,0.903572
103,758.827698,154.566177,804.443237,257.715302,0.895740
103,666.840698,149.358505,713.491821,271.753815,0.883575
103,435.714691,146.840073,452.315094,184.255661,0.790632
103,366.381134,141.249512,386.034851,177.085083,0.743132
103,462.238342,147.877655,479.311493,186.879440,0.710002
103,550.362549,141.089996,563.441223,182.057098,0.659444
103,326.146271,144.400650,344.663910,176.460037,0.644045
104,586.203857,131.532074,663.839050,275.072845,0.930474
104,1001.555176,146.505020,1101.755493,368.412048,0.925667
104,766.889832,154.221832,803.775635,258.781830,0.899333
104,670.734680,151.599060,714.818481,271.749420,0.879150
104,435.067902,146.510498,450.687927,185.525375,0.800489
104,365.728363,142.237640,385.066040,177.685806,0.757950
104,550.724365,141.600174,563.360168,182.874084,0.749907
104,470.290710,145.453613,483.428070,185.896255,0.740691
104,461.048828,150.386734,474.937134,185.812637,0.722632
104,324.461639,144.515137,345.117889,176.920883,0.620006
104,344.008026,149.635361,359.949524,178.420471,0.553175
105,583.930420,133.534760,666.652039,280.629578,0.932343
105,1003.359985,152.303909,1144.815186,368.134552,0.919143
105,774.130859,153.599167,807.975403,259.285706,0.901652
105,673.150024,153.512405,716.085266,278.047028,0.871287
105,473.709930,145.175354,487.495087,186.811615,0.812811
105,429.170685,146.642776,449.385254,188.347702,0.797659
105,458.868011,149.964096,469.326172,185.317505,0.796240
105,548.600769,141.929504,564.150208,184.136429,0.789353
105,361.901215,142.946167,381.897369,177.500305,0.739776
105,324.260040,144.827484,345.803986,177.188293,0.708706
105,344.759033,148.988129,360.404236,177.810318,0.531001
106,1011.261658,150.477020,1144.488037,369.079620,0.949671
106,587.348633,134.235184,667.348572,282.643005,0.935481
106,778.526489,153.381866,817.293884,259.717926,0.910343
106,677.633911,153.182236,730.454773,277.911957,0.895484
106,474.971558,146.595825,496.109039,186.447128,0.873667
106,430.004791,146.670456,447.456116,187.013184,0.814153
106,456.740906,149.799774,467.389618,185.544205,0.808748
106,548.073792,142.244659,564.092041,182.633408,0.763508
106,359.332184,141.882492,379.447815,175.131149,0.548479
107,1045.182007,145.380981,1159.190308,368.308411,0.941209
107,588.776489,133.329758,668.418640,284.087402,0.928589
107,782.892944,154.218369,827.015564,263.711975,0.910225
107,678.685425,151.703827,730.161560,278.918945,0.900616
107,475.184357,146.161255,497.503998,186.938812,0.884697
107,451.243134,150.136200,466.622894,185.942001,0.817441
107,547.898560,141.853256,562.948547,183.365036,0.810973
107,427.390594,146.713516,446.591370,187.567307,0.804994
107,357.337982,141.875961,374.418030,172.459824,0.531689
108,607.679138,132.351212,671.345886,283.786072,0.931064
108,789.418396,155.416672,833.546082,267.212006,0.919468
108,1101.270996,142.521790,1176.204224,368.559235,0.912669
108,682.378418,151.534103,733.027710,279.781525,0.881688
108,445.325104,151.798462,466.151184,186.536682,0.848220
108,477.669495,146.015366,498.343506,186.805267,0.843816
108,547.224121,141.883377,562.607727,182.882645,0.816067
108,425.701813,146.710297,444.577484,187.640869,0.782996
108,325.678955,145.371399,346.334839,175.282364,0.585493
108,355.162781,142.220886,371.920197,170.368332,0.532161
109,630.966980,131.864517,674.327942,286.927338,0.933881
109,1124.331665,143.406998,1207.739868,367.499390,0.928050
109,795.362793,156.232010,838.009705,267.618408,0.907058
109,687.161255,153.539490,738.902954,285.338531,0.899007
109,444.489532,151.768677,464.224091,186.367264,0.839597
109,483.605042,146.469421,498.523285,186.044418,0.807549
109,423.790283,146.071960,439.834106,187.807388,0.800515
109,548.587646,141.962723,561.999512,182.413101,0.800458
109,324.125519,145.044403,345.018524,177.750000,0.642480
109,347.054291,142.918335,367.648071,174.147476,0.629892
110,1131.092896,147.590652,1224.195923,368.555359,0.947126
110,636.791382,134.430069,678.565430,291.836517,0.926031
110,690.420288,155.428467,744.481628,293.182098,0.903294
110,802.969360,155.052551,841.103882,268.435547,0.902160
110,421.141266,146.470047,437.901520,187.854172,0.809319
110,548.800049,141.973541,561.585815,182.776093,0.772727
110,444.575806,151.043152,458.425415,186.198273,0.762116
110,487.905060,145.550888,500.782745,181.899445,0.687084
111,640.145325,135.446228,683.462219,296.404968,0.920235
111,1139.870972,189.629807,1222.785645,367.507965,0.906785
111,808.900574,154.076843,844.768494,268.432159,0.905876
111,694.614441,154.297287,743.831665,292.966980,0.886585
111,489.932251,145.604477,504.263306,185.496750,0.830732
111,419.650574,146.965927,436.053375,186.360626,0.780644
111,439.133362,150.585449,454.829010,187.610306,0.763763
111,548.889404,142.147446,562.378906,181.744370,0.756987
112,641.917847,134.260330,686.700562,298.423248,0.920958
112,811.043823,156.066925,863.343933,271.206757,0.905423
112,701.355469,152.443542,749.356750,292.611359,0.869204
112,491.040894,145.454269,508.861633,185.389572,0.852140
112,549.432007,142.296463,562.659363,183.639526,0.784920
112,417.451294,146.799301,433.670685,187.458084,0.766986
112,438.343170,150.628662,452.400116,186.590958,0.766180
113,646.352356,131.796616,691.150696,298.874237,0.925291
113,708.709839,153.997894,765.003967,298.736664,0.893798
113,813.867554,156.699509,867.551086,274.930786,0.889531
113,492.671356,145.476074,511.097870,185.496185,0.876343
113,551.312378,141.997375,563.829956,184.183838,0.768565
113,415.008728,146.247162,430.980408,186.915543,0.748193
113,434.685486,151.280899,451.352234,186.289383,0.747624
114,642.543457,131.677795,695.891357,301.546692,0.928776
114,710.491333,157.109879,769.728943,303.500885,0.886031
114,820.444275,155.980774,867.192810,276.429230,0.862669
114,496.110107,145.069748,511.442108,185.474396,0.846483
114,431.201233,151.173752,448.738831,187.607712,0.756477
114,412.104950,146.457718,428.772552,187.907272,0.752021
114,551.664429,142.311050,564.231689,183.316223,0.729084
115,629.401550,133.695816,699.642273,307.519104,0.928161
115,835.622864,154.398102,877.528687,276.092590,0.920053
115,715.121277,158.020706,773.600525,307.443756,0.870997
115,501.343964,144.308304,513.321899,184.682755,0.795893
115,411.904724,146.809402,427.358978,188.038330,0.790005
115,551.598755,142.242416,564.928101,183.342743,0.759439
115,430.726593,149.560791,445.280701,187.254166,0.755547
116,628.348022,136.068817,703.216492,314.396088,0.937138
116,841.133545,155.523010,889.484253,279.100616,0.906281
116,721.384216,156.790985,771.204041,308.022125,0.890896
116,503.670197,144.279388,517.068542,185.271423,0.828215
116,552.391479,141.909119,564.738831,183.830078,0.767270
116,429.846191,150.464722,444.318481,187.524857,0.725379
116,409.556458,148.298615,425.585632,187.971802,0.661634
117,641.636230,135.255402,707.358459,317.121887,0.922446
117,847.719360,157.400772,901.645203,281.453094,0.912229
117,722.561829,155.323853,781.856689,310.092804,0.903593
117,504.342865,145.136475,524.241028,184.738907,0.845893
117,553.557068,141.774811,565.383423,184.608383,0.807015
117,406.526367,148.350616,424.317902,186.824493,0.721098
117,425.705902,151.028046,441.203278,187.305954,0.683131
118,659.016968,133.045029,712.645752,320.732971,0.921639
118,856.838135,158.899246,909.582886,287.200958,0.907758
118,726.339111,157.482529,783.743835,315.729401,0.884908
118,505.129425,145.314148,525.992798,184.567856,0.868766
118,554.228088,141.724289,566.193909,184.403229,0.795221
118,403.520813,146.844940,420.785736,188.458191,0.790090
118,421.898132,151.689240,443.766052,189.658585,0.727609
119,674.236633,131.335709,718.089539,320.053864,0.920977
119,731.647705,161.318512,793.910156,323.587006,0.915800
119,867.501465,158.330688,913.633362,287.251129,0.895944
119,508.443481,145.063049,526.760315,184.154709,0.870144
119,554.833069,141.502823,567.255859,184.295456,0.812124
119,401.687561,147.012314,416.845551,188.059555,0.743385
119,420.109924,152.409897,441.614319,188.810776,0.604953
120,677.997009,133.262802,731.310059,326.111450,0.918414
120,735.137329,163.693481,798.336243,330.238647,0.912219
120,878.284851,156.842117,921.516418,287.946472,0.909589
120,514.340454,144.576324,527.874451,183.363297,0.838779
120,398.500732,146.985535,415.416840,182.448639,0.810009
120,555.426941,141.719376,568.285767,184.562134,0.795281
120,417.851349,151.147858,434.046051,188.609756,0.729791
120,324.228333,144.672272,345.379028,178.690582,0.589179
121,679.120361,136.469299,745.143555,334.394257,0.912461
121,739.985291,162.000153,803.297974,330.814697,0.905664
121,883.941406,156.048096,939.885803,290.241730,0.878870
121,555.997375,141.969269,570.019958,184.210312,0.813260
121,416.448517,151.819366,430.125916,188.364777,0.769357
121,396.968048,148.105240,413.817657,181.799683,0.767681
121,323.651794,144.501633,345.517548,177.706955,0.680344
121,517.797424,144.316559,530.682922,181.971390,0.646344
121,354.197266,150.825241,378.089569,179.097122,0.603462
122,682.827271,135.716324,743.385315,338.860107,0.908496
122,887.684875,158.694870,959.514771,292.679596,0.904324
122,748.941467,160.914734,807.740967,333.174683,0.888877
122,556.868164,142.020630,570.463806,184.087555,0.822488
122,520.741150,145.626923,534.489746,183.512527,0.803774
122,414.240814,151.274536,428.235535,188.518158,0.781365
122,395.057922,148.279587,411.885071,181.219742,0.751084
123,691.426941,134.019257,749.590515,342.640778,0.933031
123,754.831848,162.211884,820.374329,340.305054,0.915937
123,905.166016,158.765060,960.501160,299.120453,0.848371
123,521.039673,147.486343,537.402100,183.152267,0.833601
123,557.213440,142.120789,570.804138,184.166565,0.820612
123,391.535126,148.006989,408.573425,181.688156,0.772066
123,411.622498,152.319000,425.482452,188.959702,0.683779
124,701.073792,131.376877,757.829712,338.114716,0.936857
124,755.024231,166.413864,833.265991,350.746246,0.916420
124,922.939941,158.284393,964.422791,299.245209,0.893261
124,557.614990,142.277191,570.945862,184.010056,0.814118
124,523.131470,147.949356,538.218079,182.896072,0.807134
124,388.135040,147.682449,407.160919,181.872849,0.776729
124,409.812866,152.851379,423.032288,189.314545,0.674147
125,685.897522,132.538879,765.685242,351.312836,0.928296
125,929.973145,156.738419,986.342041,303.019226,0.912556
125,762.230591,166.872986,845.421509,352.515015,0.911609
125,557.746643,142.543961,570.896484,184.190033,0.790114
125,388.007172,147.649567,405.465942,181.647797,0.770425
125,406.658997,151.729614,420.499573,189.523193,0.753277
125,528.252197,145.940033,539.676758,182.794662,0.628195
126,681.243652,135.659164,774.021973,359.289642,0.933514
126,938.896362,159.487030,1005.285034,304.732758,0.906499
126,782.804382,162.722931,844.486633,352.001495,0.856079
126,531.233459,143.869797,544.895691,183.605820,0.798555
126,557.299255,142.168793,571.316956,184.301773,0.769089
126,404.836212,150.630890,418.190063,187.019684,0.647040
126,387.389496,148.311157,403.858704,181.379486,0.611100
127,687.243347,135.403015,778.647888,363.233032,0.925585
127,941.416504,161.590820,1019.986389,310.977356,0.889219
127,786.086365,161.609680,857.403320,360.320892,0.872840
127,532.510254,144.052567,547.802734,183.056107,0.815726
127,557.859863,142.495987,571.328552,184.463058,0.784180
127,404.118469,151.449402,418.054535,188.959076,0.716389
127,381.516235,148.942139,401.133026,182.621536,0.628403
128,699.777588,132.376343,786.889832,362.528290,0.926808
128,966.769470,160.820892,1028.975708,312.886169,0.895891
128,791.443481,164.140335,867.869629,368.247101,0.894965
128,533.073975,145.975250,551.704895,182.769791,0.796719
128,558.161133,142.381989,571.400757,183.968567,0.777690
128,382.412750,148.952393,398.472412,183.661560,0.766077
128,400.734772,152.832458,414.523682,184.830109,0.657884
128,326.912476,144.218369,347.049744,176.759567,0.540133
129,728.241821,128.409958,794.478333,367.005127,0.929141
129,798.500671,166.309494,884.791626,362.700623,0.915371
129,976.267212,159.348251,1031.071045,314.737885,0.884662
129,534.417297,144.239700,552.646545,182.960464,0.801206
129,557.667236,142.360901,571.222778,183.951523,0.790280
129,382.025146,148.453629,395.050873,178.828903,0.700994
129,398.525024,153.737381,410.312012,181.194565,0.692491
130,743.326477,127.750916,803.247070,369.123657,0.927907
130,809.192505,164.516586,897.437500,367.602051,0.926008
130,982.860229,158.647598,1052.781738,316.291931,0.896125
130,537.851318,144.094650,553.553772,182.663651,0.821904
130,557.245300,142.568207,571.661560,184.048798,0.797112
130,395.997650,152.680496,408.452362,180.084534,0.632179
130,380.667633,148.550125,393.592590,175.701141,0.602380
131,750.026367,130.695862,820.884216,368.854248,0.921207
131,825.527832,161.167130,906.050476,368.290680,0.921104
131,991.402283,160.250504,1086.143433,319.790833,0.914479
131,543.001648,143.688980,555.828308,182.323502,0.785588
131,557.843689,142.529129,571.831604,184.368835,0.776091
131,393.504608,151.996185,407.704529,181.374435,0.681379
131,366.470245,151.712875,388.338837,179.219299,0.520800
131,380.779449,149.508087,392.708221,176.842285,0.516685
132,829.929321,162.949875,926.239075,368.579895,0.931655
132,753.297546,132.213989,834.502197,368.447845,0.918635
132,1003.337097,161.312851,1089.493652,328.068878,0.866865
132,547.154602,143.521011,558.525208,182.600647,0.815145
132,557.685730,142.552048,571.603149,184.300613,0.792592
132,389.815094,152.058228,406.200348,182.829391,0.702463
132,367.593781,149.758530,388.630615,179.535263,0.559512
133,829.056580,166.076263,941.782776,369.327209,0.943967
133,758.485229,128.022980,837.763672,368.659363,0.929804
133,1028.737183,160.102463,1089.666626,330.267426,0.860417
133,547.776855,144.292633,560.224060,182.230423,0.801679
133,558.083740,142.556915,571.422974,183.931396,0.758206
133,387.641632,153.632248,404.110809,181.771408,0.622918
133,327.673279,144.426315,346.425110,176.853882,0.532873
134,843.247131,165.969559,960.632324,369.113708,0.941494
134,773.002625,123.112823,848.003174,368.765503,0.931395
134,1047.645996,159.343063,1111.895264,330.047882,0.902163
134,557.826233,142.789505,571.037292,183.895462,0.751595
134,548.701904,144.349167,561.504700,182.007050,0.714229
134,386.703796,152.936172,401.102997,180.438293,0.571324
135,785.139587,120.075027,860.569397,368.171173,0.940623
135,869.625061,162.578384,978.865295,368.723694,0.916807
135,1060.690308,160.947159,1141.852173,340.970703,0.904069
135,556.824341,143.616745,570.825500,183.576645,0.766082
135,385.069336,152.407288,399.396240,180.234039,0.575427
136,769.413391,121.567566,873.551392,367.259308,0.949627
136,896.622437,159.670303,997.501099,367.706940,0.918003
136,1073.882324,164.066483,1164.723877,340.647827,0.864531
136,557.248230,142.363327,570.384766,183.937729,0.809073
137,767.365845,124.996574,886.436462,367.812653,0.946223
137,904.987488,161.742401,1017.747131,367.717255,0.925232
137,1093.108032,162.426590,1178.427002,348.023407,0.876259
137,558.156006,142.440140,570.650757,184.680374,0.799289
138,768.219543,122.202232,899.853577,368.038879,0.943456
138,915.222900,164.620163,1040.055176,367.678741,0.930566
138,1116.282715,160.629456,1186.488770,346.934509,0.900541
138,558.550842,142.351913,571.666931,184.127792,0.732058
139,793.023193,116.952820,912.231323,368.988983,0.945670
139,931.143799,163.640930,1063.590576,368.226929,0.933921
139,1130.626221,159.845978,1207.315308,349.133728,0.840820
139,558.766113,142.242889,573.312317,183.368958,0.604987
140,828.222412,109.398369,927.121643,367.451721,0.946420
140,963.869385,159.830185,1088.961182,367.376068,0.930558
140,1137.013428,161.773163,1224.862915,344.940765,0.910865
140,558.472534,141.989258,570.016357,183.386810,0.681869
140,371.222290,148.728989,394.386658,176.910690,0.586445
141,857.254700,109.576744,946.292236,367.575134,0.936534
141,993.356873,158.076950,1111.281372,367.951538,0.927775
141,1143.302368,163.390549,1225.467041,345.882294,0.857312
141,558.855103,141.655609,571.555542,183.540329,0.650053
141,370.594513,148.765244,392.790192,177.610092,0.613403
141,348.681732,147.313004,369.495941,173.151672,0.541169
142,870.423523,112.384941,962.782715,368.730133,0.929344
142,1002.951477,161.712921,1138.669312,367.867218,0.925173
142,558.469299,141.757965,571.620239,183.742706,0.704490
142,347.556427,147.500488,368.806519,173.608795,0.650841
142,326.847870,144.916611,346.627655,176.713181,0.538733
143,883.092529,113.589005,996.771362,368.194611,0.926713
143,1021.553894,164.947144,1171.864258,366.766205,0.918425
143,558.439331,141.780624,571.132568,183.664703,0.739141
143,347.207184,147.670212,367.007141,175.089096,0.624136
143,326.801361,145.049973,347.058411,177.226959,0.551069
144,913.228455,110.100220,1012.894043,367.070160,0.932226
144,1071.052368,165.211609,1210.981323,367.188293,0.916139
144,558.393799,141.972626,570.805725,183.768646,0.764559
144,266.897369,151.113968,278.379333,178.015686,0.608142
144,325.678345,145.445862,346.361359,177.018784,0.551176
144,369.837860,149.457092,395.502502,177.244476,0.541221
144,346.466797,147.327942,364.614685,174.222092,0.519439
