0,100.410065,171.453735,216.903168,224.689819,0.924879
0,0.047672,182.748749,103.242935,234.543427,0.924418
0,214.877548,178.704422,267.886871,214.694382,0.879367
1,66.266273,171.346970,193.303467,227.354263,0.911913
1,0.498405,183.171402,69.229568,235.266342,0.889367
1,191.639526,180.037445,271.369080,216.400818,0.784669
1,728.406494,172.654404,742.085815,182.761185,0.507412
2,28.382431,172.806808,157.419296,232.891769,0.900131
2,184.262863,181.169601,253.973648,219.790787,0.897860
2,0.050353,187.044098,29.858307,238.503204,0.823630
2,726.918396,173.315079,739.748108,183.535660,0.518151
3,140.147629,182.569092,235.937241,224.452728,0.913752
3,0.258545,174.777069,142.411346,237.191345,0.879823
3,659.587708,174.523285,674.459412,184.305603,0.705067
3,725.933960,173.625381,741.693115,184.543137,0.686033
4,111.140305,183.430389,215.125015,227.629974,0.925505
4,0.116016,174.129883,112.157516,241.824005,0.916465
4,723.549866,173.575653,737.568298,184.615753,0.732341
5,79.127731,182.392609,191.945511,229.086365,0.924799
5,-0.047436,172.383575,79.152328,238.083618,0.827219
5,722.844116,172.365463,736.880493,183.552383,0.742941
6,43.144371,180.364502,167.303223,229.333466,0.923779
6,-0.000488,169.528351,41.426369,237.117371,0.848549
6,720.805908,171.219040,734.672852,182.223923,0.763535
6,653.550293,172.427292,667.546875,181.824631,0.671285
7,2.208199,178.845337,141.190491,231.908569,0.919833
7,720.523376,171.002350,732.923157,182.111115,0.774865
7,651.561279,173.005508,666.195068,181.966110,0.662254
8,0.170101,179.887207,111.184784,234.697876,0.913900
8,719.205933,172.189346,732.585815,183.651993,0.731915
8,650.128479,173.754227,663.642273,183.307327,0.713520
9,0.038334,179.673279,79.000000,233.629303,0.822928
9,718.129944,173.137848,732.239807,185.036407,0.722750
10,717.016052,174.264130,732.433533,186.635742,0.747338
10,647.862366,176.716370,660.568176,185.860077,0.675329
11,716.661011,177.183182,732.022583,189.564438,0.640699
11,646.812256,179.706284,659.455566,189.045395,0.574015
12,716.990784,177.370163,731.680847,189.391922,0.734991
12,645.278320,180.072235,657.799805,189.087891,0.583064
13,716.481445,176.700897,731.820801,188.555634,0.791004
13,643.436829,179.001541,656.722839,188.281906,0.671133
14,716.129639,174.075439,731.274658,186.236694,0.799725
14,642.579895,176.535156,655.591614,186.383606,0.674433
15,714.928345,172.945312,731.151489,185.131439,0.807964
15,641.514404,176.028931,653.543701,185.265472,0.622942
16,713.510620,172.671753,730.416260,185.311249,0.791642
16,638.658875,176.247574,650.630798,185.310196,0.618349
17,712.513489,174.498779,728.640564,186.358154,0.806803
17,635.314697,176.324326,647.959229,185.965805,0.502818
18,711.072571,174.549164,728.032898,187.010193,0.833257
18,632.237244,176.613937,645.066223,187.070602,0.628636
19,709.495483,172.977615,726.355469,184.999161,0.807406
19,629.268616,174.558090,641.681580,184.320633,0.654835
20,708.198975,171.873596,724.653198,183.693542,0.814052
20,625.548706,172.982468,639.682495,184.256851,0.767533
21,706.687744,171.438721,723.503296,183.855469,0.793773
21,622.547974,173.560333,637.307129,184.376678,0.658786
22,706.451111,172.615891,723.813416,185.919388,0.796060
22,620.023376,175.124924,634.674255,186.375778,0.728397
23,706.862854,172.426926,724.353210,186.513565,0.738341
23,618.188904,175.410873,633.789856,186.153275,0.714731
23,679.064941,173.385178,691.266479,181.417435,0.534004
24,707.718323,173.791321,725.343933,187.604980,0.832503
24,616.412720,175.439316,633.417603,187.934433,0.774041
25,708.340942,175.807678,726.105103,189.220520,0.822391
25,614.589172,176.989899,632.463806,189.275665,0.639153
26,709.806030,179.238785,727.930420,192.128586,0.821917
26,612.335632,179.509888,632.336975,192.158203,0.778596
27,710.035522,177.539551,728.582520,191.264771,0.814491
27,611.068115,180.765961,629.709595,191.252594,0.557401
27,678.410034,177.582764,692.603394,185.932129,0.531928
28,609.522217,177.004242,629.347534,189.388336,0.766981
28,711.814453,175.274033,729.959839,189.358231,0.748247
29,607.885681,173.829239,628.132629,186.853500,0.783456
29,712.636108,172.263474,730.985352,186.746231,0.684082
30,713.110962,171.502716,732.168457,186.033752,0.840593
30,605.410645,173.538239,624.807373,186.057312,0.779301
31,713.442444,171.418732,732.802917,186.252045,0.853554
31,602.708740,174.529861,622.662720,186.138931,0.755998
32,714.779541,171.189117,734.386230,186.201050,0.852656
32,600.669006,172.471741,621.673523,185.901764,0.798133
32,677.969360,170.577942,692.047974,179.517029,0.581038
33,716.101624,172.356857,735.303528,187.087265,0.830148
33,598.473816,173.695511,620.037781,187.234451,0.804914
34,716.548096,173.552399,737.199341,189.004883,0.838666
34,596.252075,175.279404,617.006470,188.030411,0.747589
35,718.126953,173.000305,738.005249,188.244324,0.870861
35,592.176697,173.943161,614.899353,187.536972,0.831249
36,717.624939,171.169296,738.291321,187.581345,0.842241
36,589.054810,171.947296,612.258911,186.538177,0.825057
37,717.309753,170.704117,738.616394,187.639847,0.859506
37,584.583374,172.536682,608.904053,186.845001,0.854474
37,875.638306,165.631485,907.923462,176.694229,0.501054
38,579.822632,173.361191,606.552856,188.218430,0.840261
38,717.260376,172.064499,738.662231,189.079819,0.832333
39,573.542175,173.831665,601.070740,188.562317,0.837411
39,716.754761,171.163940,738.434570,189.350098,0.657807
40,716.649109,171.769333,738.697937,189.190323,0.858173
40,568.560059,174.041855,595.424561,188.534073,0.788373
40,879.361755,166.082611,912.097717,177.453796,0.567609
41,563.308228,173.523621,590.635376,188.800659,0.849372
41,716.528137,172.361649,738.362488,189.392197,0.831342
42,556.934021,174.039764,585.904480,189.863251,0.881454
42,716.522583,173.234329,738.607910,190.542221,0.825834
42,452.114990,174.598083,470.885254,186.201599,0.623285
43,716.351990,173.590302,738.954773,190.900513,0.869688
43,550.162231,174.139908,580.950073,191.038925,0.867674
43,882.733154,167.042191,916.759521,179.303146,0.517300
43,446.111206,175.662811,465.866760,186.924805,0.508776
44,542.822388,174.773041,575.376587,192.022583,0.879454
44,716.281067,173.325577,738.974426,191.603653,0.835524
44,442.043915,175.473541,461.845856,187.293762,0.723590
45,535.744324,175.723480,569.690369,194.364807,0.894306
45,715.777649,174.326385,739.367126,193.091858,0.862604
45,437.520264,176.513855,459.181580,189.275604,0.604239
46,528.584778,178.255005,563.442322,197.172638,0.901563
46,715.105774,176.308411,739.533264,195.609070,0.869581
46,432.256073,178.921158,452.964630,191.360489,0.726417
47,520.529236,178.590851,556.189880,197.902496,0.910107
47,715.035461,177.328384,739.716980,196.625198,0.852119
47,426.500153,178.786362,447.931976,191.922745,0.728229
48,511.477783,177.779846,549.386719,198.113495,0.887200
48,714.863342,175.960129,739.771301,196.250107,0.879681
48,419.898712,178.164932,444.044769,191.671860,0.760936
49,501.713104,178.706345,540.955261,199.674271,0.901436
49,714.304626,175.445740,739.924500,197.259369,0.851485
49,413.898926,178.469910,438.913635,192.012909,0.689999
50,713.920837,176.079346,739.943054,196.922668,0.901451
50,492.050415,177.869690,532.819214,199.969574,0.901276
50,407.029541,177.765976,439.625549,191.543839,0.719309
51,480.691437,176.855087,524.185913,200.236435,0.903384
51,712.639954,175.320450,739.731018,196.930283,0.867878
51,399.801666,176.256302,433.257965,190.549301,0.637759
51,888.643982,167.870407,928.603455,180.890640,0.509856
52,467.730713,177.221405,513.700928,201.477081,0.911127
52,711.755493,174.697571,738.758667,196.996704,0.889538
52,889.137085,167.660690,933.099854,180.603531,0.661407
52,391.523987,176.972443,424.635498,190.451294,0.561834
52,666.498962,174.398895,679.266296,183.744995,0.549392
53,454.811218,177.626831,502.588013,202.997223,0.908780
53,710.867493,176.013000,738.151917,197.773590,0.899904
53,888.617249,168.001953,933.502625,180.178894,0.564955
53,639.776794,174.644226,655.384460,185.168762,0.551746
54,439.708832,178.021729,491.190643,204.565247,0.909389
54,708.847900,175.071503,737.126465,197.876678,0.893438
54,635.408508,175.018066,650.500427,184.652527,0.574493
54,374.840698,178.406891,401.233337,191.285828,0.542885
54,660.389404,174.141617,673.020630,183.941635,0.507600
54,887.981934,168.051743,921.977905,180.123367,0.503006
55,424.399353,178.283752,478.466370,205.666870,0.905004
55,707.535400,174.638596,736.581421,198.012558,0.899719
55,364.396088,178.243637,397.203400,191.707382,0.581797
55,886.297119,167.494431,918.442627,180.212662,0.568133
55,632.591309,174.311920,654.602051,184.581207,0.503251
56,706.155884,174.259598,736.258423,198.400650,0.912225
56,406.173920,178.426132,465.614410,206.743698,0.903965
56,358.457703,176.399200,386.612183,191.737732,0.651668
57,386.852966,178.285522,450.784790,209.964996,0.918370
57,704.446045,174.980820,735.637329,199.503281,0.914654
57,625.043335,174.320633,640.345947,184.838882,0.602073
58,364.829102,180.409882,434.482910,213.848511,0.918675
58,702.919250,176.966843,734.846252,201.744308,0.906061
59,341.231384,180.971085,417.571167,216.921188,0.916360
59,701.278381,177.785843,734.001282,203.188614,0.909625
60,313.678192,180.263412,397.670380,219.282181,0.916671
60,699.234253,176.523743,733.193359,203.108185,0.912615
60,612.878296,175.128265,629.038818,185.269287,0.615205
60,639.340881,174.710083,651.854919,184.774933,0.552442
61,282.567749,179.523453,375.985840,221.401474,0.918286
61,697.287170,176.054428,732.406677,203.037735,0.905967
62,245.615326,177.530533,351.927948,224.109940,0.923786
62,695.601990,174.745300,731.683167,202.708252,0.913781
62,884.928223,166.738220,920.108643,179.585510,0.681755
62,632.051941,171.807831,654.306702,183.020203,0.569820
62,604.900208,173.074097,621.062561,183.451141,0.514060
63,204.494232,178.974823,325.319733,229.350189,0.934267
63,694.885986,174.423233,731.545654,203.043045,0.922940
63,883.649536,165.333679,934.551270,179.456818,0.689991
63,809.998962,168.931000,855.174500,183.891632,0.581182
63,600.886841,173.397034,617.856079,183.354492,0.550128
63,628.202087,172.421890,641.021179,182.706100,0.536101
64,154.860168,180.783676,294.791138,235.921463,0.935491
64,694.265747,174.360550,732.153442,203.723312,0.915683
64,289.867096,175.735886,326.598846,193.187759,0.795765
64,885.737000,165.372772,923.426575,178.602020,0.684669
64,625.949768,172.525620,640.718933,183.066055,0.663790
64,1043.910889,159.892426,1096.852783,181.013489,0.574400
64,598.362183,173.659714,614.686035,183.383652,0.543637
65,95.467323,183.371460,259.356873,245.797546,0.934774
65,694.406006,175.802322,734.059448,206.059952,0.911225
65,1048.970703,160.591537,1106.661621,183.013748,0.710322
65,804.757935,170.148514,849.100830,186.867142,0.673402
65,886.509827,166.220978,938.692932,179.966339,0.668812
65,281.919739,178.142700,320.936523,195.349823,0.633404
65,595.537659,173.768036,612.408142,185.076172,0.595307
65,622.641663,173.770905,638.153992,184.550415,0.545505
66,21.784508,187.255020,219.128601,258.465424,0.939974
66,694.764160,177.367340,735.845825,207.713287,0.917917
66,274.866943,179.835175,313.143372,197.644287,0.701689
66,887.998413,166.146378,945.330811,182.413101,0.692267
66,621.309814,175.065857,635.283813,185.940857,0.555123
67,0.148064,188.302292,169.788727,268.237732,0.936997
67,694.226196,175.914062,737.870850,207.902344,0.916466
67,800.850647,169.700668,840.699768,187.329727,0.838322
67,589.824524,173.713501,608.254944,185.674072,0.658832
67,889.752502,165.323166,931.592468,180.555405,0.632688
67,264.646973,179.866257,305.338928,197.260727,0.620814
67,618.560425,173.958389,634.230957,185.324600,0.618035
68,694.494568,174.090988,739.618958,207.108871,0.919790
68,-0.022289,189.465714,106.567581,269.958221,0.913987
68,801.777527,167.916687,839.987366,185.067200,0.802162
68,259.265259,178.466461,297.310364,196.325134,0.704472
68,617.273315,172.106964,631.580566,183.233063,0.688844
68,889.016235,162.917191,950.090332,177.078720,0.673836
68,587.479187,173.426285,606.591736,183.884995,0.636913
68,230.825150,181.903992,258.798920,197.928711,0.590516
69,695.025818,172.867950,742.413635,207.126587,0.920586
69,0.044360,199.319382,28.954582,260.682190,0.857130
69,585.776001,170.416153,605.473267,183.165268,0.725486
69,805.173401,166.198990,834.229919,182.543442,0.707656
69,890.593872,162.248901,936.359253,173.087036,0.663788
69,614.404114,170.668900,632.021057,182.111740,0.605678
69,220.822525,179.984634,259.821014,197.467667,0.517971
69,250.021027,176.896851,292.167572,194.874908,0.504672
70,695.749146,173.728043,745.571899,208.519363,0.920639
70,888.866760,162.368576,940.763855,176.279404,0.689290
70,613.611084,170.626053,632.904419,182.758408,0.603392
70,584.205872,171.793793,602.052673,183.391174,0.509704
71,697.066345,175.318741,748.248108,210.849869,0.909098
71,890.885010,163.025055,941.834473,179.190094,0.779153
71,582.562256,172.918274,600.504883,184.617432,0.684919
71,788.952087,167.929001,824.840881,184.670486,0.680893
71,612.466858,172.523163,629.672913,183.726288,0.654051
72,698.401306,176.218948,752.171936,214.016342,0.927478
72,895.004211,164.270584,942.699402,178.493576,0.789450
72,580.902466,174.283569,600.289307,186.127747,0.758126
72,611.184570,172.744751,632.057373,185.448181,0.676115
72,777.064148,170.143829,817.240662,185.977692,0.509803
73,700.691223,177.889450,756.218689,216.747421,0.924133
73,610.709778,176.186615,624.905090,187.607330,0.683407
73,904.530884,165.655533,942.466675,179.932877,0.625540
73,579.690613,174.620483,599.009827,188.444672,0.604607
73,598.697937,176.774979,611.232239,187.496964,0.515643
73,623.195190,174.179047,637.046265,186.269897,0.502110
74,703.133179,178.776825,760.770142,219.527435,0.924564
74,888.277039,165.674927,941.681946,189.833466,0.860844
74,578.366882,177.073273,598.266541,189.341034,0.733237
74,610.113647,177.271744,625.151855,188.736801,0.666334
74,757.501099,173.367767,796.644043,189.467224,0.598941
74,705.818054,172.839325,721.817200,183.564514,0.573292
74,597.128601,178.535248,610.690979,188.579468,0.540438
75,704.809998,179.285309,765.823059,221.805725,0.933853
75,888.245667,166.097076,941.489441,183.933044,0.771710
75,577.169128,177.247818,596.690369,190.286057,0.717490
75,609.121033,176.795181,626.033264,189.457962,0.705154
75,706.214111,173.173096,720.750854,184.352295,0.690785
75,596.160706,178.555862,610.502258,189.061386,0.548736
75,205.773499,186.651825,247.057068,203.300751,0.517440
76,707.263428,178.318283,770.894897,221.973831,0.934947
76,883.033997,164.668350,930.109802,185.214066,0.721400
76,706.889832,171.341721,721.189026,182.809036,0.713940
76,607.497009,175.286438,622.762756,187.879242,0.653629
76,575.420410,176.016663,594.212280,188.822937,0.587943
76,592.415039,176.228638,608.212646,187.603577,0.533642
77,709.637207,176.231323,776.393311,222.095490,0.933803
77,606.426636,172.295151,630.482788,185.558243,0.762362
77,707.201904,169.643036,721.976074,180.927429,0.681818
77,901.975098,163.336365,937.184082,181.037415,0.676866
77,759.592773,168.329834,788.071899,186.679443,0.663078
77,574.546570,173.993866,596.146667,185.833282,0.640547
78,711.913025,175.388153,782.221985,222.985565,0.933426
78,706.974609,168.763153,722.439697,180.985748,0.757728
78,365.536224,177.258667,411.674103,196.764587,0.696883
78,572.699829,172.488098,592.435425,185.272491,0.692926
78,605.443115,172.383499,622.662598,184.733566,0.692021
78,758.163330,168.285416,784.535156,185.353683,0.587608
78,591.825378,173.544403,606.233582,184.610260,0.515646
79,714.691711,177.304382,787.881653,227.439667,0.915547
79,870.053162,165.564453,929.854919,190.842865,0.862322
79,707.222351,169.323486,721.469421,183.351257,0.696484
79,390.315613,182.351974,411.136292,197.000870,0.680687
79,603.675293,173.449173,619.245239,186.140213,0.653113
79,570.564697,173.266754,596.292603,186.822052,0.651029
79,589.182861,173.543747,604.909180,185.597702,0.528924
80,716.319824,179.591248,794.101685,231.318512,0.926840
80,711.075989,171.689224,764.139954,191.111984,0.820251
80,864.531128,166.943985,925.326172,190.970566,0.732880
80,375.567352,180.386032,412.831024,199.240829,0.729855
80,568.467529,174.606079,588.309692,188.809174,0.650310
80,602.168213,177.079651,618.641357,187.841553,0.615812
80,637.650391,172.962326,657.335571,184.512741,0.573874
80,160.575714,183.293701,211.607941,201.082062,0.565470
80,586.790283,175.679733,603.213379,187.160416,0.522717
81,719.375549,179.861893,801.499207,234.632858,0.931703
81,702.265564,171.843597,758.571716,192.956482,0.856787
81,372.178009,180.353531,413.483185,200.025497,0.835897
81,868.657959,167.652039,919.152588,189.591705,0.778013
81,567.069702,175.152771,588.061523,189.305786,0.711801
81,600.247925,175.446396,622.064697,188.433609,0.703242
81,157.324127,184.677750,198.031647,201.259598,0.588972
81,638.332520,173.756119,655.988525,185.241013,0.542945
82,723.044006,180.797272,809.391541,237.824951,0.936525
82,692.522095,172.420593,750.064697,193.683075,0.868469
82,367.461029,180.210068,415.483978,200.684250,0.865724
82,599.844116,174.429977,623.806519,188.707779,0.743635
82,566.061218,175.758743,585.821960,189.385025,0.688408
82,636.395569,174.317200,655.834045,185.644226,0.633305
82,875.608826,167.344116,918.914856,189.589294,0.581671
82,584.582581,176.625992,600.579529,188.425064,0.562648
83,725.997192,180.957199,817.846191,241.115952,0.942747
83,363.426239,180.598022,416.562225,202.087524,0.879469
83,682.509583,172.724243,742.318176,194.631195,0.875485
83,847.281982,168.438156,908.785645,195.088272,0.763178
83,564.441772,177.207870,584.807983,190.051987,0.719222
83,598.449768,175.550781,616.096863,189.656403,0.676823
83,583.770447,177.407639,599.944641,188.952530,0.655715
84,730.395081,181.342209,826.795105,244.188095,0.948415
84,673.818665,172.836212,734.919373,195.511780,0.907313
84,365.089203,180.886887,419.701691,202.664169,0.895216
84,845.781555,167.621445,905.328552,194.921127,0.842120
84,597.669250,175.257858,621.069885,189.555374,0.710735
84,562.968567,176.690628,584.355164,189.991989,0.691301
84,582.515930,177.172195,598.849304,188.872269,0.604932
84,122.107735,186.655106,154.420334,204.956253,0.500693
85,733.561279,181.339355,836.743652,247.015503,0.944410
85,664.373474,172.204681,726.300842,195.794464,0.907105
85,366.697052,181.137039,422.880768,202.531021,0.890632
85,834.813904,167.330307,891.897766,190.272049,0.839242
85,110.744301,187.102066,143.859497,205.730484,0.662131
85,561.445374,175.875336,584.258118,190.107941,0.636833
85,595.603943,175.268478,619.159363,189.421066,0.618984
86,737.982971,181.931198,847.173889,251.497147,0.941378
86,654.551636,172.718933,717.424683,196.398315,0.890199
86,369.361511,180.643356,426.423096,202.585770,0.871132
86,838.547791,167.726242,893.028137,191.050705,0.788413
86,101.100533,185.800858,133.942307,206.414413,0.746717
86,559.534851,175.839111,580.479309,190.463104,0.739606
86,594.466064,175.573486,613.256836,189.604828,0.666760
86,580.147827,176.998947,595.874878,188.889786,0.619169
86,633.891724,173.886139,654.424805,186.059265,0.540397
86,264.798065,182.115753,310.571014,203.174774,0.532354
87,741.578430,183.155029,858.892761,254.627380,0.946155
87,644.544250,173.187805,707.191345,196.837280,0.906856
87,372.073273,180.534363,429.329926,203.255127,0.879578
87,828.465454,167.538589,886.318115,191.136703,0.843432
87,558.393921,175.310638,579.757568,190.225220,0.733797
87,259.488403,182.674545,310.104553,203.278336,0.704595
87,90.840179,184.711792,120.363770,207.454437,0.690044
87,1165.910034,160.999191,1195.669067,178.901627,0.688147
87,594.019409,174.973602,619.728394,189.553558,0.671800
87,984.654175,166.504501,1048.912231,185.869705,0.644030
87,578.465149,177.081848,593.990540,189.099091,0.585169
88,746.473755,182.192291,871.823975,259.444733,0.945522
88,632.975220,173.439026,697.026978,197.668213,0.904846
88,825.026062,167.620483,880.071716,187.768433,0.831273
88,375.204254,182.766006,432.598480,203.503067,0.821605
88,556.833923,175.723053,578.169128,190.516388,0.726063
88,592.437317,174.727280,619.092712,189.613144,0.665662
88,255.804504,182.165710,307.846436,203.033569,0.640255
88,576.570740,176.742950,593.607849,188.950592,0.600854
88,983.117859,166.888031,1029.464478,184.236694,0.577860
88,711.815613,173.867569,726.616638,183.173325,0.577322
88,80.824844,187.082092,109.265213,209.154449,0.564043
89,750.574524,182.395279,884.512024,263.615631,0.948025
89,620.272461,173.011475,686.539795,198.105011,0.904857
89,377.001129,180.990112,437.790375,203.629547,0.891271
89,554.802856,175.104919,578.509644,190.366486,0.773578
89,590.858154,174.517212,614.754150,189.656647,0.705361
89,820.553650,166.824036,871.816711,187.039520,0.701125
89,712.109497,173.334106,726.566772,182.911591,0.695776
89,32.409260,188.016571,93.861801,210.409424,0.690246
89,253.881897,182.059982,304.345093,203.532303,0.667320
89,576.238708,176.623886,591.796204,188.899643,0.549840
89,972.263184,165.834854,1036.164917,194.959732,0.544881
90,755.879517,182.058044,899.018188,269.012238,0.936667
90,381.326599,180.455673,443.644531,204.037399,0.908172
90,607.694763,173.069427,675.985168,198.693176,0.901906
90,552.896973,175.047333,576.615601,190.205811,0.811847
90,712.694214,172.916367,726.235474,182.469864,0.692922
90,971.124146,166.046783,1039.206909,194.431793,0.672553
90,574.848145,176.942276,590.544922,188.840073,0.599131
90,589.481262,174.977798,607.119080,189.473587,0.590504
90,28.543459,188.184860,81.987869,210.666916,0.560658
91,761.015747,182.124786,915.651489,273.577240,0.943649
91,387.163269,179.859451,449.530212,204.057724,0.914171
91,595.578247,173.489258,664.431641,199.838165,0.903393
91,246.261337,182.612915,297.298950,206.410767,0.766929
91,551.138672,175.393997,575.030762,191.130478,0.766018
91,14.756727,188.951721,70.072571,212.828064,0.694770
91,969.121521,165.463440,1047.927490,189.351166,0.627975
91,713.726074,173.344269,727.067017,182.585510,0.621720
91,791.361084,166.904572,858.710815,187.968750,0.577071
91,587.820068,175.196747,608.805176,190.197998,0.558662
92,766.379272,183.184265,932.689209,279.852875,0.943604
92,392.226257,180.014038,455.919983,204.432465,0.918227
92,583.171936,173.739380,653.073547,200.690002,0.907808
92,781.162170,166.943054,849.204529,192.614746,0.896907
92,243.800781,182.529663,290.756836,207.467377,0.844536
92,976.718994,166.060730,1046.107666,188.286011,0.762938
92,549.582092,175.519516,572.456604,191.177231,0.760922
92,4.009909,189.814911,57.461075,216.286591,0.686719
92,713.706909,173.298035,727.373413,182.513062,0.573787
93,771.997742,183.287628,951.400085,286.437012,0.941765
93,773.092102,167.640060,842.766174,194.244034,0.918015
93,397.365784,180.288986,462.355164,204.163681,0.906932
93,569.227600,173.417953,640.731995,201.163132,0.906205
93,241.272186,182.076843,284.170380,207.994537,0.787598
93,714.394470,173.126175,728.063171,182.453384,0.708124
93,547.936218,176.624466,571.065735,191.547165,0.663245
93,1.255697,191.727615,44.088547,215.436539,0.636128
93,986.072876,166.300583,1040.157104,192.324936,0.594887
93,1175.416260,155.181992,1241.464844,180.264938,0.579995
94,778.300659,184.188980,972.644287,292.396271,0.940693
94,556.329956,173.865097,628.474365,202.158707,0.917026
94,764.237915,167.213043,833.955811,193.904388,0.908152
94,404.061401,178.815735,468.987122,204.075836,0.907444
94,237.479050,181.882706,295.867554,207.924850,0.837320
94,944.283936,165.557251,1034.422363,195.112854,0.728735
94,715.198975,173.023422,728.505371,182.368332,0.672953
94,546.219360,175.873459,573.347046,191.172623,0.632392
94,1186.474121,155.263626,1241.408203,181.623978,0.626206
95,784.333191,185.806458,995.448303,301.030701,0.939407
95,754.702209,167.677673,823.547424,194.921387,0.914526
95,541.775146,173.743500,616.118896,203.326355,0.908831
95,411.376892,179.375061,475.903503,204.564667,0.895007
95,235.127029,182.358826,295.315308,208.933594,0.840919
95,714.687378,173.189133,728.518921,182.536697,0.707920
96,791.289490,185.898621,1019.798523,307.891418,0.937587
96,744.834717,168.121918,817.196655,195.794678,0.922139
96,526.637085,175.337463,603.138794,204.664734,0.918484
96,232.732925,182.482880,293.783966,209.493530,0.877559
96,419.608887,179.200958,466.692017,204.183258,0.853929
96,714.950378,173.178345,728.701111,182.646088,0.572400
97,798.520264,187.630096,1047.297241,316.671661,0.944584
97,511.675446,174.712631,589.459839,205.707932,0.927913
97,734.711365,168.011948,807.366028,196.368210,0.904319
97,232.106934,181.936783,292.990356,209.669724,0.870798
97,426.035461,178.055313,490.646057,203.578598,0.663923
97,715.217163,172.520355,728.816284,182.578186,0.663305
97,582.049316,174.957291,602.268555,189.779770,0.627890
98,805.739502,187.417587,1077.809326,325.439819,0.942119
98,496.129395,175.022018,575.402100,207.056870,0.920541
98,724.074402,168.020889,797.500671,196.547592,0.909551
98,228.635010,182.182739,294.471802,210.324280,0.859678
98,436.325348,179.256500,488.195282,204.298950,0.828304
98,933.495605,165.736252,1002.977661,190.847610,0.624007
98,577.687866,175.063141,605.291626,190.388214,0.620789
99,816.413147,188.048279,1112.473145,339.075989,0.935274
99,713.694031,168.645996,787.679382,197.549042,0.925072
99,224.897293,182.068024,294.009033,210.375183,0.894670
99,480.103546,175.178253,561.062500,209.219818,0.848162
99,576.546204,175.292542,599.870300,191.034424,0.745393
99,942.002625,168.097031,977.675964,191.861832,0.584265
100,821.271912,190.479218,1152.915039,350.259491,0.926879
100,474.989075,176.613693,546.423218,210.263290,0.895657
100,702.265442,168.979675,777.960510,198.446075,0.895606
100,226.107620,182.146759,297.162415,211.105591,0.876026
100,575.330078,176.032394,598.607056,191.623520,0.800226
100,894.854980,168.601730,985.855957,194.561752,0.648689
100,593.189880,172.789429,610.288757,189.672089,0.550006
100,0.609200,185.306244,50.221844,204.053436,0.526441
101,831.958130,191.630432,1198.112671,362.242676,0.952227
101,470.545013,177.256546,531.781799,211.795425,0.900018
101,690.544312,169.875351,767.924072,199.726639,0.891073
101,225.101562,182.146164,295.661316,211.339096,0.886727
101,886.468384,169.045181,980.026855,196.654465,0.842097
101,574.258423,176.115326,598.687378,191.645996,0.749822
101,533.677795,177.333817,558.851990,192.487350,0.616647
102,842.571472,193.010666,1241.406250,369.672180,0.962920
102,215.474304,181.985977,296.718933,211.806198,0.900810
102,679.965515,169.969345,756.217102,200.544449,0.899119
102,878.604248,169.236115,946.786377,197.285767,0.845826
102,502.790588,179.422592,542.607361,204.370651,0.808251
102,451.916412,178.050186,512.444458,211.687881,0.786261
102,573.399902,176.479645,596.235352,191.826111,0.702061
103,853.690491,195.994308,1241.429810,370.332581,0.965080
103,401.707703,178.235855,496.480408,218.230087,0.903053
103,224.589050,182.052185,298.481689,212.039246,0.902821
103,490.116333,177.783066,553.129761,204.431107,0.902735
103,668.674316,170.183334,747.720581,201.388992,0.895847
103,874.957336,169.786362,975.560974,197.301834,0.873834
103,571.581909,176.448654,595.413086,192.053207,0.682247
104,863.790649,198.247192,1241.969849,370.113525,0.960541
104,226.335098,181.982254,301.355255,212.639664,0.922882
104,378.834076,178.028015,478.630768,220.903076,0.920887
104,860.304993,169.826614,953.819031,197.428787,0.912922
104,656.253601,169.838776,734.506287,202.484283,0.911975
104,494.405548,177.797653,561.597046,204.857834,0.911500
104,570.464783,176.607925,592.852600,192.011917,0.703667
104,589.293518,172.969910,612.822571,189.194275,0.590716
105,877.155823,201.326813,1242.127686,370.641998,0.960121
105,226.789581,181.934296,303.462250,213.055725,0.925664
105,503.951416,177.488342,571.450439,204.748444,0.916127
105,643.747559,169.551193,725.314087,203.330002,0.908381
105,851.507202,169.625519,946.709717,197.512665,0.907152
105,354.117798,179.007935,462.116211,223.988159,0.887805
105,569.880066,176.411896,590.711243,191.806305,0.682830
106,890.617432,203.157013,1242.094238,371.373199,0.960314
106,632.252502,170.309418,711.897522,203.371704,0.929382
106,514.511841,176.633972,581.803833,204.164368,0.925245
106,228.020508,181.580872,307.682556,212.988831,0.921177
106,843.459290,169.555313,938.322083,197.777939,0.912772
106,329.415527,180.015335,428.179504,227.150467,0.910868
107,906.318970,205.315521,1241.713013,370.343597,0.966699
107,302.690338,180.164124,418.976105,230.779388,0.936303
107,620.070190,170.073730,701.621338,204.177856,0.919929
107,524.826782,176.226608,591.045532,203.066666,0.918345
107,229.878799,181.673431,312.330200,213.115631,0.898741
107,841.584045,169.611923,931.177063,198.092941,0.894005
108,920.947632,208.207504,1242.003784,371.134521,0.958617
108,271.825714,180.801743,397.753693,234.489792,0.940175
108,536.047852,176.048447,599.558716,202.984329,0.911499
108,827.667053,169.565033,923.449768,198.721039,0.907306
108,607.823914,169.190613,690.477722,205.239380,0.905955
108,234.264725,180.683868,307.304626,213.008118,0.893653
108,526.314331,175.184631,547.771240,193.279144,0.722861
108,1094.933350,164.528381,1128.113770,186.304108,0.514790
109,936.942078,212.711411,1241.382935,370.505920,0.954400
109,238.832291,181.615112,374.655701,239.031494,0.942407
109,594.194336,170.481094,679.043335,206.397141,0.919815
109,819.596924,170.622055,916.239258,199.576553,0.899865
109,545.470276,175.519394,602.114197,203.120712,0.893676
109,526.127258,175.514679,551.224670,193.652252,0.813909
109,238.648651,181.107117,293.949554,207.858795,0.695904
109,1086.857178,160.830597,1133.716797,205.686859,0.621480
109,723.394836,171.737183,736.426941,182.470825,0.591623
110,201.254532,182.392731,349.507812,245.156158,0.944844
110,954.711182,214.496613,1241.398926,370.587250,0.939370
110,581.252563,171.726364,666.387573,207.588669,0.917090
110,811.033081,170.875290,904.156982,200.179855,0.886725
110,555.539917,174.802475,602.945435,203.293076,0.874194
110,525.575195,176.332199,553.785645,193.829910,0.823323
110,1085.830566,160.137558,1139.375244,196.328537,0.701884
111,159.374664,181.600677,321.651794,251.447662,0.945339
111,974.197693,217.096939,1239.960327,371.040771,0.938188
111,568.993469,171.957748,655.785706,208.341232,0.921478
111,801.600891,170.814651,898.526672,200.492233,0.905572
111,525.381042,176.011490,552.900452,193.781387,0.848076
111,297.713409,182.517975,339.736115,211.094696,0.700594
111,565.665710,174.342438,598.398010,193.948944,0.699450
111,550.657471,177.162827,569.806396,191.881363,0.630827
112,109.229324,184.983536,292.566406,259.580017,0.947426
112,994.299866,230.921051,1241.750000,370.893341,0.941689
112,554.068665,171.776932,642.952942,209.807022,0.917428
112,792.300659,170.518600,889.951660,200.870926,0.914205
112,261.789124,180.779022,343.892334,212.207001,0.909333
112,524.776184,175.765945,564.810242,194.066666,0.779505
113,49.401398,186.487473,257.786621,269.528870,0.944363
113,1015.046143,254.245956,1241.882812,370.972504,0.936053
113,782.775818,170.634995,880.249329,201.156815,0.902615
113,259.929016,180.256668,351.909607,214.325027,0.897357
113,539.775940,171.878082,640.967224,210.734375,0.895855
113,524.677551,176.329773,562.323914,194.107086,0.776729
114,0.416855,187.600555,218.431137,281.723602,0.946921
114,265.015442,180.148071,359.250244,214.745270,0.923948
114,524.413574,171.601105,616.460693,211.931519,0.922757
114,1036.694458,282.964325,1241.414185,372.972382,0.920807
114,771.491089,170.317627,870.263428,201.026184,0.870654
114,610.194458,174.734482,654.156860,200.185440,0.851810
115,0.399559,190.323090,172.652161,294.643463,0.942363
115,508.553131,172.164993,603.469849,213.311203,0.934337
115,274.325287,180.389023,368.357330,214.803452,0.926240
115,1059.097412,306.187592,1240.623291,373.664581,0.915776
115,605.532715,174.779083,661.775146,200.754395,0.898895
115,762.752869,171.435425,857.896179,201.783661,0.898850
115,731.569519,168.902588,743.790344,181.752319,0.511943
116,492.981659,172.201279,590.148193,214.440659,0.939497
116,282.544220,180.742310,378.104095,215.029053,0.923546
116,613.381775,174.825211,669.315125,200.617111,0.921037
116,0.271107,194.662323,117.779907,292.942719,0.905287
116,752.237976,171.528183,849.126282,202.629593,0.901829
116,1083.431641,316.448547,1240.918457,373.592590,0.868336
116,1020.151550,159.607880,1091.181152,197.513000,0.743683
117,476.164093,171.609253,575.721680,215.426270,0.935116
117,293.828003,179.873428,384.431458,214.235825,0.922680
117,622.398987,174.690079,676.130432,200.330917,0.914699
117,0.078468,200.848297,48.556828,294.383087,0.910716
117,741.745361,171.384949,838.119873,202.798492,0.908042
117,1109.103271,324.181824,1241.613281,374.401123,0.719616
117,570.118286,175.230286,597.026489,192.169342,0.673872
118,459.184906,172.235016,561.378906,217.672272,0.935462
118,727.479675,171.580963,828.264954,203.951324,0.918636
118,301.954834,179.597702,386.356873,214.330643,0.911655
118,631.195190,174.805023,683.005005,200.122284,0.909777
118,566.624084,176.093140,593.814148,192.984863,0.776941
119,441.872955,172.113586,546.618774,218.659729,0.936445
119,715.446167,171.127701,816.281250,204.745041,0.913523
119,312.829712,178.623093,384.606201,213.501968,0.905302
119,639.259460,174.301071,689.204773,199.619400,0.902540
119,566.804932,175.146957,597.743164,192.860001,0.795821
120,426.806671,171.915985,531.497986,221.073761,0.936139
120,646.798645,174.290085,695.087708,199.014053,0.910612
120,704.065796,171.448441,805.432983,204.716232,0.908584
120,321.705536,178.125778,383.142487,212.694565,0.874705
120,566.311157,174.910202,592.735352,193.039383,0.811242
120,527.586609,176.121033,553.122864,194.064270,0.693919
120,586.618103,173.939209,604.003113,190.203552,0.520381
120,548.757812,177.592087,568.489136,191.959579,0.510343
121,691.513672,171.693756,793.424561,205.192108,0.911381
121,409.561920,172.658890,515.993530,223.051895,0.903950
121,653.648682,173.802383,698.229980,198.347610,0.876943
121,329.801544,178.459625,381.593353,213.179871,0.848201
121,521.407593,175.834427,551.566772,195.029587,0.833801
121,566.194153,175.094986,592.242004,193.110916,0.808935
121,547.899170,177.279968,567.948364,192.232819,0.617592
121,586.412903,174.090134,604.226746,190.490799,0.515274
122,679.054810,171.916229,780.362305,205.964874,0.919135
122,391.310608,173.177460,499.749634,224.754395,0.919058
122,660.375427,173.334106,701.212341,197.647095,0.880586
122,521.162109,175.866394,551.411865,195.299072,0.851639
122,338.657318,178.537720,379.348785,213.118591,0.804637
122,566.016968,175.160294,591.921631,193.152634,0.802636
122,547.619690,177.024902,567.402283,192.397156,0.674366
122,586.251770,174.134338,604.304016,190.530304,0.506263
123,670.401001,172.238434,768.120117,206.058044,0.916280
123,358.579956,172.572708,483.252808,226.583237,0.884176
123,521.065247,175.967651,551.532898,195.313080,0.853132
123,565.773376,175.078720,592.120544,193.187881,0.809798
123,347.323395,178.923004,377.685211,212.704834,0.685862
123,547.594788,177.009918,567.434021,192.411407,0.666506
123,585.992920,173.554504,604.392212,190.550598,0.530710
124,650.085510,172.326965,755.636047,207.677307,0.924108
124,338.345184,173.797318,465.356171,232.330490,0.923964
124,520.764343,176.416840,550.984680,195.296112,0.856877
124,565.483032,175.691406,593.815552,193.263245,0.747938
124,546.509949,176.880768,567.683044,192.712708,0.699694
125,312.833282,173.406677,447.664276,237.002319,0.942588
125,637.141785,172.871017,742.252136,208.257645,0.924152
125,520.379639,175.869003,552.122559,195.308701,0.850204
125,565.239380,175.318726,591.345337,193.304291,0.784289
125,547.167725,177.145706,567.346313,192.332718,0.613848
126,285.579102,174.162628,428.337646,241.669891,0.936260
126,622.639099,172.914551,729.106628,209.811646,0.923245
126,520.175842,175.820740,552.198303,194.864685,0.851959
126,565.162231,175.080948,591.516724,193.244553,0.821922
126,585.653564,174.451874,604.320190,190.803345,0.620624
126,547.419067,177.075165,567.102783,192.130737,0.614403
126,419.693542,181.498230,451.756165,209.255829,0.577191
127,255.416138,175.640289,412.422424,246.241333,0.924629
127,607.027771,173.251358,717.813293,210.610733,0.916050
127,388.955688,178.885315,456.074280,210.356140,0.887686
127,520.162537,176.502777,551.053284,195.368134,0.837114
127,564.940247,176.194351,590.330750,193.464890,0.759402
127,546.696960,177.554276,566.865051,192.944717,0.609367
127,0.220606,184.129562,44.669937,205.673813,0.606636
128,223.393188,176.412781,371.613159,251.408997,0.915583
128,592.658630,173.614502,702.032898,211.842438,0.911899
128,382.805664,178.984741,459.607910,210.518555,0.878648
128,519.988647,176.531372,551.135376,195.297577,0.836923
128,693.652100,173.636703,721.549438,194.710556,0.818364
128,564.919434,176.148499,588.938354,193.503448,0.756772
128,547.026550,177.584198,566.742249,192.981049,0.599729
128,0.162466,184.074768,44.302307,205.593445,0.517304
129,186.571411,177.127060,361.213562,257.114441,0.950721
129,577.860535,174.089874,688.224060,212.315674,0.913175
129,392.337921,178.725723,461.823212,210.780716,0.900246
129,692.817871,173.649612,722.725708,194.581650,0.898401
129,519.792664,176.459854,550.690369,195.362320,0.842604
129,565.015076,175.608475,590.364197,193.918594,0.750542
129,546.735901,177.448914,566.673889,193.052185,0.623995
129,0.117191,184.215714,43.404648,205.846603,0.590745
130,145.140854,178.337219,337.322510,263.895325,0.953389
130,398.486023,178.968216,463.461243,210.612839,0.912472
130,564.652832,174.751465,674.761841,213.346680,0.900854
130,695.009827,173.827744,724.041321,194.668411,0.890722
130,519.827454,176.579941,550.794861,195.452042,0.831763
130,565.202393,176.435013,593.966797,193.531326,0.644468
130,0.144876,184.076340,42.896965,206.029312,0.602638
130,546.360901,177.648758,567.013611,193.229446,0.523887
131,96.953003,179.782303,309.889679,272.116455,0.952613
131,546.812927,174.495102,660.799011,214.378281,0.909968
131,403.990631,179.145752,464.325409,210.183441,0.897162
131,697.120300,173.632706,724.628357,194.510178,0.891261
131,519.771606,176.415222,548.786743,195.722900,0.757722
131,0.107460,184.168320,42.749390,205.837662,0.539594
132,40.468346,180.167969,278.613098,281.609406,0.951386
132,530.906799,175.021896,645.979065,215.431534,0.937181
132,407.138275,179.627762,464.550079,209.990311,0.898853
132,699.454407,173.629669,726.131531,194.307220,0.885849
132,519.803345,177.068878,546.815796,196.197205,0.577468
133,-0.295319,181.065750,244.027191,292.274719,0.948551
133,513.822327,175.703842,631.718689,216.840164,0.928891
133,410.127441,179.401764,463.993408,209.932922,0.902579
133,701.610107,173.865372,727.761597,194.142685,0.894119
133,519.536011,176.831345,556.676147,193.714798,0.608334
134,0.151062,182.160187,204.120956,305.431702,0.946552
134,497.120728,176.176346,617.655396,218.020065,0.925510
134,411.403717,178.311981,462.512054,209.344666,0.916610
134,702.733398,173.727600,728.756592,193.838226,0.891294
135,479.671265,177.086304,603.175171,219.667419,0.928682
135,0.145714,183.632645,157.104767,299.970093,0.928110
135,414.577362,178.444855,459.775665,209.342102,0.910849
135,704.392639,174.050507,729.061340,193.578308,0.892738
136,0.151825,186.796997,101.801941,304.310852,0.934640
136,463.165497,177.431152,589.181885,222.139252,0.932255
136,417.041779,179.965469,457.776459,209.938370,0.901224
136,706.034485,174.768463,730.299988,194.837341,0.890776
137,443.752472,177.681519,573.159058,224.408081,0.941799
137,0.110729,205.535278,31.680458,315.129150,0.897664
137,706.839233,175.969284,730.452759,195.280716,0.887662
137,417.848236,180.000031,453.280365,210.743256,0.840310
137,566.780945,177.936676,600.340149,195.120331,0.783843
137,0.038185,185.770660,37.978973,207.075867,0.554571
138,423.384827,177.823990,557.580322,226.173813,0.936139
138,707.697083,176.061371,730.426208,195.030884,0.879273
138,564.577576,177.476807,599.810608,196.034668,0.840686
138,416.853668,180.071060,450.641754,210.040329,0.671752
138,546.377563,179.051071,567.067871,194.684677,0.663195
139,404.075378,178.051086,540.870361,227.963165,0.931276
139,564.391907,177.925964,594.261169,195.645569,0.815695
139,707.780396,175.168976,730.368774,194.248779,0.797440
139,412.322449,178.954025,448.177490,200.349533,0.713437
139,544.307617,179.224335,566.293579,195.283600,0.580371
139,585.605164,175.807419,604.729431,193.780289,0.538508
140,393.898743,179.495117,525.552856,230.569061,0.933830
140,564.338074,178.069305,593.392273,195.599182,0.815391
140,407.376038,179.528564,443.816895,199.167480,0.774636
140,519.002869,178.637436,548.033997,197.070145,0.680139
140,543.152710,179.099564,565.632202,195.736649,0.625547
140,585.137695,176.117737,604.494629,194.108795,0.592967
141,364.643280,179.581100,507.962067,232.835312,0.918962
141,516.898560,178.630753,549.292603,198.293564,0.850460
141,562.873291,177.596985,592.347412,196.112579,0.797107
141,545.091614,179.241516,564.834900,195.613220,0.649059
141,-0.001294,186.032410,27.662949,207.634003,0.636598
141,584.679077,176.016052,603.861816,194.112274,0.505233
142,355.767944,180.037506,490.052734,233.462708,0.893282
142,516.923157,178.229919,549.338318,198.088043,0.849366
142,562.718079,177.599442,592.499084,196.043472,0.810761
142,545.217590,179.230789,564.525085,195.292557,0.722315
143,310.817688,180.676804,471.809753,237.472122,0.922481
143,516.531006,178.524704,549.030884,198.209518,0.833172
143,562.095642,177.409454,591.986755,196.162689,0.827679
143,544.400330,179.588348,564.063782,195.432373,0.692428
143,584.324280,175.665283,603.528992,193.992035,0.521339
144,286.130676,180.371368,453.326294,239.269379,0.929403
144,515.868286,178.542343,547.887207,197.909958,0.842593
144,562.139526,177.666306,591.828735,195.841751,0.827367
144,543.525574,179.222183,563.832092,195.198776,0.736715
144,583.734314,175.803131,602.575256,193.764557,0.626616
145,257.257660,181.978928,432.042267,245.059525,0.929617
145,515.505920,178.373062,548.080383,197.668961,0.850977
145,561.711121,177.610336,592.166687,195.789413,0.839451
145,543.338684,179.089783,563.455505,195.069275,0.764300
145,583.281738,175.329575,602.336914,193.622635,0.601786
145,719.342834,174.358963,733.642639,192.923813,0.555391
146,224.160126,182.997986,412.365021,249.320251,0.939025
146,561.496948,177.385086,591.893555,195.936630,0.855089
146,714.084595,175.121323,733.796021,190.998367,0.851140
146,515.369751,178.329773,549.448242,197.849854,0.827903
146,386.478943,180.581116,423.363708,207.444397,0.782284
146,543.432495,179.197800,563.408936,195.093918,0.727220
147,189.802216,183.860565,385.331207,253.795105,0.926505
147,371.062042,180.563782,416.427765,207.682281,0.881841
147,714.518921,174.433411,733.856323,190.347961,0.864388
147,561.270508,178.028244,592.901001,196.101273,0.840190
147,514.970825,178.371262,548.216675,197.877487,0.803601
147,542.514771,179.195480,563.213989,195.225021,0.705604
148,153.074097,185.555801,332.611847,258.406647,0.914426
148,360.327637,181.807724,409.001465,207.924393,0.874940
148,715.220947,174.477936,734.462402,190.316772,0.865601
148,514.484558,178.593582,547.621399,198.121780,0.782874
148,560.903076,177.906784,593.344360,196.892197,0.757591
148,541.586853,179.362976,563.451355,195.809052,0.630581
149,111.664497,186.901123,329.058960,264.846191,0.945044
149,715.614319,174.170914,734.462219,189.749557,0.863102
149,345.489258,181.730606,402.685974,208.590256,0.796558
149,513.883972,178.785812,550.497620,198.323074,0.784407
149,559.976624,177.826157,584.626282,191.172775,0.602432
150,65.026230,187.175659,314.043823,270.354919,0.954678
150,716.614807,174.254013,734.928650,189.360947,0.848417
150,342.470367,181.778656,392.215118,207.974335,0.773195
150,513.703430,178.474121,551.868835,198.111328,0.739447
151,13.819870,188.378754,285.413025,277.912537,0.947275
151,717.103760,174.661194,735.322266,189.314697,0.858250
151,341.003693,182.339767,377.113190,208.357956,0.752820
151,513.709961,178.289993,543.797607,198.225632,0.660602
152,-0.562431,190.383148,254.092468,286.051331,0.947152
152,717.990112,175.580292,735.545532,189.312744,0.823627
153,0.407021,192.176224,217.921997,293.730286,0.936969
153,718.718140,175.311066,735.791870,189.165314,0.820835
153,303.328491,184.520615,361.934143,210.644241,0.581192
154,-0.112907,193.839218,178.676971,287.051727,0.927733
154,719.153564,175.003357,736.504395,188.910156,0.829122
154,564.839600,177.793945,590.619507,195.685760,0.790261
154,291.048645,184.160294,353.460022,210.242325,0.714547
154,581.330139,176.178848,601.929504,193.686966,0.532946
155,0.539253,195.812256,135.194977,287.298981,0.929790
155,283.679626,184.928543,321.293579,210.466721,0.852922
155,559.676697,177.489273,590.248840,196.263229,0.835994
155,719.440430,175.073593,736.599609,188.711411,0.829526
155,543.675110,179.129974,562.013855,195.386414,0.644561
155,581.984070,175.772491,600.835876,193.697540,0.588928
156,0.096268,198.146301,84.764030,295.362427,0.930294
156,559.402954,177.389542,590.405884,196.310410,0.820796
156,280.678925,184.767670,318.410492,209.844940,0.698624
156,720.166260,174.402344,735.959961,188.411743,0.650250
156,539.894836,179.511887,561.433289,196.033524,0.556576
156,580.429810,175.471786,600.933594,193.807602,0.504936
157,559.323975,177.745804,588.612671,196.857040,0.846448
157,512.994141,179.318909,543.908936,198.353027,0.842814
157,-0.000145,214.539688,26.548450,282.627869,0.799874
157,540.913086,180.002396,560.931763,195.892899,0.664392
157,581.194092,174.718109,600.889771,194.256439,0.567684
157,258.179108,184.776367,316.491730,211.016144,0.520366
158,559.148865,177.977325,589.280945,196.888550,0.852625
158,512.595093,179.376053,543.998779,198.776596,0.843269
158,250.687332,185.329590,312.083038,211.314514,0.779778
158,540.947876,180.185822,561.108521,195.964233,0.687554
158,581.289001,175.216782,601.255188,194.316849,0.553546
159,558.905212,177.874573,589.030945,196.827271,0.856108
159,512.283569,179.256500,544.097778,198.569580,0.851873
159,242.554092,186.062256,302.005890,211.542542,0.824681
159,540.810669,179.731232,560.534424,195.888428,0.721073
159,580.714661,175.480942,601.362366,194.091232,0.552062
160,558.853516,178.014893,588.999878,196.906036,0.856110
160,511.941742,179.375549,544.127075,198.658386,0.844814
160,226.829346,186.416183,289.432373,212.052780,0.759512
160,540.718506,179.650085,560.193970,195.908691,0.724107
160,580.753235,175.911652,601.140686,194.242950,0.554729
161,558.782959,178.101273,588.748047,196.944809,0.855330
161,511.616272,179.511658,543.986145,198.754547,0.853836
161,257.959045,168.267166,416.701965,245.973953,0.732806
161,540.831177,179.800903,559.877197,195.933441,0.728682
161,219.841736,187.023880,262.374451,212.159439,0.708000
161,581.120667,175.135132,600.844421,194.175446,0.597392
162,511.263855,179.429932,543.351257,198.914856,0.856933
162,558.676208,178.148376,588.902649,197.026642,0.853988
162,209.145950,185.441681,266.448425,212.359619,0.797874
162,540.402039,179.750610,559.893372,196.066284,0.744784
162,581.033936,174.841797,601.070801,194.188873,0.535782
163,558.523315,178.213654,588.765869,197.100067,0.848892
163,511.394806,179.545822,542.537842,199.110062,0.844637
163,539.772522,179.680817,559.986145,196.325592,0.752065
163,197.212952,188.092636,237.263519,212.265060,0.575145
163,580.822021,175.202881,601.071899,194.277161,0.546875
164,558.379639,178.177383,589.134033,197.096237,0.850110
164,511.356018,179.596359,542.194275,199.175125,0.839509
164,539.366211,179.599106,560.084839,196.368027,0.750244
164,580.228455,175.236053,600.769470,194.282776,0.567088
165,558.364746,178.170059,588.615356,197.154709,0.850506
165,511.297729,179.591171,542.370239,199.147263,0.844177
165,539.327820,179.528900,560.021057,196.388611,0.762031
165,580.490051,175.465973,600.420593,194.343903,0.609444
166,558.275818,178.069824,589.036804,197.277679,0.840993
166,511.213440,179.390717,542.389709,199.075531,0.835444
166,539.103271,179.441803,560.070923,196.285889,0.749759
167,511.182922,179.516129,542.570984,199.215622,0.844645
167,558.080505,178.330475,580.277527,197.542969,0.842115
167,538.939453,179.429718,560.078125,196.400574,0.749560
168,511.118164,179.339752,542.388062,199.080139,0.843014
168,538.879456,179.393097,559.335999,196.466614,0.733575
169,511.284698,179.363144,542.169067,199.082016,0.832685
169,139.965424,189.540146,193.813843,221.795517,0.736898
169,539.379700,179.878708,552.757385,196.619888,0.578772
170,511.072388,179.741745,539.886719,199.952042,0.860039
171,116.087898,189.975952,175.017349,221.180084,0.786387
171,511.481598,179.840073,526.833679,199.722916,0.740736
171,0.208619,176.046051,24.927414,306.982849,0.680189
172,106.672142,189.718323,162.767105,221.034576,0.785778
173,96.534073,190.525024,150.180145,220.361969,0.738931
174,88.087288,190.527191,141.708344,221.058380,0.735157
175,79.844421,191.126984,131.031677,213.578522,0.701012
176,70.730362,191.231216,121.004623,216.316513,0.549375
177,60.949612,192.653778,111.968460,213.766174,0.612724
178,52.363449,192.309174,102.137863,212.908600,0.816809
179,43.973007,192.500931,90.648056,212.980057,0.730323
180,34.368153,192.582870,82.106827,213.153915,0.802496
190,1128.770752,162.164902,1240.573975,200.785721,0.801872
191,1116.846558,165.637344,1240.003052,201.008682,0.786768
191,565.392517,178.455841,589.259705,196.902100,0.771111
192,558.368652,178.397110,588.436768,197.158371,0.841925
192,1103.949829,166.364487,1240.049927,201.312149,0.824479
193,558.106812,178.385376,588.490479,197.358704,0.845050
193,1091.820923,166.716080,1234.037720,201.935318,0.832082
193,538.032349,179.694214,560.160156,197.081085,0.810656
193,579.551270,175.175201,600.932861,194.632294,0.566737
194,1082.117310,167.763031,1201.704956,202.101959,0.856773
194,558.149719,178.410217,588.713196,197.312378,0.842422
194,538.878113,180.054352,560.209778,196.673706,0.697134
194,523.707764,179.411743,541.082397,198.141632,0.584910
194,579.571777,174.863815,600.901123,194.545761,0.564523
195,1071.026245,167.924606,1178.775757,202.144882,0.871982
195,558.061340,178.437012,588.667786,197.279846,0.845434
195,510.916382,179.930679,541.603638,198.796341,0.792547
195,538.921631,180.133743,560.255005,196.742630,0.735009
195,579.587097,175.054199,600.837585,194.497223,0.579638
196,1061.685669,168.479355,1177.679810,202.248672,0.889285
196,511.165100,179.667053,542.032776,199.504181,0.849861
196,558.129578,178.422684,588.375549,197.268021,0.849526
196,539.062927,179.832916,560.190125,196.578735,0.758207
196,579.457520,174.861877,600.638428,194.533081,0.611359
197,1052.301514,168.637955,1179.118164,202.409561,0.896762
197,511.026398,179.596146,542.226990,199.503860,0.860646
197,558.189148,178.484665,588.277649,197.273148,0.849191
197,539.275513,179.865692,560.097656,196.684753,0.770574
197,579.447388,174.843292,600.649170,194.574554,0.602609
198,1043.719116,168.282410,1178.508423,202.422394,0.899425
198,511.029022,179.727264,541.819336,199.455017,0.855615
198,558.056458,178.452530,588.693420,197.303787,0.850680
198,538.926758,179.966415,559.786865,196.743393,0.774828
198,579.437256,174.911133,600.876831,194.548370,0.605346
199,1036.092407,168.161392,1169.664429,202.408432,0.911155
199,511.067383,179.651184,542.000854,199.409302,0.858515
199,558.109497,178.398911,588.415771,197.272079,0.847847
199,538.989319,179.821732,560.285461,196.680130,0.774092
199,579.628845,174.726746,601.291443,194.592712,0.581105
200,1028.541138,167.450363,1162.001587,202.799759,0.906017
200,511.115875,179.653564,542.472717,199.516785,0.860475
200,558.205078,178.475861,588.493896,197.251770,0.851037
200,539.540344,179.880768,560.138611,196.516022,0.762758
200,579.553772,174.887085,600.604797,194.589813,0.620954
201,1021.832520,167.761826,1154.999756,202.767319,0.912459
201,510.992188,179.685196,542.307129,199.457596,0.858186
201,558.055420,178.489029,588.728027,197.309372,0.854736
201,539.259094,180.028732,560.016174,196.637405,0.759277
201,579.365051,174.966263,600.757874,194.600082,0.626326
202,1015.949158,168.027740,1147.655151,202.879425,0.904250
202,511.037109,179.736603,541.825806,199.492737,0.851581
202,558.063782,178.452362,588.276428,197.300934,0.847868
202,539.061218,179.990311,560.281311,196.598923,0.756021
202,579.537659,174.893173,600.827942,194.626846,0.599094
203,1011.309814,169.278854,1140.681152,202.855576,0.876155
203,510.983307,179.640762,542.273804,199.415543,0.856273
203,558.111572,178.423981,588.542358,197.264648,0.853329
203,539.167847,179.927948,559.970703,196.564484,0.765163
203,579.394409,174.884201,600.945435,194.621964,0.614653
204,1006.871155,169.350311,1123.033813,202.657471,0.875169
204,510.981262,179.652100,541.881042,199.494019,0.851803
204,558.171448,178.391541,588.493713,197.225708,0.850227
204,539.065918,179.887741,560.072266,196.671188,0.770846
204,579.399963,174.628326,601.005798,194.577820,0.616394
205,1006.226562,169.167969,1121.436523,202.612823,0.878806
205,510.990784,179.658203,542.012756,199.422668,0.862343
205,558.095947,178.388367,588.093872,197.328033,0.853137
205,539.125610,179.946045,559.938965,196.612000,0.778616
205,579.517578,174.868286,600.684570,194.617004,0.616115
206,1000.096375,169.438614,1128.376343,202.821060,0.904793
206,511.045441,179.601105,542.205688,199.444336,0.865914
206,558.136658,178.488663,588.471497,197.302994,0.852655
206,539.322937,179.919724,559.947449,196.530441,0.769124
206,579.348083,174.646088,600.910828,194.627380,0.620458
207,997.211609,169.520020,1125.344849,202.714966,0.904598
207,511.017181,179.568634,541.977295,199.456299,0.860367
207,558.120361,178.385574,588.253296,197.291336,0.854253
207,539.185730,179.969177,559.861633,196.594299,0.768970
207,579.373901,174.706482,600.634888,194.633423,0.633421
208,998.800781,169.750305,1122.234131,202.928162,0.902673
208,511.057434,179.702530,542.156067,199.522354,0.859222
208,558.189087,178.453735,588.614990,197.227234,0.851187
208,539.130371,179.840942,559.985474,196.614227,0.767992
208,579.463867,175.037582,601.008667,194.587662,0.622725
209,996.961670,169.804108,1119.354980,202.953094,0.916013
209,511.023956,179.707581,542.628662,199.460144,0.851682
209,558.157471,178.363464,588.561401,197.239105,0.851533
209,539.477051,179.931091,560.100830,196.518433,0.751703
209,579.398987,174.778244,600.997375,194.581985,0.618598
210,996.514038,169.691711,1117.426147,202.986053,0.923475
210,511.045441,179.721680,542.130249,199.491913,0.853018
210,558.089966,178.429825,587.904785,197.319046,0.849015
210,539.222534,179.962463,560.008423,196.668304,0.763616
210,579.415344,174.765869,600.860413,194.574310,0.608841
211,995.409241,169.672424,1116.509644,202.837646,0.918635
211,511.097687,179.647430,542.110596,199.499603,0.858273
211,558.181702,178.406845,588.497253,197.294449,0.851287
211,539.235657,179.966003,560.063416,196.686401,0.776367
211,579.479675,174.912720,600.667664,194.596222,0.620983
212,994.489197,169.497070,1114.780518,202.798248,0.909384
212,511.038086,179.687790,542.224487,199.462479,0.854903
212,558.080627,178.415405,588.198181,197.311554,0.849731
212,539.139832,179.834900,559.922424,196.658508,0.767910
212,579.358154,174.529510,601.037842,194.666168,0.600408
213,990.563904,169.305359,1112.981445,203.019104,0.898093
213,510.941376,179.699188,542.134338,199.566223,0.854496
213,558.194885,178.412903,588.585022,197.274414,0.852120
213,539.208984,179.874680,560.024048,196.607132,0.760427
213,579.380005,174.739044,600.976685,194.559845,0.605630
214,984.114136,169.723633,1107.584351,202.957458,0.908498
214,511.023804,179.677170,541.939819,199.517288,0.860165
214,558.166748,178.438385,588.585571,197.295471,0.855324
214,539.259644,179.976196,559.965332,196.599945,0.770718
214,579.404907,174.791016,600.707520,194.568726,0.635993
215,983.047241,169.887466,1107.638794,202.959946,0.908033
215,511.054016,179.640015,541.637878,199.447693,0.855755
215,558.156616,178.490555,588.117676,197.255783,0.849301
215,538.901367,179.853455,559.933350,196.691406,0.771351
215,579.475647,174.812653,600.840637,194.591614,0.605306
216,983.158386,169.807861,1107.846191,203.005768,0.907357
216,511.064423,179.658340,542.100098,199.518539,0.859544
216,558.063965,178.431213,588.637329,197.325226,0.854189
216,539.391235,180.001923,560.018311,196.650665,0.765312
216,579.305847,174.674789,600.987976,194.598740,0.616369
217,983.099609,169.843063,1108.010986,203.029343,0.907683
217,511.100098,179.736176,542.075806,199.461517,0.857620
217,558.200684,178.422226,588.234741,197.272568,0.853229
217,539.317322,179.885208,559.995789,196.650345,0.769591
217,579.325195,174.640564,600.683105,194.659363,0.617475
218,983.004700,169.860580,1108.396729,203.008469,0.907976
218,511.025269,179.697464,541.673706,199.485641,0.852618
218,558.166321,178.449020,588.223938,197.329941,0.851259
218,539.167664,179.984146,559.905701,196.668259,0.766857
218,579.439819,174.833557,600.680786,194.594818,0.621961
219,983.267212,169.776398,1107.921021,203.021057,0.908261
219,511.078400,179.657867,542.090881,199.451355,0.860899
219,558.163330,178.348907,588.221558,197.293732,0.852112
219,539.177429,179.857727,560.009705,196.646759,0.773589
219,579.346008,174.732071,600.704773,194.594223,0.615808
220,983.271973,169.805389,1108.346436,202.947235,0.906454
220,511.036682,179.667130,542.253235,199.468948,0.857011
220,558.176331,178.473831,588.353333,197.310898,0.851472
220,539.338867,179.838531,560.248901,196.603760,0.757770
220,579.487610,174.973709,600.758850,194.574173,0.628984
220,637.298584,176.888474,655.360229,187.200394,0.514217
221,983.014282,169.886658,1108.606567,202.952148,0.909539
221,511.015442,179.697815,542.047302,199.505249,0.855575
221,558.138123,178.418320,588.351257,197.279129,0.853017
221,539.245728,179.895370,560.003906,196.663803,0.767030
221,579.310486,174.782333,600.855774,194.527695,0.613755
221,636.441833,176.591766,654.224670,187.645050,0.531874
222,983.090820,169.829376,1108.549072,202.978302,0.908422
222,511.094086,179.657211,542.409790,199.424759,0.856568
222,558.202637,178.405655,588.142212,197.254440,0.849645
222,539.385742,179.814606,560.153687,196.565674,0.762085
222,579.398376,174.454071,600.984558,194.545013,0.606046
222,635.227905,176.489853,654.469482,187.638199,0.549432
223,983.327576,169.750916,1107.906738,202.997986,0.907202
223,510.948486,179.658096,542.292114,199.576004,0.860354
223,558.115417,178.478333,587.888000,197.317535,0.852153
223,539.204895,179.877991,559.986267,196.613129,0.765743
223,579.308777,174.503845,600.836731,194.631958,0.625279
224,983.113770,169.758118,1107.799072,203.033356,0.909346
224,510.964783,179.714478,542.256775,199.489807,0.857865
224,558.153076,178.429443,587.840820,197.320007,0.853457
224,539.185547,179.901154,560.096191,196.637695,0.768602
224,579.338135,174.693085,600.838135,194.643127,0.632723
225,983.192139,169.723846,1107.950195,202.985260,0.908327
225,511.027222,179.710129,542.060181,199.419846,0.859135
225,558.080139,178.416046,587.988708,197.315735,0.853503
225,539.284973,179.867813,559.940491,196.603531,0.761182
225,633.987549,177.148438,653.830688,188.228210,0.675784
225,579.442261,174.820099,600.566895,194.638580,0.633623
226,983.290771,169.705673,1108.031494,203.013016,0.905331
226,511.053284,179.668365,542.198792,199.520264,0.856465
226,558.139709,178.412231,588.407654,197.327362,0.851887
226,539.167664,179.883987,560.239075,196.580063,0.768125
226,633.591370,177.168030,653.355042,188.294922,0.623908
226,579.445618,174.647919,600.742981,194.632690,0.607036
227,983.205322,169.672028,1109.090088,203.023041,0.907404
227,510.975403,179.610199,541.897034,199.392273,0.854205
227,558.171875,178.438141,587.892578,197.309784,0.849300
227,539.171753,179.853195,560.081299,196.653946,0.769885
227,633.241638,177.350662,651.987732,188.465469,0.689825
227,579.481445,174.527130,600.890503,194.618774,0.610002
228,983.217285,169.727005,1108.935059,203.054886,0.907712
228,511.054535,179.683334,542.048462,199.509232,0.855913
228,558.147888,178.421234,588.126526,197.329498,0.852141
228,539.227783,179.946808,560.181763,196.654053,0.764744
228,632.572021,177.359222,651.047241,188.564850,0.716774
228,579.505676,174.732437,600.803162,194.603470,0.621792
229,983.084778,169.814178,1108.749146,202.992371,0.906944
229,510.987640,179.677338,542.081116,199.415497,0.857006
229,558.194763,178.466034,587.961975,197.312256,0.849637
229,539.217712,179.853622,560.188660,196.579300,0.760452
229,632.249939,177.385239,651.259094,188.584885,0.673220
229,579.413269,174.727386,600.680481,194.684357,0.609844
230,983.177185,169.717499,1108.308838,202.972443,0.907851
230,511.052216,179.718597,542.227112,199.476898,0.858210
230,558.202759,178.473541,587.604980,197.300476,0.848309
230,539.201721,179.808517,559.955872,196.564438,0.769132
230,632.317749,177.229416,651.165527,188.629776,0.664659
230,579.315552,174.718185,600.880127,194.626633,0.623288
231,983.383972,169.773102,1108.552246,203.052582,0.906615
231,510.971588,179.723694,541.832581,199.523163,0.856048
231,558.118469,178.431625,588.416931,197.271500,0.852473
231,539.017578,179.963852,559.858521,196.658524,0.766902
231,631.614929,177.151962,651.015320,188.669449,0.683095
231,579.494690,175.025940,600.776062,194.626648,0.627124
232,983.226562,169.728745,1109.001709,202.976974,0.906401
232,510.995392,179.658920,542.084534,199.505569,0.856363
232,558.191528,178.424286,588.080566,197.352112,0.850000
232,539.173889,179.855988,560.205627,196.606567,0.765082
232,631.305420,177.033447,650.654785,188.835114,0.680282
232,579.418030,174.746536,600.891052,194.634750,0.609623
