0,892.518127,206.867569,1241.940918,369.374634,0.963003
0,325.251617,174.610275,350.418976,193.727310,0.856181
0,294.099731,176.019745,332.353821,196.150269,0.849598
1,881.110046,203.837036,1242.460449,369.417175,0.964435
1,288.576263,175.372253,327.644196,195.549866,0.862003
1,321.917511,173.314941,346.018402,192.959625,0.814503
2,869.135010,202.318420,1241.988770,370.567017,0.962325
2,281.902008,175.382034,323.342255,196.333542,0.873813
2,316.733063,174.047913,342.107635,193.835297,0.847715
3,855.767456,202.770050,1242.129272,370.626984,0.961185
3,273.995667,177.374908,316.853027,199.332397,0.855372
3,311.060883,176.460785,337.530060,197.089111,0.831908
4,844.718628,200.801422,1241.877563,371.281647,0.963785
4,306.273254,176.764862,331.983826,197.656738,0.865790
4,266.278748,177.166473,308.493408,199.730164,0.850660
5,834.619873,200.402832,1241.900146,370.299988,0.966558
5,257.906677,178.029999,301.454895,200.819580,0.875034
5,299.965942,176.993301,326.783813,197.851028,0.850830
6,825.755371,199.278107,1242.461670,370.366852,0.963887
6,248.724228,178.757263,294.190369,202.280334,0.885075
6,291.964935,177.455643,320.447723,199.289902,0.868972
7,817.152405,199.794144,1239.680176,370.456116,0.964301
7,238.691986,180.782242,286.757782,204.351456,0.890481
7,283.680695,179.427689,313.939545,201.213943,0.864490
8,809.031128,196.549759,1199.542480,369.828247,0.965033
8,228.621506,179.365952,277.746155,204.703568,0.902770
8,275.965057,179.609192,302.691742,200.956909,0.806162
9,799.185120,193.990952,1162.740479,366.173706,0.950822
9,217.382645,178.735443,269.209961,204.252930,0.906451
10,788.536865,193.614029,1126.595825,356.963806,0.938518
10,205.429276,176.634094,246.673355,203.390137,0.841690
10,267.110962,176.797043,292.340637,199.104691,0.774043
11,782.519104,192.615524,1100.035889,348.637512,0.938789
11,247.778320,176.080170,284.407043,199.979828,0.869972
11,193.804184,177.204163,250.414902,203.379608,0.753161
11,193.210968,185.422043,211.841034,203.038193,0.615775
12,777.116577,193.021454,1074.854248,340.559235,0.944906
12,196.278900,177.262207,241.927795,205.212372,0.892667
12,239.570618,177.437988,278.870850,201.165009,0.887996
13,772.789734,190.995224,1053.573486,334.092163,0.947021
13,172.406082,178.994659,233.988113,207.982269,0.894094
13,231.121368,178.018173,272.601898,204.110519,0.885813
14,768.339722,191.271912,1034.287720,326.810852,0.943702
14,159.513519,180.568237,224.994171,211.627686,0.905886
14,221.724396,179.555542,265.800079,206.617584,0.898968
15,767.616089,191.407837,1015.742310,322.477722,0.944104
15,146.597412,182.737076,216.080841,214.468948,0.911546
15,213.275696,181.680450,258.409760,209.164337,0.898365
16,762.987488,190.242722,997.641296,315.821716,0.945040
16,132.037781,183.468353,204.735199,216.461029,0.910428
16,200.111847,182.423523,251.195831,211.159546,0.904540
17,758.599670,187.856995,982.632874,308.396698,0.942887
17,115.275536,182.899033,192.143616,216.884964,0.909094
17,188.480209,181.785110,243.072647,211.074356,0.904023
18,753.900452,187.896225,967.258606,304.349182,0.942700
18,175.802521,181.578552,230.667603,212.530334,0.906304
18,96.977730,183.028717,179.366730,218.626953,0.903345
19,750.344299,187.297104,952.840881,299.768860,0.948488
19,77.197403,183.426270,165.186707,220.539795,0.909509
19,162.053009,182.174515,219.584595,213.696884,0.906997
20,746.534119,186.834457,939.262512,295.273560,0.944965
20,146.017303,183.001648,207.205688,216.282379,0.907567
20,55.154793,184.854401,149.479340,223.052673,0.902442
20,428.315735,176.080505,441.401184,188.171875,0.682448
21,742.575806,187.985168,926.967651,291.577576,0.949767
21,129.230484,184.237473,194.992325,217.758469,0.915307
21,32.190140,185.181885,134.426941,225.576416,0.898223
21,427.645111,177.201691,438.838898,188.439270,0.613908
22,738.443115,188.640732,914.926636,289.652527,0.950784
22,109.970963,186.081909,180.705215,221.403931,0.920314
22,6.382725,187.339539,113.667328,229.979370,0.911461
22,426.204620,178.257187,437.934235,189.225632,0.500216
23,734.730835,189.063446,903.463623,286.084137,0.945143
23,0.176739,187.774094,93.829330,232.118454,0.909380
23,90.331032,186.365829,163.679108,222.977737,0.900657
23,422.999329,178.613098,437.306396,191.328064,0.617268
24,730.379395,187.399017,892.131958,281.554688,0.951452
24,1125.553955,279.266998,1241.742432,372.971771,0.916823
24,0.307384,186.013489,71.342239,231.394806,0.883058
24,68.351913,185.354248,105.772964,222.762268,0.763762
24,421.769470,176.466431,436.260742,189.157257,0.559684
25,725.323547,185.982971,880.833923,276.927673,0.951225
25,1094.260620,248.987015,1241.646118,372.488342,0.936398
25,74.494186,182.721100,131.520035,220.975677,0.876048
25,-0.003098,184.996658,27.766029,228.618973,0.664709
26,721.131409,187.648132,869.521301,274.522156,0.948466
26,1066.095581,220.322037,1241.515991,372.588928,0.943430
26,15.330933,182.668915,111.984795,224.709167,0.901885
26,417.637085,175.005783,431.879639,187.830795,0.694068
27,716.241333,186.786758,860.066650,272.478394,0.950556
27,1040.362793,201.874069,1241.121582,371.735657,0.941378
27,0.067093,184.493866,90.519043,229.160858,0.901761
27,413.934052,176.290329,428.631866,189.637558,0.644997
28,712.117798,187.728516,848.849609,270.397400,0.949156
28,1017.436401,193.476089,1242.406128,370.633179,0.945323
28,-0.004017,186.307327,66.878799,229.827927,0.891162
28,412.823364,177.687546,427.330933,190.250320,0.678097
29,706.682495,188.245987,838.024536,268.393921,0.947491
29,995.107544,188.124878,1241.378540,370.773621,0.941159
29,0.054085,188.476364,40.474705,231.234085,0.752114
30,972.772461,184.299988,1243.114990,371.383789,0.945437
30,701.481567,187.692169,827.994263,265.270782,0.945091
30,405.185089,178.072006,421.061432,191.243546,0.696628
31,695.814331,186.063416,817.715698,262.135834,0.945925
31,946.564697,181.236115,1242.582031,371.326019,0.940760
32,930.173096,180.569473,1241.854980,370.560608,0.960304
32,689.781433,185.962189,806.719421,258.674744,0.944915
33,905.760254,180.483795,1242.021973,370.267487,0.955099
33,683.322632,184.702393,795.892700,256.424530,0.946863
34,883.601440,178.751282,1242.423462,370.685547,0.954866
34,676.796692,184.467865,785.431824,253.964935,0.943059
35,862.114563,175.914291,1242.728271,371.297424,0.956673
35,670.458313,184.213364,774.479797,251.529099,0.944570
36,845.047302,175.057938,1241.094849,370.745422,0.957600
36,663.214478,183.871902,764.140625,248.985397,0.943410
36,371.357330,177.553070,391.801605,190.907562,0.646808
37,826.450317,175.678680,1242.774780,370.832428,0.961730
37,656.806641,183.642181,753.991943,247.133759,0.945642
37,365.248657,177.838150,386.067871,191.913254,0.785953
38,808.482544,175.121216,1215.601929,370.858582,0.961269
38,649.599304,183.479141,742.958191,245.601913,0.946667
38,358.531982,177.876373,380.581299,191.908752,0.777008
38,444.907776,170.650238,457.416016,182.150360,0.664721
39,791.588745,173.569366,1160.214722,371.280914,0.958252
39,642.460083,183.671692,732.442383,243.539337,0.943246
39,351.151611,177.730179,373.521301,191.773605,0.782555
39,440.647247,170.607574,453.553802,182.156647,0.568148
40,774.421631,176.935242,1111.586304,372.127136,0.951530
40,635.458496,183.651810,722.621338,242.481064,0.946946
40,344.120300,177.952164,367.389954,192.303024,0.752279
40,435.784515,170.274078,449.356476,182.964966,0.694902
41,754.012695,178.276825,1066.744873,364.632111,0.951827
41,627.746216,184.439789,712.567261,241.638733,0.941434
41,336.199341,178.236786,360.311340,193.112885,0.792810
42,741.320740,178.999374,1027.787842,355.939880,0.950627
42,621.313599,184.495239,703.436279,241.242279,0.941500
42,328.915741,179.014267,353.387482,194.197342,0.815885
43,727.518066,177.983582,989.714111,348.091675,0.948497
43,613.474121,184.340332,694.538330,239.814270,0.935061
43,321.019806,179.674957,345.561127,195.103882,0.833961
44,712.284851,177.501465,956.070496,338.817871,0.954931
44,607.840637,184.798004,685.408386,238.800812,0.929697
44,313.038696,179.883942,340.501892,195.705933,0.814822
45,698.303894,177.585663,925.920593,331.566498,0.955569
45,601.592102,184.952240,677.326843,237.168488,0.936144
45,306.130829,179.973984,335.035614,196.076065,0.838494
46,685.423767,178.028656,898.887756,325.577545,0.951597
46,595.592590,185.721954,669.780212,236.432068,0.930211
46,300.303894,180.728470,329.748779,197.206497,0.817472
46,381.272278,178.356827,402.649475,188.755539,0.561748
46,410.319458,172.160492,424.215027,186.719269,0.535675
47,673.593018,179.338623,873.728149,320.438263,0.950320
47,591.015503,186.005142,662.653931,236.094620,0.920614
47,294.141174,181.513199,324.875549,198.836472,0.827339
48,662.969666,181.160248,850.797546,316.808838,0.950128
48,585.389282,186.860336,655.459961,236.503647,0.922141
48,287.422150,181.521683,320.289520,199.139206,0.836687
48,402.715912,173.263275,417.480804,189.035431,0.504895
49,652.357788,178.629852,830.081299,310.160065,0.954019
49,580.607910,184.926468,648.909546,233.585556,0.928798
49,281.310486,180.514664,311.728088,198.371841,0.851111
49,400.844025,171.584854,414.522614,187.009293,0.571867
50,643.402649,176.561310,811.586975,303.514008,0.948991
50,579.219849,182.943359,643.341309,230.458344,0.920585
50,276.578430,178.544983,299.983337,194.841095,0.800245
51,637.024292,174.743622,794.540894,295.300110,0.949955
51,573.989441,181.038742,637.569641,227.180405,0.925579
51,270.148010,176.803009,305.130493,194.174622,0.716239
52,630.001221,173.583130,778.916626,289.576691,0.946293
52,570.399780,179.311539,632.434082,225.811111,0.922577
52,266.462311,176.684647,300.896088,194.993576,0.666021
53,623.059875,173.212631,764.388733,285.436371,0.949852
53,567.440002,180.276016,629.040710,224.748550,0.909912
53,265.124146,177.604828,296.768555,195.855316,0.856594
54,616.226501,174.389587,750.751648,282.292358,0.947808
54,563.110413,181.447021,620.996887,225.546631,0.922355
54,253.679443,179.900040,292.332886,197.923874,0.856867
54,363.156555,176.850098,386.731445,187.166687,0.570859
55,609.543701,176.117416,739.034912,280.505524,0.951211
55,560.235474,182.764023,615.208984,226.449570,0.913294
55,247.509491,181.043625,286.835480,200.138748,0.868346
55,361.759949,179.253281,380.810120,188.680649,0.588729
56,603.820435,177.335480,727.534546,277.806915,0.946914
56,557.567200,183.687744,610.154846,226.704681,0.905768
56,241.722809,181.362289,282.206268,201.201309,0.874398
56,360.233337,179.597443,374.170166,189.354462,0.586486
56,382.134399,171.030579,401.674744,189.924591,0.561253
57,598.930908,177.338013,717.067871,274.920685,0.945166
57,554.859131,183.907303,606.349609,226.639053,0.910354
57,235.751343,181.709717,276.818542,202.147827,0.880217
57,186.534103,183.581512,230.077896,207.960297,0.635665
57,378.429657,171.536880,396.410187,190.637314,0.624450
58,594.531067,176.206604,708.336731,271.384796,0.948605
58,553.660645,184.275208,603.864258,225.077576,0.914421
58,230.140015,181.397018,273.468719,201.824600,0.889199
58,177.595703,181.615967,223.214752,208.456451,0.590906
58,376.915405,170.872131,397.196594,190.521851,0.522893
59,591.132996,176.065582,700.485291,268.824707,0.946034
59,551.523376,183.575272,601.443054,224.081131,0.910818
59,225.992310,180.896774,270.133301,201.887863,0.878599
59,169.313416,183.032166,217.674194,208.779846,0.544359
60,588.754700,177.202759,694.135437,266.543854,0.943419
60,551.786377,183.836716,598.504395,223.651566,0.906421
60,222.231277,180.558197,267.360931,201.834442,0.890906
60,160.214661,183.361328,211.301331,208.951447,0.608248
61,585.553467,177.563568,687.833008,265.199158,0.942972
61,551.196960,185.140961,595.212708,223.033875,0.904481
61,216.391998,180.564621,263.717010,202.222153,0.884809
61,151.049438,183.759949,205.510712,209.445587,0.721749
62,582.294434,177.470367,680.772095,262.698883,0.938902
62,210.205719,179.365616,258.622925,201.271133,0.890779
62,551.234192,184.011810,592.757263,222.654755,0.887463
62,140.769058,181.481781,198.234146,208.822601,0.780369
62,368.790436,168.335526,393.912811,191.004593,0.619534
63,578.080811,177.135468,674.125732,260.467560,0.938709
63,201.483475,179.128174,252.528610,201.651001,0.895651
63,550.200378,183.887741,587.921936,221.256424,0.884560
63,129.510239,181.429123,188.287125,209.084457,0.784945
64,575.302429,177.458099,666.615540,257.617310,0.933712
64,193.283997,178.856506,245.846741,201.878815,0.893662
64,549.487976,183.440842,584.310608,220.353714,0.873902
64,115.393829,180.975906,178.298065,209.528397,0.787704
64,358.969330,167.910263,388.292328,191.526505,0.590374
65,571.269409,178.119537,660.100586,256.886444,0.936740
65,547.400146,184.756439,580.243530,221.870728,0.876150
65,184.909027,181.558914,239.442108,205.305344,0.867677
65,102.343307,184.444580,168.011063,213.492310,0.810383
66,568.864014,181.457520,654.313599,258.852356,0.937700
66,174.964890,185.543396,232.600906,209.648315,0.870997
66,546.767761,187.980591,578.950745,224.379517,0.857610
66,87.538635,188.237091,157.403366,218.353729,0.803650
66,350.162292,173.747375,378.874878,198.081635,0.522816
67,565.890991,183.103882,649.352783,258.516724,0.933162
67,165.583542,187.587616,224.808670,212.762543,0.893688
67,544.890137,189.913437,574.232178,226.143326,0.864440
67,71.343109,190.844299,145.319733,222.827515,0.779402
67,344.193268,178.024689,373.584808,200.912201,0.514992
68,562.180603,180.261902,643.843933,253.819641,0.939610
68,155.272858,185.095383,217.248047,210.965225,0.886518
68,54.185127,187.976151,132.206207,221.154465,0.857696
68,544.387329,186.823471,571.111694,222.588364,0.857571
68,337.758301,172.390335,369.614929,197.850601,0.541334
69,560.222107,176.668396,638.811584,247.855988,0.935173
69,144.947861,180.322296,209.326279,207.581787,0.898575
69,36.807484,184.526199,119.310959,217.759750,0.848154
69,543.242615,182.832764,568.129822,217.824493,0.847097
69,331.007324,167.348358,365.016479,193.995941,0.830970
70,558.052307,173.864594,634.420715,244.602020,0.933496
70,132.688690,177.671097,199.264862,204.977188,0.894144
70,14.643936,180.293793,103.951370,216.172577,0.806594
70,542.487122,180.396271,565.183777,214.949341,0.789665
70,323.207001,164.692978,358.794586,191.666122,0.725418
71,555.826416,174.132812,630.736816,242.778717,0.931294
71,121.387878,178.439407,171.384125,205.451859,0.865517
71,-0.099167,180.839798,89.395691,217.877548,0.851298
71,542.113037,179.892029,564.373169,214.262726,0.817053
71,314.506653,163.903610,352.206726,192.128738,0.764269
72,553.512878,175.784424,627.198181,243.752014,0.926809
72,109.347641,177.498398,183.380875,208.028732,0.859350
72,0.117748,182.978867,73.001678,220.372116,0.827973
72,541.478333,181.870850,561.633606,215.929138,0.795657
72,306.134796,164.537521,346.879730,195.008530,0.591265
73,552.119812,177.126633,624.458801,243.575516,0.911714
73,0.215338,183.996567,55.209251,223.036575,0.810898
73,120.935165,180.774246,173.338913,209.896011,0.724767
73,541.172241,183.232407,560.670410,218.456070,0.647849
73,371.274048,178.649796,383.686401,189.650925,0.604502
73,340.660400,178.269623,357.532715,190.718719,0.583291
74,548.893127,178.979553,622.588928,242.544800,0.914267
74,83.078674,180.965530,163.400375,211.846939,0.903342
74,0.040937,183.962357,37.816139,220.809677,0.714743
74,365.475494,178.622711,383.345428,190.474121,0.663112
74,338.916351,178.866730,352.666168,191.971680,0.539745
75,549.254272,178.292908,619.958740,241.275085,0.921739
75,68.513313,179.658783,154.322449,211.226074,0.912224
76,53.122223,178.849014,144.627884,211.733109,0.913227
76,548.939697,178.118164,618.988647,241.219513,0.910302
76,358.942871,176.845169,384.522278,189.615646,0.514816
77,36.896431,178.478165,133.234955,212.649307,0.917292
77,547.079651,178.553192,618.341370,238.678741,0.900415
77,369.121155,177.209839,384.537781,188.966095,0.598972
78,20.866901,178.790665,120.891495,213.526413,0.910913
78,547.860474,179.034546,617.533813,240.160675,0.906325
79,550.263245,178.889969,617.159485,238.778702,0.920626
79,4.453159,177.516006,108.873520,213.612198,0.895229
79,336.617126,174.914444,360.411011,190.085190,0.605937
80,549.686218,177.955902,616.882385,237.412933,0.905443
80,-0.126553,176.982040,95.301086,214.259232,0.897064
80,334.763550,176.153870,360.783508,189.554993,0.550857
81,552.062439,178.072662,617.339417,236.466064,0.928031
81,0.223743,175.279617,82.125504,213.928879,0.897859
81,333.538177,173.605637,375.901703,188.914810,0.662462
82,554.025757,179.377014,618.046387,237.623413,0.921912
82,0.664040,176.568176,67.072350,214.852814,0.893614
82,333.814301,175.250046,359.495514,189.652847,0.676600
82,373.114441,174.889893,389.149231,187.995880,0.660588
82,357.611328,175.882050,375.470703,188.687988,0.500412
83,555.205505,180.136292,618.579163,237.456024,0.925484
83,0.195902,177.079514,51.232384,214.611923,0.901345
83,333.406616,176.132339,360.867126,190.375656,0.721003
83,358.121918,174.938156,376.719330,189.719040,0.571969
83,374.424225,176.408707,389.778473,188.666824,0.564690
84,556.576416,179.347443,618.718384,236.870392,0.923572
84,0.069941,177.009949,32.808136,215.185425,0.875319
84,373.408905,175.128220,389.952545,188.379044,0.613142
84,356.683014,175.296127,376.584503,189.819412,0.613081
84,332.290833,176.199249,351.850708,190.122589,0.569919
85,557.661865,177.944916,618.650269,233.961334,0.914740
85,330.503571,173.682755,358.593842,188.712204,0.737526
85,-0.012612,176.249466,11.967163,207.511703,0.720952
85,372.920837,174.252884,389.391541,186.725632,0.698806
85,357.137604,174.825836,375.017975,187.724609,0.621936
86,559.162598,176.753906,619.122314,231.689514,0.925481
86,328.413177,173.035965,357.454193,188.382736,0.758546
86,372.219299,173.751160,389.108948,186.237427,0.651662
86,355.199005,173.325699,373.463776,186.599655,0.573832
87,560.139038,176.156433,619.208130,229.971771,0.915704
87,353.318909,171.005005,373.017273,186.257080,0.718609
87,326.354187,171.604691,355.866028,186.965622,0.713424
87,371.345032,172.548950,387.635254,185.150970,0.702331
88,559.736572,175.841156,618.827881,229.297455,0.914729
88,369.733032,172.562988,386.128357,185.124817,0.673124
88,322.840027,171.805557,350.543274,186.942673,0.665532
88,349.921265,171.516098,371.095520,186.431747,0.609952
88,426.702026,171.914536,440.228149,181.550186,0.602695
89,560.263245,176.777481,618.472961,228.800949,0.913296
89,319.566833,171.355621,350.876648,187.477356,0.835072
89,348.795685,170.946701,368.997894,186.580185,0.779547
89,367.290222,171.959366,383.292175,185.050064,0.719382
90,560.372681,177.036072,619.038940,228.653534,0.903808
90,316.225220,171.251648,351.432129,187.952209,0.805741
90,364.997253,172.002197,382.587463,185.562653,0.698513
90,345.948334,171.139511,367.012238,186.468246,0.654314
90,425.785370,172.732315,440.900848,181.852707,0.528855
91,560.153992,177.516785,619.235535,227.441528,0.908844
91,312.199585,171.456192,345.519958,189.030655,0.869761
91,363.704437,171.954697,381.351654,185.850876,0.724810
91,343.645813,171.665985,365.777100,187.510864,0.667350
92,562.044434,176.542755,619.141357,228.282074,0.914270
92,308.662170,172.174225,343.169617,190.038757,0.845699
92,362.338623,172.743057,380.804077,186.554184,0.785562
92,341.028015,172.797180,363.817261,188.085022,0.757575
92,426.721527,173.495300,440.300385,183.411987,0.551332
93,563.243896,176.838989,618.707764,228.137878,0.919505
93,304.419556,173.261246,339.839539,190.826309,0.868245
93,426.878845,174.120712,441.345886,184.330582,0.714300
93,358.954376,173.681885,376.611664,188.078217,0.615543
93,337.365204,174.493973,360.231476,189.355118,0.606253
94,563.681946,177.086884,618.316833,227.305176,0.909374
94,300.093658,172.220261,336.478058,190.550797,0.856001
94,334.091461,173.571732,358.996552,189.209610,0.762844
94,356.392853,173.546234,377.642548,187.816864,0.756056
94,426.446991,173.401001,439.210419,184.038025,0.697380
95,563.827454,175.513611,618.714294,225.452026,0.927588
95,294.945038,171.513443,331.669037,190.043045,0.880759
95,329.371338,173.148438,355.840088,188.798309,0.788297
95,353.965668,172.213440,371.477570,187.140656,0.772598
95,425.692017,173.504654,438.874512,183.046432,0.604372
96,564.840027,174.124603,618.582703,224.258270,0.926853
96,290.010925,169.400787,327.489563,188.185059,0.865498
96,350.380096,171.066666,365.999481,185.354599,0.729833
96,325.421570,170.796753,351.382324,186.833069,0.681655
96,425.230347,171.762680,439.020874,181.922562,0.601969
97,565.237549,172.105118,617.870483,221.008926,0.922390
97,284.513397,167.823486,322.615692,187.050049,0.852737
97,321.443604,168.363388,348.222473,185.728409,0.805946
97,346.684174,168.968460,358.602325,183.800369,0.735456
97,423.696198,169.518906,437.856232,179.613022,0.622820
98,566.181641,172.898270,618.000977,221.221176,0.926175
98,279.042877,168.365692,317.876434,187.690094,0.859493
98,316.216064,168.438843,345.067261,186.446930,0.688904
98,423.306854,170.286438,436.059662,180.483887,0.600838
99,566.766052,175.295349,617.387634,224.274109,0.907695
99,271.318512,171.326553,312.363556,191.335068,0.865147
100,567.664978,177.682785,617.654358,224.563095,0.918775
100,264.658875,173.234360,306.949890,193.554428,0.868832
100,305.754120,172.735107,328.647064,192.171692,0.541160
101,568.012512,178.109711,617.341980,224.735413,0.913409
101,256.993896,173.503937,302.153442,194.676971,0.877182
101,334.094666,174.844315,355.019348,191.382095,0.811030
101,300.032501,174.529831,315.195221,191.404861,0.665411
102,567.950928,178.784698,617.171997,224.480255,0.908392
102,249.148666,174.601562,295.266083,196.099457,0.875487
102,325.875305,175.405838,351.491699,192.137772,0.831015
103,569.020142,180.099899,617.053223,224.812820,0.912863
103,320.732086,177.868973,347.115265,194.292587,0.856479
103,240.051239,176.601074,285.360504,198.692627,0.818572
104,569.756042,179.683350,617.784485,224.762573,0.915487
104,314.926910,178.397949,343.328278,195.712708,0.844334
104,231.462143,177.765991,269.753937,200.884399,0.758768
104,292.617615,177.374374,316.974670,197.321762,0.666378
105,569.987427,178.378571,617.690552,222.244049,0.906445
105,308.080475,177.979248,338.120392,195.563110,0.858760
105,274.649872,177.498245,310.086273,197.439377,0.832285
105,222.117188,178.446899,250.621979,200.506104,0.733674
106,570.618530,177.113739,617.996460,220.795624,0.918192
106,264.846222,176.218430,304.339020,197.538284,0.857840
106,302.045624,176.931305,333.706573,195.392487,0.850220
106,411.076477,176.539001,425.912170,189.000092,0.701413
106,212.262421,179.187912,265.923370,199.027054,0.672176
107,571.200378,177.246185,618.127625,220.758698,0.918240
107,296.308289,177.127930,328.541382,195.504028,0.851342
107,256.610382,176.570679,298.404205,198.211731,0.835559
107,232.036575,175.761581,258.122742,199.864761,0.810208
107,407.373627,177.148041,424.695343,189.282440,0.788329
108,571.699341,177.462769,617.975830,220.186951,0.914273
108,288.950439,176.730026,323.166138,195.675461,0.867329
108,205.156052,175.315216,249.312790,200.589783,0.865131
108,247.459717,176.026993,291.080627,198.463669,0.847208
108,405.748901,176.230774,422.768982,188.997345,0.772716
109,572.950500,177.639236,618.090393,219.605789,0.905534
109,281.652740,176.910461,316.631927,195.721344,0.873926
109,180.697189,175.951035,240.404312,201.542496,0.871647
109,237.662964,175.974228,283.889099,199.118332,0.855602
109,403.319580,176.786667,420.181213,188.958908,0.810317
110,574.019104,177.321686,618.620667,218.511566,0.911472
110,274.080994,176.448410,311.934875,196.509933,0.877680
110,165.532990,175.620605,229.686310,202.130951,0.866659
110,228.027039,175.279404,275.830566,199.051346,0.845900
110,401.153839,176.881470,418.343414,189.065735,0.814605
111,574.660339,177.291962,618.867859,218.812195,0.908959
111,266.514313,177.205566,305.310028,197.217224,0.896782
111,151.276245,176.547409,219.651489,203.801743,0.895775
111,216.502090,176.695679,267.957550,200.710205,0.873021
111,398.931244,176.826691,417.081879,189.399445,0.807111
112,575.764404,178.051682,618.889282,218.818832,0.908439
112,258.052673,178.470139,299.180237,199.154587,0.894247
112,205.358536,178.632721,259.770386,203.100159,0.892365
112,135.930969,178.506058,208.100983,205.909439,0.874578
112,396.192200,178.506042,415.097351,191.094788,0.840880
113,576.583008,179.547653,619.129639,220.290695,0.912173
113,192.577255,179.927948,251.863388,205.381012,0.902092
113,119.702515,180.040436,195.148956,209.077301,0.897439
113,250.351440,180.492432,292.358643,201.791229,0.882798
113,393.924805,179.766113,413.439392,192.885742,0.837373
114,102.353615,181.560852,181.517761,211.677551,0.912664
114,577.533997,180.954620,619.640076,220.991760,0.907672
114,180.945358,181.099564,242.427811,207.238174,0.892105
114,241.464310,181.513794,285.754211,203.532532,0.879053
114,391.691681,181.494247,411.404266,194.442825,0.840199
115,83.888245,180.459778,167.197754,212.489288,0.916088
115,578.171875,180.770844,620.345093,220.741669,0.909791
115,165.922470,180.568405,233.587662,207.756180,0.893114
115,231.548294,181.242615,278.992859,203.872101,0.853833
115,389.814697,180.695694,409.359619,193.839310,0.822548
116,63.035450,179.110687,152.147491,211.666107,0.908549
116,578.805481,178.886978,620.890564,218.781509,0.904613
116,153.517487,178.934387,221.843658,206.421356,0.889224
116,386.773682,179.094788,407.552612,192.571045,0.862586
116,219.691498,179.474609,269.407562,201.609711,0.822465
117,41.288589,176.896423,135.325226,210.540741,0.912235
117,579.227600,177.253494,620.201477,215.312363,0.908439
117,136.097260,176.077209,211.391815,205.265228,0.908343
117,384.368256,176.728775,404.762665,190.258163,0.858755
117,209.240967,171.345795,248.928253,200.011719,0.723646
118,117.703369,176.592758,198.366882,206.287003,0.908254
118,16.696796,177.037399,117.262817,213.192978,0.903727
118,579.787659,177.436600,620.303162,215.001602,0.900048
118,381.497131,176.756058,402.609741,190.503830,0.869619
118,196.720947,175.723541,224.203827,200.698853,0.743413
119,579.900085,178.678635,619.997009,216.208725,0.915174
119,-1.482910,180.478119,98.654663,216.978424,0.900602
119,99.485092,179.830490,184.462631,211.074509,0.899574
119,378.832947,178.816910,400.037842,192.705276,0.842597
119,183.065414,182.400711,242.910110,204.443771,0.575665
119,457.503571,177.935013,474.624115,187.346176,0.574495
119,231.432556,184.433197,243.078247,203.810181,0.538731
120,580.480957,179.646591,620.261353,217.223068,0.911737
120,80.163048,181.753174,157.577972,214.551453,0.888761
120,0.472969,183.118530,78.427040,221.195251,0.885053
120,199.755981,183.715088,233.357605,207.771820,0.880945
120,375.862213,181.368195,398.005280,194.969421,0.863023
121,580.861572,179.920624,620.337646,218.288025,0.913643
121,161.270447,184.495514,222.121948,210.813141,0.903706
121,372.646332,182.279709,395.029205,196.313126,0.863427
121,0.116802,185.797729,54.513195,223.646851,0.862407
121,58.500572,185.217392,115.529655,216.588089,0.828483
121,429.290283,178.227173,441.093445,190.020020,0.531452
122,136.158432,183.216644,209.668655,210.531219,0.912653
122,580.869202,179.423782,620.043396,216.942001,0.900197
122,369.271149,181.871033,392.190460,195.480896,0.855164
122,-0.002001,183.110748,25.513039,222.262207,0.791440
122,117.076790,182.686890,137.982727,214.260559,0.696002
122,34.465675,192.571579,60.754723,215.981552,0.555434
123,117.284302,182.236450,197.397125,210.661072,0.915302
123,580.557617,178.921219,619.553101,215.782730,0.900814
123,59.827240,180.537064,118.367096,216.976944,0.893724
123,365.222992,180.297272,389.732452,194.716278,0.839263
123,476.028931,178.224136,489.956421,186.793442,0.584107
124,97.257782,181.054779,183.072723,211.150970,0.914956
124,0.449352,179.327927,98.489059,218.594955,0.908163
124,580.888123,179.030838,619.508240,215.458542,0.906940
124,360.918304,179.755554,385.550018,194.211334,0.846776
125,74.423309,182.124542,167.058258,214.144928,0.910835
125,580.811523,181.824905,619.079956,216.637833,0.906977
125,0.360947,180.956329,76.305267,221.469025,0.904398
125,357.690765,180.952621,381.775116,195.213760,0.840567
126,54.077866,183.443146,150.915497,215.972839,0.899787
126,0.243189,179.140030,50.774956,221.490280,0.899081
126,581.095642,181.015366,619.343567,216.647171,0.898039
126,353.498871,180.941223,376.620941,195.697815,0.807481
127,29.297718,181.519150,122.631577,217.497025,0.903103
127,581.179016,180.350403,619.492981,214.582855,0.900963
127,0.116289,180.926208,23.326353,222.729401,0.823096
127,348.718079,179.622925,369.342407,194.870819,0.775852
128,581.775269,179.613586,619.787964,212.926453,0.892259
128,0.776722,180.305756,113.761688,217.765930,0.871470
128,464.081085,176.417450,481.898590,186.160950,0.603771
129,0.250008,180.652969,93.061211,218.090347,0.901182
129,582.027893,177.260635,620.246277,212.497971,0.900652
129,463.473267,176.058838,479.105286,185.463135,0.632729
130,582.686584,177.805679,620.678040,212.429062,0.909010
130,0.172451,180.221008,70.698639,218.593353,0.900468
130,343.577179,177.751923,363.740936,193.975586,0.770014
130,464.157471,174.900620,477.434387,185.447037,0.674934
131,0.218065,180.965454,44.830963,218.408813,0.926217
131,583.311829,178.065933,621.672180,212.680649,0.913344
131,329.497162,177.571899,359.677460,194.381622,0.868253
131,463.711975,175.891876,475.246887,185.596191,0.659137
132,583.921082,178.151627,621.875183,212.784775,0.901939
132,323.679138,177.519089,355.326965,195.050797,0.872184
132,-0.014402,188.757767,18.286215,219.747116,0.732431
132,462.163605,175.656586,472.772858,185.956970,0.560127
133,584.528076,177.976868,622.976440,212.446289,0.918158
133,318.987122,178.067947,352.320984,195.446365,0.873983
134,586.174805,177.096695,624.297119,211.180038,0.916271
134,314.432648,177.243134,348.143890,195.516174,0.888811
134,2.890215,178.368683,51.984558,199.516968,0.815200
135,587.259216,175.430634,624.918518,209.702484,0.906435
135,308.024902,176.690460,343.907104,195.301636,0.897080
135,0.022707,178.692688,34.836975,198.791290,0.757174
136,587.854736,173.299774,625.579224,207.385345,0.910294
136,302.805481,174.682709,338.962463,194.236481,0.895937
137,295.994354,171.620667,332.799042,191.945709,0.906664
137,588.698853,170.564255,625.960571,204.323776,0.903196
138,588.834229,169.914795,626.353760,203.537750,0.918934
138,288.648773,171.093643,327.468048,191.672104,0.902209
139,588.522156,174.749451,626.250427,208.236969,0.894869
139,280.041229,175.663071,320.570465,196.267136,0.883663
140,270.818329,180.445999,311.209381,201.559738,0.890235
140,588.032593,180.702988,625.637207,214.245193,0.886878
141,587.369080,181.752060,625.489563,214.830551,0.901673
141,261.907776,181.460129,297.425354,203.275803,0.883716
141,461.160461,180.659576,474.164612,190.632477,0.695258
142,587.453308,179.408936,624.806091,212.419281,0.909854
142,251.923706,180.091431,281.096069,202.703735,0.900152
143,587.279663,178.751984,624.447144,212.274048,0.893218
143,242.234161,181.252060,262.616180,203.473679,0.845259
