0,806.567505,165.360443,954.977295,250.926849,0.947995
0,69.084518,184.173981,267.889221,247.195404,0.942390
0,430.229919,171.672775,573.072083,220.252670,0.941632
0,1131.242676,164.219681,1241.261719,220.977402,0.904676
1,830.944336,163.768646,985.943726,249.942841,0.946430
1,399.456848,171.862366,550.465149,222.449005,0.942740
1,-0.022331,184.885696,216.345276,254.407700,0.939073
1,1177.873047,165.042908,1241.951660,220.486938,0.889532
2,363.933228,170.230957,524.255737,223.564941,0.943312
2,856.476074,161.172729,1019.107544,249.775543,0.942072
2,0.002670,185.405945,156.792297,254.141479,0.929146
2,1201.976562,160.178085,1242.119629,193.749191,0.813312
2,1227.073608,175.079025,1241.055054,210.761215,0.768415
3,324.521820,168.939835,495.445038,225.176590,0.940981
3,883.320801,156.365311,1052.615479,248.720383,0.930843
3,-0.014034,185.534088,84.895157,255.149811,0.924529
3,1207.932007,158.214493,1242.698853,193.093399,0.693160
4,278.586517,166.471649,462.613312,227.558929,0.947274
4,911.610107,148.607697,1089.498291,247.777405,0.926646
4,1204.261719,155.154282,1241.754639,193.564377,0.827347
5,223.603653,165.885498,425.041199,231.976105,0.945870
5,939.739258,154.888428,1125.136719,247.747345,0.940490
5,1198.453003,154.787750,1241.914917,194.912659,0.883932
6,157.452911,166.951767,381.061188,238.252151,0.946705
6,968.891296,156.205566,1161.495361,250.307343,0.933267
6,1188.350342,155.241913,1241.862305,198.699982,0.893590
7,80.563019,169.639526,330.270599,247.533600,0.943290
7,996.548889,157.426727,1196.953613,252.995300,0.932563
7,1177.519775,155.891907,1242.359375,200.307709,0.837323
8,1024.696411,159.156616,1229.956909,257.084473,0.940730
8,0.456543,170.644836,270.588104,256.794586,0.938534
8,1185.411743,157.432861,1241.690063,201.582275,0.843470
9,0.380928,171.170319,200.707855,259.110474,0.939255
9,1051.021240,159.649841,1241.787842,258.773560,0.938725
9,1205.220825,157.448883,1241.747681,194.108124,0.545466
10,0.024712,173.255569,116.496681,261.280334,0.943521
10,1074.176880,158.434021,1234.720825,259.699738,0.942352
11,1092.233276,159.664825,1241.565796,261.422485,0.931533
12,1112.018433,164.190216,1242.149292,264.431305,0.939590
12,1055.212036,164.841995,1144.745483,214.813095,0.883980
13,1019.666260,169.975906,1144.691650,221.106125,0.928544
13,1125.165649,170.290268,1240.319458,265.759094,0.923488
14,981.170776,173.532776,1118.234253,225.329315,0.932866
14,1133.674927,173.965927,1241.537964,267.540405,0.928224
15,941.490662,174.994049,1077.551392,227.155914,0.938462
15,1140.008301,175.621094,1242.240234,267.767517,0.928509
16,900.657776,176.464554,1035.914185,230.850571,0.943619
16,1141.872192,178.099457,1242.160034,267.739594,0.925274
16,1107.833984,180.062912,1170.540283,220.608078,0.827364
17,857.704224,178.414551,992.317505,234.163147,0.939457
17,1139.933716,180.067444,1242.018433,268.576263,0.926010
17,1066.812012,183.036026,1159.648682,223.958878,0.887927
18,813.104492,178.986984,949.029663,236.177353,0.939397
18,1135.093018,180.318420,1241.111816,267.853210,0.925628
18,1027.872070,183.006073,1130.159668,224.236328,0.918796
19,768.781372,178.780075,907.590454,238.347763,0.949627
19,1128.894897,180.938934,1241.514771,267.936218,0.924293
19,989.040955,182.651596,1090.145996,224.548752,0.918437
19,1116.946045,183.826874,1152.384033,215.135986,0.665971
20,722.595520,178.364380,865.658875,241.214874,0.948996
20,1120.515747,178.021469,1241.051147,264.832092,0.930571
20,951.972351,181.176697,1050.334229,223.822052,0.916606
20,1080.712524,180.129776,1140.664429,214.779861,0.833590
21,673.964539,179.025787,822.092957,245.049438,0.952087
21,915.444824,180.573715,1013.233887,225.018570,0.920140
21,1109.388916,177.678314,1237.694824,261.420013,0.874377
21,1042.889160,179.407043,1118.291748,214.017914,0.787406
22,621.532043,180.018127,779.584534,251.124420,0.947868
22,1096.084839,178.533691,1229.857056,259.623627,0.933612
22,877.498230,182.232971,975.447327,226.844025,0.925370
22,1008.181213,180.563583,1083.889648,214.925308,0.863359
22,1081.990356,181.534149,1116.477417,208.937225,0.806750
23,563.390381,181.683929,731.515137,257.969543,0.952182
23,839.332458,184.806534,936.797791,230.220932,0.929323
23,1079.584595,181.991821,1203.580200,259.888000,0.928834
23,969.672058,183.463760,1042.961426,217.369949,0.837031
23,1043.257812,183.594803,1089.954102,211.761063,0.722171
24,500.649963,182.648911,681.951965,263.960052,0.951283
24,1059.743896,186.430542,1173.695557,261.732727,0.938596
24,799.905273,187.640030,897.574463,234.271896,0.921822
24,1190.155640,191.617096,1241.864624,225.363647,0.898512
24,933.059509,186.692474,1004.493958,221.078491,0.881370
24,1003.622437,187.657318,1052.934448,215.244232,0.797985
24,1046.466187,187.672043,1072.173706,209.008560,0.656316
25,426.991119,182.829346,627.557434,271.436401,0.950396
25,1036.982056,188.201996,1141.958374,259.091278,0.938692
25,755.908813,187.868958,857.430054,236.681976,0.919037
25,1149.636719,193.296341,1203.844482,225.114456,0.910054
25,895.101501,187.920029,965.599426,222.320389,0.861035
25,963.875977,189.168655,1012.107178,216.097031,0.851471
25,1005.220947,187.661880,1037.305542,212.770065,0.819796
25,1028.785767,186.878021,1052.071899,209.212585,0.595173
26,339.183960,180.685837,566.291931,280.052429,0.952729
26,1010.424561,185.019028,1107.516113,253.833481,0.937911
26,713.674683,185.891327,815.233032,235.579346,0.925729
26,1106.912598,189.851715,1155.438721,220.687347,0.903971
26,856.529236,184.643555,924.623840,219.940765,0.811675
26,924.306519,186.223953,969.713501,213.711472,0.730201
26,966.683472,183.883789,1010.553711,209.239807,0.635197
27,229.475327,179.497467,500.839417,292.628998,0.951661
27,665.716614,184.902283,773.520813,237.321747,0.935601
27,981.092102,183.777039,1070.823120,249.440704,0.933659
27,1065.216797,188.023285,1107.012451,217.683044,0.897457
27,882.294373,185.108826,928.264343,212.421143,0.866625
27,816.967346,184.090149,883.497620,218.647308,0.847110
27,922.824646,183.312653,951.773743,208.215057,0.641636
27,943.959595,182.474762,968.032104,205.640350,0.564224
27,965.581177,187.697845,983.870850,203.646790,0.548514
28,615.978882,185.188507,728.404053,241.232758,0.940361
28,86.214630,179.785095,424.838562,314.695007,0.939088
28,949.783752,184.251282,1032.620239,247.711578,0.926449
28,1024.002319,187.496750,1060.203979,216.134995,0.876885
28,843.374268,185.134583,887.327271,212.905762,0.857091
28,775.730652,184.505859,844.636169,219.888641,0.818380
28,924.738281,188.228348,941.766113,203.678207,0.584786
28,880.214355,183.795837,907.999756,209.038086,0.558461
28,899.638245,183.655762,927.146301,206.637604,0.504906
29,-0.126984,180.640579,320.973175,340.524963,0.961049
29,562.258240,185.042389,681.668396,245.099701,0.944744
29,918.398682,184.645416,995.122437,245.199493,0.931780
29,803.108765,185.200867,846.604492,213.303711,0.885712
29,734.491333,184.648117,802.319214,220.857101,0.883170
29,983.026672,187.860123,1014.207703,214.982040,0.862382
29,841.100891,184.415405,869.196838,208.195160,0.518885
30,503.583801,184.174316,633.584656,249.627289,0.935724
30,0.189240,179.228180,195.235962,332.985138,0.929347
30,885.501160,184.865234,956.521545,243.874481,0.926527
30,946.611084,187.802734,970.452148,213.637054,0.827269
30,692.833069,184.169525,761.128845,220.795624,0.826547
30,762.579346,185.028763,806.287964,212.547958,0.824867
30,800.536377,183.131592,825.588257,207.955139,0.579006
30,839.215515,187.794449,857.923645,202.919022,0.530568
30,821.505920,186.196396,845.081726,204.973404,0.501644
31,438.632324,183.051254,581.750061,252.772812,0.941360
31,852.508606,184.339325,918.880554,241.008911,0.923655
31,721.925293,184.222107,766.635620,212.582184,0.878396
31,650.998352,183.393982,720.471863,220.578552,0.860660
31,908.608765,187.920105,927.660522,212.384552,0.768640
31,760.197144,182.552231,787.048828,208.238297,0.719031
31,798.435791,186.682816,816.728882,202.563583,0.610792
31,781.567505,184.597656,804.312256,205.285889,0.513768
32,363.917908,182.366669,528.233276,260.669373,0.945982
32,818.617371,183.122360,881.704407,238.138870,0.921923
32,681.209900,183.503387,727.199524,212.544952,0.869808
32,607.612305,182.983490,679.245483,222.249207,0.779094
32,759.052124,185.604218,777.262329,201.501373,0.699656
32,720.481995,182.401260,745.396912,207.129044,0.665201
32,741.722778,182.803970,762.891113,203.936264,0.607682
32,870.420044,187.153503,886.751343,210.487946,0.600370
33,273.783020,181.984192,467.381836,270.399872,0.942276
33,784.093811,181.891144,843.046570,234.458771,0.919666
33,639.998352,182.659744,687.164978,212.392960,0.886398
33,562.894165,182.285294,639.071899,222.981186,0.788475
33,679.634460,181.016663,707.895447,206.626190,0.757651
33,719.835754,184.190826,737.763733,200.394684,0.703526
34,161.987686,183.432892,399.009705,284.033813,0.938861
34,749.899719,180.819687,806.050110,231.602005,0.911117
34,516.287598,181.584366,596.611938,224.716812,0.887455
34,599.213989,181.877075,647.369019,212.097992,0.844181
34,640.672668,180.365540,667.193909,204.857300,0.699428
34,683.158264,183.353638,699.660583,199.187286,0.689426
35,8.516754,184.965591,323.686340,304.034576,0.936136
35,716.704895,180.647125,770.018494,229.823242,0.922723
35,468.665466,181.465897,555.217651,226.410172,0.896238
35,559.446777,181.550537,608.594604,212.233002,0.879539
35,602.564087,179.772217,629.861328,206.060699,0.763701
35,645.883789,181.983246,662.955933,199.032684,0.655433
35,626.120850,178.961639,650.049194,201.842743,0.562530
36,0.458359,187.518555,228.232224,330.956177,0.938632
36,686.063965,179.310974,738.252441,227.942810,0.912999
36,521.406067,181.753815,573.523254,213.897186,0.898288
36,566.722900,179.971405,596.252808,206.414673,0.831253
36,418.068420,181.675659,515.712463,229.768005,0.817275
36,613.575378,182.237350,630.099426,198.562820,0.707045
37,0.326725,192.141907,124.338898,320.078369,0.930435
37,660.547119,178.942749,711.708374,226.918488,0.908203
37,373.389832,182.934143,478.291138,234.490997,0.906710
37,486.965088,182.611099,541.637573,215.344223,0.905513
37,535.049011,180.735153,564.981750,207.695450,0.762618
37,583.790894,182.213394,601.737671,199.558273,0.675348
38,327.511322,184.768616,443.127472,240.026123,0.936162
38,638.892395,178.967041,688.316467,225.982147,0.905808
38,455.270660,183.452026,512.923157,217.717773,0.902817
38,506.463562,180.858353,540.563171,209.608688,0.809582
38,557.314087,182.329391,576.010376,200.199051,0.762107
38,535.539185,180.182098,562.095459,203.741852,0.754365
39,278.658264,186.509201,409.065979,246.651840,0.929157
39,425.865906,184.728882,486.669922,220.162109,0.913549
39,618.968201,180.196823,667.929993,225.844315,0.892400
39,536.124634,184.803192,553.589844,201.725220,0.750037
39,480.840881,182.150726,516.398010,211.894501,0.709913
39,511.167084,181.394592,540.786560,205.612488,0.699879
40,228.446655,186.456451,375.664673,253.234283,0.931491
40,398.505127,184.584274,463.008545,222.555283,0.919446
40,604.018311,179.582581,651.075195,224.914520,0.897597
40,456.183899,182.412140,493.854736,212.697937,0.799532
40,517.184204,185.663391,535.610962,201.757935,0.750083
40,490.597321,180.446426,522.287048,208.133408,0.623090
41,170.458710,187.600632,341.913849,259.960571,0.932137
41,590.979126,179.559601,637.402832,223.871704,0.907880
41,371.117035,185.272522,440.580048,225.354828,0.904365
41,436.012573,182.489716,477.382202,214.176666,0.852560
41,500.884186,185.177307,520.730347,202.538147,0.769945
41,473.558044,180.946487,503.444397,206.402023,0.658063
42,107.979965,189.678925,308.099731,270.566193,0.943073
42,345.128510,185.862854,421.860199,228.156982,0.917642
42,580.369934,180.314178,626.327209,224.192627,0.895199
42,416.694458,183.398300,462.627747,215.642166,0.814762
42,486.354065,186.122147,507.965027,203.582260,0.688650
42,457.331482,181.040695,489.101440,207.497391,0.583300
43,33.732613,193.841461,273.693848,283.807190,0.932061
43,321.444458,188.648682,405.493408,232.939667,0.911117
43,574.165100,181.352783,619.246399,224.618378,0.902898
43,400.870758,185.375244,449.169159,219.370789,0.813762
43,476.446442,187.892853,499.573029,205.549957,0.700857
44,0.904572,196.649811,235.187805,300.292297,0.943334
44,569.138306,181.899200,614.767944,224.274536,0.911963
44,387.151764,185.544220,439.979156,221.247192,0.846083
44,298.879242,189.291092,389.714264,238.621048,0.808803
44,467.336823,186.089722,492.734161,206.482422,0.725397
44,436.812378,183.156052,472.657104,211.482620,0.676229
45,0.235909,200.552551,190.666382,318.934265,0.946137
45,274.977936,190.681335,374.879181,242.236389,0.926523
45,567.781982,181.876984,611.853027,223.579224,0.909437
45,373.065460,186.049667,430.681061,223.601883,0.894590
45,462.262177,186.297836,489.371368,207.492996,0.765034
45,430.599243,183.851791,466.918152,212.790146,0.706013
46,248.520142,192.179260,359.949036,248.389374,0.922342
46,0.063873,206.184387,137.274231,310.810791,0.922225
46,566.394958,182.186844,610.079041,223.514328,0.900748
46,359.304047,187.260605,423.400970,227.616470,0.844875
46,421.978699,184.535294,461.934021,214.495651,0.803022
46,458.007446,186.527328,486.598816,208.781082,0.801225
47,217.599609,192.984512,342.447998,255.037796,0.935672
47,0.066982,241.176407,67.065781,321.116852,0.909338
47,566.291931,181.251663,609.027527,223.044815,0.894913
47,346.462921,186.864044,415.457001,229.025116,0.860109
47,415.924469,184.894455,455.614594,214.814804,0.765129
47,453.084747,186.900269,485.631683,208.331329,0.757779
48,180.492035,193.696625,322.584381,261.195160,0.942872
48,566.345154,180.806366,608.862122,221.609009,0.876557
48,330.984619,187.039246,409.159180,231.259735,0.872622
48,407.992126,184.591125,451.859985,216.017303,0.747764
48,450.272522,185.852493,482.825439,208.568130,0.720447
49,135.730164,193.713165,299.630463,268.228485,0.943524
49,566.763855,180.360062,608.846863,220.049057,0.904587
49,317.188416,186.682404,398.290100,233.852356,0.829498
49,445.810486,185.442352,482.016296,208.096252,0.682289
49,401.587402,183.884186,447.494263,216.872833,0.623799
50,78.863960,196.236511,271.746002,281.478607,0.939675
50,567.065674,181.285446,608.680786,220.372726,0.905489
50,394.318176,185.204285,442.472717,219.258270,0.868738
50,441.929047,186.761932,479.491669,210.594330,0.805594
50,297.237274,187.486008,387.191681,240.444443,0.725954
51,4.652199,198.999695,239.457336,296.210266,0.942536
51,567.549011,182.964417,608.439026,221.395111,0.898323
51,385.855438,186.546585,439.226532,222.040695,0.897606
51,438.252777,188.474426,477.267426,212.158844,0.838862
51,276.711243,189.925598,374.767273,244.647034,0.827969
52,0.313980,202.680038,196.118500,313.868408,0.935311
52,250.422592,190.795547,361.223267,250.263657,0.922154
52,568.021545,182.907043,608.553772,221.318634,0.896411
52,376.245941,187.087662,431.856110,224.919662,0.872953
52,434.698151,189.302673,475.005707,213.143433,0.832847
53,219.338196,190.109573,343.171265,254.869339,0.925960
53,0.335884,204.352432,142.484344,318.034363,0.913810
53,568.837524,181.370956,609.063477,219.866287,0.898740
53,365.449158,185.163971,425.124146,226.043579,0.897490
53,430.590515,188.103729,471.344666,213.125916,0.850119
54,0.091166,209.621658,63.641510,317.914429,0.930100
54,180.684509,190.542496,324.910461,262.171478,0.927970
54,569.288879,180.388123,608.733826,218.315399,0.888415
54,353.849060,185.113495,418.143860,227.561035,0.878975
54,426.281952,187.292496,469.831085,212.938126,0.874927
55,133.794144,190.267197,300.131714,271.199432,0.938215
55,339.553955,184.891418,409.355530,230.138092,0.911954
55,422.493439,187.248093,466.428986,213.845963,0.889948
55,569.905090,180.524445,609.294006,218.062531,0.888228
56,73.631111,193.581894,271.942108,285.099579,0.935791
56,570.398926,182.691635,609.444092,220.121078,0.895309
56,418.040955,188.885681,463.215271,216.800323,0.886474
56,323.677673,185.917862,399.198242,234.512741,0.872235
57,-0.746902,194.628540,236.702591,302.187653,0.940988
57,571.527710,185.036621,609.632080,221.116638,0.902321
57,411.325623,190.180588,459.174927,219.225906,0.899906
57,306.596313,187.944656,388.884766,239.868637,0.724622
58,0.419334,196.196762,191.533478,315.278809,0.945496
58,572.273865,185.751205,610.425964,221.956131,0.905249
58,404.895996,191.563019,456.598633,221.136169,0.900076
58,285.121643,188.956085,376.954712,244.506012,0.880227
59,0.192841,197.067490,135.004410,316.124054,0.918338
59,573.630920,185.243256,611.057922,220.386688,0.896482
59,398.541290,191.211945,452.214081,220.593842,0.895411
59,260.964111,187.637619,363.449951,247.767227,0.863294
60,232.245926,186.784332,346.384338,252.131683,0.909094
60,390.679626,189.067886,448.172363,220.852890,0.897582
60,574.599365,183.645172,612.054932,219.148163,0.895962
60,0.047560,199.816544,58.239159,320.991730,0.885031
61,197.064392,184.784851,327.562134,256.428680,0.941254
61,382.616119,186.550186,443.024994,219.933823,0.908738
61,576.097595,181.328705,613.871155,216.957336,0.903709
62,153.631042,183.891968,303.809570,263.611389,0.940915
62,372.449310,186.115097,437.842438,220.892014,0.911841
62,577.873596,179.811417,614.275330,215.154861,0.891227
63,97.699005,183.656158,275.504425,274.336639,0.945532
63,362.135651,184.829865,432.363861,223.316620,0.912071
63,579.742432,179.062500,615.682007,213.272430,0.896196
64,24.414841,186.009872,240.991470,290.103760,0.935051
64,350.180115,186.035675,426.947266,225.983917,0.917136
64,581.678223,179.515656,616.762695,213.208649,0.897045
65,0.343727,192.008270,196.268799,309.312103,0.937175
65,336.074219,189.155594,419.793701,232.498886,0.921124
65,583.335327,180.866669,618.836304,214.802673,0.887204
66,317.974060,192.047256,410.027222,238.240311,0.920524
66,0.063240,195.787872,139.012573,317.162628,0.902301
66,585.258667,181.685257,620.214722,214.785019,0.888800
67,298.231995,191.287064,399.551880,240.219925,0.929498
67,586.372864,179.606339,621.261658,212.864731,0.898991
67,0.248318,200.211456,60.899788,321.162445,0.888605
68,274.216095,188.383636,386.844818,240.524933,0.936760
68,587.800171,174.665146,621.934204,207.374985,0.903697
69,243.716400,185.866653,371.386139,244.886826,0.933738
69,589.168335,171.638168,622.737305,204.284439,0.906608
70,206.564362,188.763992,352.456573,254.419235,0.929780
70,589.661316,173.162949,622.568054,204.774582,0.876810
71,159.572540,196.390976,329.995331,268.655212,0.927447
71,590.003540,178.372711,623.263916,209.855774,0.881391
71,524.114685,176.129364,536.179871,185.649048,0.515479
72,97.657127,202.049988,301.926270,282.855316,0.931513
72,590.082886,182.248230,623.126221,212.934540,0.898565
73,15.483292,204.192032,266.037170,299.199036,0.913788
73,589.787231,182.548508,621.969238,212.957657,0.887205
74,0.443161,205.743103,220.668213,315.602356,0.944059
74,588.677551,180.584198,621.634705,211.324463,0.905006
75,0.170876,211.796936,160.743652,314.193604,0.888917
75,587.909363,179.477768,620.078674,209.635025,0.885042
76,0.027580,234.187378,77.978859,324.162048,0.902202
76,586.797485,179.001251,617.912842,208.640533,0.886161
77,585.750000,179.820877,617.242310,209.732803,0.882592
78,584.700317,179.732529,616.079102,209.135452,0.882607
79,583.296753,179.351608,614.389893,208.529922,0.895509
80,582.303345,179.235733,613.265869,207.283920,0.899893
80,505.020935,177.377045,515.559021,187.287598,0.539346
81,581.212830,176.933334,611.693298,204.756943,0.897733
82,579.020325,171.945038,609.635559,199.905762,0.903675
82,501.868439,170.575836,512.981323,181.660675,0.594678
83,577.956909,169.392075,608.071045,197.321213,0.890379
84,576.505920,169.341293,606.027771,196.932663,0.896784
84,498.686615,169.794769,510.139374,179.394409,0.503474
85,575.818420,170.547073,604.958069,197.689468,0.915611
86,575.185730,172.226242,604.129700,199.884232,0.902661
86,496.336853,173.738937,507.145996,184.285172,0.553895
87,574.983337,174.463776,604.287659,202.215332,0.898278
87,495.924622,174.352203,508.546631,186.599762,0.566151
88,574.946228,177.753571,603.986023,204.563416,0.872591
89,574.922607,179.382477,603.249756,206.214752,0.869941
90,574.539185,178.792603,603.043823,205.677643,0.885716
90,493.509430,179.030045,504.826447,190.546036,0.523491
91,574.588867,178.726288,602.970093,205.070160,0.885778
92,574.556946,179.933914,602.227966,206.045029,0.880850
93,575.212891,181.959778,603.287598,207.686432,0.890231
94,575.374451,183.521927,603.938904,209.573196,0.861549
94,490.927124,184.511215,503.557922,196.382645,0.525372
95,575.969727,184.004425,604.343994,209.711639,0.874689
95,490.519745,184.373337,502.407440,196.438065,0.573095
96,576.611877,182.889160,604.955750,208.808716,0.879001
96,489.403015,182.975037,502.448792,195.245117,0.525630
97,577.236084,181.346619,604.915771,206.771271,0.887821
97,488.206696,181.241287,501.921295,193.665695,0.610122
98,577.921509,180.612274,605.493774,206.171967,0.900991
99,578.729004,180.314590,606.109375,205.674850,0.907176
99,487.113220,179.910889,501.189941,193.271149,0.704305
100,579.392212,179.480957,606.726929,204.495789,0.898830
101,579.625488,177.822784,607.715210,203.097382,0.888167
102,580.998413,176.638824,608.017090,202.898407,0.894827
103,581.662659,176.785187,608.688171,202.883545,0.887875
103,508.721497,176.172073,527.867493,191.266098,0.602101
104,582.948303,177.312592,608.980042,202.194000,0.890157
105,582.825317,176.145752,609.881714,201.373199,0.884531
106,583.358154,174.934784,610.827148,200.547699,0.875958
107,583.779968,173.719818,610.733826,199.029907,0.861569
108,583.229187,172.579437,611.507141,197.190155,0.878266
108,500.065857,175.128998,518.438171,190.202332,0.627764
108,555.885559,172.536179,566.258606,182.713150,0.544093
109,583.683960,171.831390,611.778809,197.152954,0.871576
109,497.412598,173.895828,517.502502,190.278366,0.534637
110,583.928894,171.818451,612.209045,196.824585,0.892425
111,584.201416,172.671295,612.227905,197.523468,0.885321
112,583.969116,173.880447,611.807129,199.025345,0.877350
112,486.839813,177.172913,511.663666,195.530945,0.769842
113,583.372864,175.183395,611.934143,200.334610,0.889614
113,482.174133,177.955795,507.811584,197.184067,0.617982
114,583.807861,176.323471,611.707031,201.228409,0.895129
114,477.910187,178.973648,503.489166,198.787704,0.707855
114,556.207092,177.996246,566.850037,187.549225,0.551492
115,583.178711,178.267090,611.417847,203.809601,0.894071
115,473.012054,181.097351,498.795319,202.577606,0.586954
116,583.272034,180.037354,610.693542,204.825867,0.897600
116,467.198761,183.314453,495.279999,204.777893,0.784988
117,583.055115,179.404648,610.695496,204.240646,0.899248
117,460.332611,181.349777,490.657440,205.300888,0.777298
117,555.093689,181.237503,567.395691,190.984726,0.629019
118,583.245667,178.225494,610.645325,203.132843,0.874262
118,452.356323,180.708267,485.336426,205.541794,0.752395
118,554.977722,179.170624,567.950012,190.014618,0.710582
119,583.361145,178.396164,610.657654,202.913010,0.888860
119,554.972778,178.984009,567.264526,189.715790,0.671921
119,442.065521,180.483322,479.407867,207.313583,0.669745
119,418.233459,177.457687,448.283691,204.725754,0.599743
120,583.275574,178.925293,610.832336,203.566742,0.891870
120,555.317139,179.696014,567.026245,190.346008,0.674540
120,433.111053,181.759460,472.936005,209.198456,0.636649
121,583.475037,179.995911,610.944763,204.293762,0.896754
121,421.281219,181.703720,465.524261,212.722641,0.753776
121,555.506592,179.604691,567.083252,190.649704,0.681631
121,400.892120,176.892426,437.548798,206.183441,0.603217
122,584.176636,179.302261,611.490967,203.362778,0.878655
122,408.000031,180.615128,455.463959,212.354263,0.786364
122,555.568665,178.529495,568.520203,190.120285,0.716911
122,390.588806,175.875656,429.645569,208.051529,0.647190
123,584.634338,176.066666,611.714294,200.588028,0.877332
123,389.687256,178.562180,445.913391,214.533646,0.733715
123,555.602051,175.083710,569.463135,186.170746,0.727491
124,584.810669,173.773315,611.863281,198.675659,0.880538
124,556.428284,174.044952,569.107849,185.344910,0.694441
124,370.012329,178.660934,433.361511,216.370071,0.621579
124,506.755798,177.593643,522.283752,189.220963,0.554187
125,345.695038,174.853577,419.516754,223.926147,0.898911
125,585.344177,176.268631,612.759583,200.109665,0.877712
125,556.493347,176.045746,569.290466,186.804413,0.708657
126,585.586243,176.228729,613.095276,200.603058,0.878157
127,586.513367,174.671906,614.119446,199.775391,0.863355
127,558.331421,174.157211,570.812012,187.304123,0.722006
127,271.892731,179.599945,377.390839,238.269318,0.717403
127,500.599213,180.129242,518.020996,192.966309,0.595842
128,219.156891,182.268906,345.053436,250.865311,0.892177
128,587.821899,175.036087,614.552246,199.953568,0.854392
128,558.931580,175.026733,571.237488,186.731628,0.715354
128,296.636627,171.914978,361.760284,221.264709,0.653583
129,138.955627,182.820282,304.264282,264.194031,0.924891
129,588.036255,174.921295,615.239990,199.807983,0.874459
129,266.703674,170.918427,341.614258,228.244873,0.786170
129,559.350769,173.977966,571.485413,186.393219,0.756036
129,497.377502,180.122437,516.161987,193.620911,0.630502
130,15.308067,182.968964,249.946045,285.810333,0.895942
130,588.415955,174.888535,615.670105,199.487076,0.874379
130,225.165573,170.002441,317.157806,235.115417,0.806366
130,495.873901,178.861450,517.017395,193.271515,0.669524
130,560.385986,174.566742,571.989746,186.363647,0.564006
131,0.417694,183.704666,161.729187,316.333679,0.905939
131,588.643921,174.035217,616.394287,199.400330,0.862720
131,155.660248,169.502319,286.191437,246.355194,0.652904
131,493.762573,178.631348,513.918152,193.658264,0.626616
131,560.689270,175.263626,573.250061,186.425949,0.577849
131,298.236084,182.857086,311.212463,194.168518,0.565195
132,589.318298,173.794632,616.232239,198.905380,0.843111
132,0.039983,218.479492,19.959251,292.496399,0.691415
132,83.149796,168.921890,245.589401,259.407990,0.686161
132,561.078247,174.270081,574.919922,186.216858,0.642576
132,490.745087,179.266678,510.012421,194.110306,0.636380
132,295.735840,183.378845,310.033752,195.423035,0.549830
133,589.440735,172.926559,616.716614,197.423935,0.878548
133,0.122444,168.386719,194.382355,273.779358,0.861702
133,291.621857,183.022781,308.168365,195.173904,0.737163
133,561.280640,174.644501,575.456055,187.218658,0.636354
134,0.110298,169.193054,126.797981,275.472290,0.888424
134,589.980957,173.526596,617.015137,198.175095,0.863750
134,289.269348,185.125854,305.371460,196.729950,0.721785
134,561.794006,173.801056,575.458435,187.318512,0.655247
134,505.266357,178.823181,521.985718,192.790161,0.612755
134,483.112854,181.373138,506.729309,195.937134,0.560201
135,590.103882,176.715958,617.237427,201.488876,0.872761
135,0.167147,180.729355,28.398554,286.085632,0.846539
135,285.516937,188.526978,302.823639,200.048370,0.757804
135,562.355774,177.056717,576.318542,190.851974,0.727441
135,480.024445,182.637466,505.756134,199.625168,0.703998
135,504.175751,182.865860,522.370239,196.189713,0.585823
136,589.629883,179.525024,617.576050,203.957489,0.886674
136,562.071106,179.788879,576.940979,194.313721,0.789119
136,476.064911,185.425064,499.521820,203.323837,0.786689
136,282.688446,190.126495,299.670074,202.686859,0.708966
136,500.591675,184.773499,517.837280,197.988708,0.656600
137,589.644165,180.527405,617.723145,204.789612,0.883448
137,471.165131,186.111786,497.136383,205.189178,0.806261
137,277.987640,190.993454,297.430450,203.407120,0.728167
137,498.438782,184.645340,517.009338,199.747726,0.701827
137,561.481384,181.352753,576.146057,194.142426,0.700460
138,589.170959,180.759918,617.833435,205.007111,0.888927
138,465.364288,186.258499,492.242096,205.702744,0.816033
138,273.008667,189.932861,292.898804,203.319916,0.779634
138,561.545288,182.092102,576.101562,194.051636,0.748629
138,495.518524,184.538879,515.920715,200.026550,0.732920
139,589.041260,180.627502,618.119141,205.483276,0.889959
139,458.018158,186.776047,488.219940,207.678879,0.786265
139,493.527618,185.912491,512.579529,201.080460,0.781107
139,561.516174,181.951126,576.104919,194.308090,0.724655
140,588.447876,179.393723,617.585571,204.439102,0.889335
140,449.467316,184.768112,482.618927,207.766861,0.830863
140,490.757385,183.812881,509.798523,200.206619,0.764100
140,560.473877,180.744019,575.109497,193.931305,0.712703
141,587.859192,179.377029,617.298157,204.448044,0.890542
141,440.806946,184.684769,477.402344,208.705429,0.806802
141,485.575378,183.338181,507.247009,200.365463,0.735379
141,559.869141,180.565094,575.041992,194.136597,0.685316
142,588.079895,180.073593,616.476624,205.278397,0.880965
142,430.692871,185.793945,469.956787,210.593048,0.840247
142,252.225311,187.292450,269.631927,200.830841,0.785154
142,559.622986,181.336380,575.368347,193.947220,0.719499
142,481.237030,183.605621,504.154144,201.139496,0.655674
143,588.666504,178.662796,616.261597,203.248428,0.892058
143,419.002533,183.673767,461.316132,210.615845,0.882296
143,558.479675,177.973495,575.221985,192.689896,0.773902
143,247.260117,185.669098,266.119476,199.113800,0.767952
143,476.990051,180.419785,500.373474,199.681473,0.709158
143,497.502655,179.584869,513.558716,193.212799,0.518239
144,406.619293,182.493195,453.772552,209.530670,0.894080
144,588.245117,175.160828,615.767456,200.524353,0.873902
144,471.644165,179.369843,495.778015,197.492371,0.779105
144,241.156555,182.325760,260.704285,196.767014,0.718269
144,558.838806,176.783554,572.041321,189.186844,0.567645
145,389.039886,180.889618,442.938812,210.878113,0.906770
145,588.003357,173.835495,615.104309,198.196884,0.884046
145,466.907806,177.462234,492.737396,196.702042,0.777532
145,557.700684,173.377502,573.480591,187.377991,0.709718
145,492.926605,175.895905,508.414825,189.926575,0.702677
145,235.371582,180.941467,253.896576,195.113739,0.679177
146,370.562622,181.570175,428.817688,214.504044,0.921584
146,587.661133,173.647705,614.938354,198.125916,0.884878
146,459.529633,177.872452,488.157623,198.286301,0.837822
146,229.291656,181.109207,248.173676,195.879959,0.775080
146,557.030823,173.066284,573.128479,187.703827,0.684383
146,488.088165,176.144226,506.461273,190.086884,0.670172
147,346.646332,183.298553,414.683380,219.998932,0.914354
147,587.257080,173.855759,614.543945,198.448471,0.867886
147,452.491974,178.282257,483.991608,200.520416,0.859004
147,485.114746,176.225571,503.533447,192.003220,0.753405
147,556.532166,174.891891,573.609924,189.201645,0.742387
147,502.633057,172.917572,517.392151,186.100586,0.600712
147,222.421097,182.550034,244.416550,197.553421,0.560467
148,317.768341,187.474960,397.589020,227.459244,0.917094
148,444.239258,179.784531,479.763123,203.279129,0.878859
148,586.911987,174.323090,614.383179,199.263214,0.874539
148,215.951157,186.241714,235.210953,200.526627,0.784881
148,481.319305,177.310318,501.173370,193.774826,0.746480
148,245.225464,186.762299,259.010864,196.426483,0.704934
148,555.982056,174.526733,572.601318,189.799469,0.677184
148,255.723251,182.942139,275.327637,194.439911,0.578995
149,282.253235,190.493942,374.703857,237.176376,0.936912
149,435.552368,182.236053,473.492798,207.120819,0.871160
149,587.039490,175.217514,614.194641,200.975052,0.869129
149,555.300476,176.298141,572.785950,191.928360,0.807975
149,478.637817,178.767563,499.151672,196.462021,0.679831
149,241.769775,190.412506,255.678741,199.522705,0.657336
149,209.563721,187.384613,231.356018,203.463074,0.593096
150,235.860992,194.971924,348.257782,248.561951,0.935754
150,425.977570,184.561386,467.162445,211.057571,0.874664
150,587.342773,177.287766,614.681152,202.363419,0.872568
150,204.337341,189.748291,226.432648,207.197571,0.804612
150,238.212219,192.217514,252.120514,202.151352,0.764461
150,474.564697,180.910400,497.172668,198.778870,0.728882
150,555.234436,177.340820,571.774475,193.860474,0.701065
150,496.289429,177.695633,515.917053,193.336502,0.613066
151,170.129822,195.948517,311.645172,261.344971,0.940724
151,413.744232,184.014267,459.063324,212.394913,0.877170
151,586.691528,176.189011,614.368774,201.756149,0.865442
151,554.678284,176.855484,571.826233,193.646469,0.776975
151,471.364136,180.524200,494.432556,199.183075,0.708874
151,196.318115,190.134262,219.407257,207.134659,0.704621
151,493.417328,176.152634,513.967407,191.742844,0.582151
152,77.109894,195.765991,266.786224,270.487305,0.937492
152,398.471558,180.186218,448.545532,210.715057,0.889524
152,585.003479,171.891754,613.969910,196.441559,0.862250
152,553.601624,172.979889,571.887024,189.335815,0.725998
152,228.439468,186.900330,244.123825,196.746552,0.711248
152,465.441437,175.679138,490.266266,195.223816,0.672695
152,491.901184,171.743271,509.869507,188.251236,0.598971
152,247.618469,182.302719,269.562439,193.767044,0.507607
153,0.298370,198.208740,201.010223,294.869080,0.945844
153,381.899872,179.132050,436.662811,212.012177,0.917055
153,584.896973,169.508163,613.654785,194.970596,0.884550
153,223.000732,184.427490,238.484772,194.468567,0.755187
153,460.154114,173.224960,486.182434,194.456924,0.735676
153,182.110474,183.686691,204.722900,200.993576,0.710941
153,552.131714,171.037476,569.504517,187.499542,0.687691
153,568.570374,172.445724,585.993591,188.366257,0.681710
153,488.160126,170.094727,509.798553,186.486115,0.676324
154,0.082932,206.195023,105.396759,303.504700,0.920520
154,361.744568,181.003036,423.820679,216.575241,0.903283
154,584.667847,170.996201,613.425537,196.137497,0.862767
154,218.007797,185.953964,235.266006,196.556503,0.796481
154,454.133331,175.074341,480.936005,197.177032,0.779791
154,171.990143,184.381439,197.624786,203.082184,0.669218
154,552.192322,171.756668,570.453918,188.357681,0.605319
155,338.078522,184.544662,408.668915,223.872360,0.920572
155,447.269867,177.521744,476.328522,200.251877,0.855234
155,584.735596,172.930634,614.254150,197.538269,0.819114
155,214.234421,188.818741,231.173935,199.818741,0.793629
155,164.847198,188.233078,191.005127,206.623215,0.775294
155,551.593689,174.651245,570.717590,191.076843,0.723497
155,482.360291,173.479019,507.493774,191.953690,0.511858
156,310.393616,185.670593,391.252563,231.297943,0.920901
156,439.942505,178.030731,473.123352,202.504211,0.870131
156,585.166809,172.783463,614.328186,197.718002,0.832124
156,209.778442,190.793015,226.551758,201.386185,0.789566
156,551.007629,174.601654,570.956482,191.783142,0.782882
156,156.868912,189.669907,183.976700,209.120071,0.671142
156,479.274902,173.053741,503.573853,193.874908,0.514474
157,270.986572,190.066757,368.757568,243.871658,0.932750
157,434.213654,180.358536,469.346039,205.925522,0.868871
157,586.621704,175.213898,614.760986,200.300201,0.866642
157,149.504715,193.046265,177.713058,212.303528,0.834706
157,206.733521,193.681305,222.156403,204.031067,0.747029
157,551.581848,177.677765,572.198059,194.986603,0.732216
158,222.166458,195.584793,340.788879,256.482483,0.940501
158,425.123535,184.033524,465.157959,210.890244,0.895926
158,586.828369,177.349915,615.892456,203.253754,0.887277
158,141.897385,196.937119,171.255417,216.481857,0.786846
158,551.675781,179.771729,572.374390,197.473053,0.779386
158,202.373322,197.428711,219.647644,208.561554,0.642260
159,154.057388,197.068512,305.532898,267.542175,0.945364
159,415.050537,183.308441,458.389343,211.940216,0.892127
159,587.204590,178.466507,615.227295,203.007645,0.878122
159,133.190002,195.193970,162.902771,215.011658,0.856772
159,551.172546,179.380051,572.425354,197.783218,0.824288
159,198.104156,196.016296,215.506531,206.696472,0.630125
160,54.928223,197.652206,258.583496,285.396790,0.942776
160,403.565857,181.842117,450.185120,213.315231,0.886855
160,587.525635,177.091980,615.181274,202.190460,0.862749
160,550.600220,178.190216,572.757568,197.724823,0.812906
160,122.945770,193.161087,154.551117,211.943527,0.803509
160,398.933411,184.745712,414.469788,199.509476,0.556792
161,0.290840,201.806915,190.847443,307.936371,0.945020
161,391.146210,179.797989,442.369049,212.937881,0.920019
161,588.153503,175.509918,616.299988,200.446594,0.860865
161,550.383179,176.992859,572.821777,195.986115,0.831934
161,187.723419,191.115860,204.192932,204.006729,0.739835
161,113.941826,190.519989,147.118027,203.666901,0.656328
161,462.249603,174.960693,490.139923,198.590149,0.548324
162,0.140938,209.627441,91.363358,307.085144,0.933170
162,375.879456,180.371674,431.285339,216.539398,0.902217
162,103.938538,190.085403,137.930923,211.764267,0.876829
162,588.564697,175.242905,616.836548,201.220566,0.874271
162,549.903564,176.799072,572.196899,196.131134,0.831201
162,183.062225,191.136124,202.102753,203.900253,0.654468
162,457.354919,174.488647,487.027039,199.894318,0.587745
163,356.069885,182.880600,418.689209,222.129501,0.894449
163,588.471130,177.671555,616.838806,203.111313,0.878288
163,549.158752,177.574326,573.202209,199.613113,0.852505
163,92.689278,192.769669,129.285400,214.051682,0.801391
163,497.559784,181.825867,512.761475,194.601349,0.549393
164,332.519623,183.285126,403.827972,228.013306,0.928306
164,588.384155,178.474792,616.514282,203.994751,0.884430
164,548.242737,179.596481,573.743469,200.771896,0.822561
164,82.282600,191.916992,118.824944,214.752014,0.788734
164,172.447754,193.055542,190.658051,205.571106,0.735908
164,446.964355,177.178955,480.002197,204.088593,0.713034
165,303.455139,182.967560,386.656555,232.622650,0.921672
165,70.189545,191.285843,108.210999,213.943619,0.886587
165,587.726318,177.747284,616.916504,203.001007,0.876407
165,546.634338,177.972794,572.216614,200.297745,0.827020
165,440.576996,175.955612,476.839508,204.592545,0.803606
165,166.097626,191.650482,184.824615,204.149994,0.787717
166,267.454559,183.289734,364.222443,238.527649,0.934313
166,587.902283,178.205368,615.605774,202.951706,0.871044
166,57.040070,190.772446,96.592346,214.168442,0.862677
166,546.124268,178.482864,571.905273,200.899094,0.848677
166,159.800568,191.540634,176.217285,203.901291,0.752832
167,219.716675,184.535721,337.376831,248.240860,0.950152
167,587.739197,178.319305,615.365540,202.687347,0.891844
167,43.996475,191.336182,86.029053,214.455688,0.876047
167,544.885620,178.574600,571.382446,201.080795,0.858865
167,152.854202,192.132614,167.089371,204.455307,0.715236
167,486.563416,180.453293,506.605713,195.834885,0.568467
168,155.442429,182.883484,301.528503,258.185455,0.949300
168,543.460754,176.881104,570.397400,199.444702,0.873151
168,586.281128,175.576767,615.063232,201.153061,0.854916
168,29.697281,188.529785,73.465836,213.567902,0.821572
168,145.872284,189.971481,169.807404,202.811356,0.782093
168,482.518677,178.475372,502.451660,194.816528,0.637620
169,64.140137,181.227524,254.114258,271.897827,0.951482
169,541.967896,172.911301,570.277222,196.697250,0.888113
169,586.070679,172.116669,614.031128,196.718567,0.879884
169,13.607798,186.637695,60.386406,211.735352,0.850379
169,479.022980,174.665436,501.114532,191.854523,0.696315
170,0.245674,183.127686,188.248535,292.229797,0.946928
170,585.305359,171.075302,613.859436,196.386276,0.899154
170,540.582520,171.522064,569.572510,196.647125,0.877617
170,473.851135,174.560242,498.744507,192.878113,0.764959
171,0.219139,190.178528,92.185066,300.043945,0.924763
171,538.326904,173.200562,568.056274,198.758667,0.876147
171,584.683044,172.566605,612.704773,197.411484,0.867738
171,125.958160,188.276855,148.264282,201.378357,0.780290
171,468.625977,176.986160,492.775696,195.090347,0.551604
172,535.729553,175.962479,567.044617,202.771317,0.898717
172,583.667664,175.176575,612.328918,200.422577,0.843051
172,115.690407,191.171112,141.022812,205.213837,0.824467
172,463.445465,180.255737,489.834442,198.513000,0.766638
173,534.177429,179.155594,566.383606,205.488693,0.892988
173,583.606750,177.663635,610.541443,201.614410,0.845090
173,107.123138,194.429214,132.809647,208.248734,0.818656
173,457.240936,182.144150,487.989349,202.104568,0.772672
174,531.094604,178.696594,564.883789,206.535797,0.888800
174,98.013733,194.821564,124.464783,209.157410,0.848330
174,582.401978,176.659973,610.657227,201.749176,0.840458
174,450.554047,181.012604,483.515167,202.929230,0.797853
175,528.339172,175.761139,563.372864,205.513550,0.909543
175,88.740234,192.810150,115.812042,207.512756,0.866351
175,581.814270,175.225143,609.528015,199.528732,0.846526
175,442.647034,179.270386,482.368347,201.934723,0.731421
175,562.014282,182.510651,582.662964,199.709503,0.542104
176,581.335327,173.684326,608.942139,197.950043,0.869590
176,79.112495,192.689484,107.209877,207.025848,0.856072
176,525.511902,174.766708,562.007874,205.779190,0.852936
176,434.989014,180.104080,466.273621,202.174881,0.845329
177,522.064575,175.130630,560.377686,206.529037,0.904535
177,426.252502,181.046036,461.086975,204.238846,0.885926
177,579.846924,173.734283,608.816895,198.684113,0.872329
177,68.512413,193.593872,97.511147,208.856262,0.845937
178,519.240540,175.754913,558.562439,209.868042,0.914322
178,578.751038,173.942291,607.696106,198.904938,0.853649
178,57.914577,195.705109,83.211082,211.061584,0.842634
178,415.648651,182.234497,455.120819,206.043182,0.842094
178,447.710022,179.622665,466.614807,198.667007,0.722401
179,514.931335,176.935577,557.169739,212.301849,0.903157
179,578.379944,175.169998,606.842102,199.906509,0.881722
179,404.013275,184.186554,447.588531,210.205780,0.856562
179,48.293533,197.548615,68.610626,213.728302,0.837453
179,440.012146,180.924866,460.826782,199.742920,0.717822
180,511.421539,179.261780,555.192017,216.127197,0.909974
180,577.841919,177.452164,606.708252,202.481979,0.886196
180,391.946228,187.445099,427.663025,214.676666,0.839348
180,432.045166,184.035522,455.912292,203.279297,0.733649
181,506.751770,184.586594,552.791199,222.387772,0.918824
181,577.977112,181.582764,606.457825,207.016174,0.864956
181,377.437561,191.966385,419.340759,221.504318,0.831465
181,422.464417,188.657257,447.788086,209.077850,0.632170
182,502.935730,184.794205,551.925598,226.912735,0.927833
182,358.997925,193.578934,415.621094,226.849258,0.893407
182,578.054626,183.542511,605.987488,208.923065,0.883265
182,413.745972,190.240875,442.648865,211.736420,0.719649
183,498.336273,185.711182,550.205627,229.475464,0.927835
183,339.219635,194.990250,402.029449,229.421402,0.876517
183,578.337585,183.836197,606.562805,209.451157,0.758607
183,402.343445,190.643356,436.936340,214.047745,0.756726
184,494.089508,183.964050,548.872681,228.571289,0.929818
184,316.315918,192.113708,387.585388,230.860962,0.918820
184,578.097961,181.619141,606.977722,207.364899,0.808635
184,392.654694,188.038879,429.907257,212.498322,0.756033
185,488.290253,180.156494,546.485107,228.727478,0.933061
185,287.433807,190.157120,370.551483,233.310654,0.914518
185,578.536377,179.183914,606.569214,204.578171,0.891921
185,380.302185,185.311844,421.296692,210.814316,0.517616
186,482.257782,178.189285,544.549377,229.984146,0.935838
186,252.444092,189.567810,348.364990,237.765808,0.924538
186,578.672913,176.417068,606.753967,201.661819,0.849501
186,368.551788,184.675430,409.882660,210.901901,0.743977
187,208.286377,191.409424,323.741333,248.120544,0.937263
187,475.556213,179.260712,542.884277,233.989624,0.935010
187,579.991821,177.190598,607.231934,201.754898,0.849408
187,354.266327,185.039886,394.504364,213.908112,0.836001
188,469.405884,180.902557,541.312988,238.214142,0.932310
188,149.069641,195.391006,291.553833,259.198120,0.928632
188,582.224365,178.773285,608.973633,202.958405,0.881766
188,338.152161,186.607391,388.769531,218.778442,0.791967
189,67.945717,198.606537,249.559326,275.241852,0.939630
189,460.611267,180.655411,538.794312,243.640854,0.938851
189,318.388947,187.775055,374.370697,222.104340,0.878529
189,582.938843,178.087769,610.300537,203.035065,0.869706
190,0.073105,200.054611,191.238052,295.543701,0.947750
190,450.450775,180.247314,535.754822,247.172607,0.938018
190,295.923523,186.505249,361.691956,224.718658,0.882795
190,583.712280,177.627121,611.573730,202.017563,0.877292
191,437.347656,177.890778,531.420654,251.831635,0.943229
191,0.076950,197.671402,112.016754,298.509949,0.925250
191,266.766907,185.769455,342.344238,225.994431,0.920297
191,584.404175,174.771698,612.032837,199.553741,0.872038
192,422.380890,176.170059,527.101746,256.663513,0.941860
192,233.615067,184.095886,319.688446,229.251312,0.893936
192,584.567200,172.176056,612.846497,197.604523,0.877118
192,524.457520,174.244736,539.158691,185.690903,0.538986
193,403.839661,176.343170,521.216736,266.362671,0.942052
193,191.009354,186.173630,290.240845,237.957657,0.852421
193,584.865356,171.864807,613.729736,196.877228,0.851331
193,521.929077,173.992905,537.012207,184.803360,0.716382
194,381.153931,179.020569,514.228516,278.817688,0.946965
194,136.537354,192.562347,256.067505,251.096527,0.935514
194,586.258972,174.307053,613.709167,199.188370,0.883686
195,351.510193,183.302795,506.108582,296.589569,0.947041
195,63.943207,197.707657,212.356323,266.564819,0.938707
195,587.028503,176.680573,616.113098,202.806671,0.859174
195,520.323425,180.466431,536.687195,192.558411,0.700382
196,313.368042,184.204712,496.279236,313.791687,0.944336
196,-0.043015,201.072983,155.907623,280.904083,0.942036
196,588.849182,177.423279,617.433411,203.543091,0.893448
196,460.056610,182.777405,487.901398,204.638153,0.697800
196,520.208618,181.016235,535.737671,192.324860,0.652200
197,258.819580,180.596924,483.001892,334.438049,0.947346
197,0.052650,200.644928,78.441216,278.693512,0.926716
197,451.995453,179.645981,485.899994,201.808945,0.821490
197,590.729065,173.769638,618.306335,199.782089,0.808948
197,518.434692,177.211411,535.033569,188.798569,0.527935
198,179.494537,176.672684,467.931183,364.897034,0.945624
198,444.738617,176.832016,480.133026,199.116592,0.829773
198,591.583984,170.381653,620.356201,196.444977,0.777064
198,517.032410,174.498489,533.139832,185.379562,0.744631
199,47.637726,178.147141,444.662170,370.173584,0.955285
199,593.749695,170.421326,621.592102,196.639160,0.854154
199,435.859467,177.685944,474.334381,201.766327,0.820913
199,515.595093,175.340195,532.660767,187.111954,0.607680
200,-0.126129,180.429688,413.037811,370.366516,0.957718
200,428.117401,180.411209,468.062531,207.464279,0.849378
200,595.115601,173.410629,623.930542,199.514603,0.835440
200,512.407288,179.024902,532.673645,192.599243,0.612444
201,0.530716,191.638016,363.471069,370.101990,0.958820
201,597.382507,175.951965,625.557434,201.555054,0.856119
201,416.590698,184.530502,463.167480,212.863235,0.824444
201,234.274429,198.526169,296.380341,245.111893,0.528844
202,0.157272,218.525757,284.352600,370.235901,0.949300
202,81.838737,200.937943,250.525238,272.734680,0.882416
202,598.747192,175.080933,627.189453,200.642365,0.845909
202,405.197266,183.175415,452.845032,212.881866,0.700364
202,509.577667,180.065567,531.196045,192.490128,0.646181
203,0.103279,206.736664,186.483673,296.352295,0.907129
203,600.154907,174.101883,628.872681,199.949265,0.868674
203,390.695831,183.646698,442.625336,215.504608,0.852005
203,504.461151,179.191254,526.980896,194.832153,0.776443
204,601.444580,176.510406,629.750122,202.697235,0.902966
204,372.433960,188.129852,429.417419,220.356537,0.836538
204,499.833008,181.678833,523.577026,197.807495,0.756077
204,21.798492,214.706787,80.385216,294.941010,0.754051
204,404.681702,185.233627,432.488098,207.443283,0.615680
205,348.403351,193.403519,415.359406,228.766922,0.911734
205,494.481720,186.015259,519.652832,201.828766,0.794142
205,601.651978,181.462875,630.104126,207.307785,0.765512
205,401.395325,188.430969,419.489868,212.245148,0.563067
205,530.502075,184.822311,542.617432,194.167068,0.521798
206,602.075989,183.753555,630.187317,210.066727,0.870733
206,320.124084,197.277084,394.613159,237.708572,0.863258
206,364.960968,190.919754,403.950653,220.744278,0.800269
206,489.945038,189.281815,515.406494,205.380325,0.795610
207,283.519714,196.259155,373.288757,240.903198,0.898913
207,342.540466,189.414108,388.788086,221.973068,0.882507
207,483.693817,186.700531,510.076813,203.830963,0.873029
207,601.939392,181.909119,629.960388,207.783478,0.848247
208,239.154190,195.003860,345.001038,245.931442,0.931348
208,315.568481,186.554642,368.853699,222.585098,0.901065
208,601.926941,178.453812,630.006165,204.066422,0.889931
208,475.806335,183.239563,504.761230,201.606384,0.839993
208,523.816040,182.733673,536.959473,192.168060,0.583611
208,544.819763,181.082031,556.039612,191.255005,0.564299
209,178.540558,196.345764,309.861267,255.999451,0.932906
209,280.665649,186.732697,343.734863,229.840332,0.918167
209,602.312866,178.768951,629.813965,203.824890,0.898272
209,468.184326,183.386017,497.597961,201.551392,0.832122
209,31.174326,198.327957,57.319420,211.895798,0.678678
209,521.625610,181.492279,536.109253,192.113220,0.671972
210,95.090111,199.505280,268.941223,270.209839,0.939222
210,235.090134,188.659683,317.135468,235.035233,0.902609
210,602.070679,177.579010,630.020142,203.279938,0.901424
210,459.482025,182.599945,490.347748,202.975128,0.852767
210,519.326477,181.405304,534.194763,191.513184,0.566001
210,542.400452,179.891876,552.941589,189.900269,0.556062
211,0.434792,202.893127,197.735443,289.332672,0.934909
211,172.675995,188.778625,277.862122,244.201050,0.923833
211,601.436035,177.322266,629.681030,203.668823,0.894756
211,448.273773,182.522675,483.027374,204.807495,0.742158
212,93.261215,189.239151,230.862839,254.576981,0.932354
212,0.222916,206.370605,105.259674,296.583282,0.916652
212,600.456543,176.467880,629.060425,202.695786,0.903145
212,437.477966,181.177078,473.645691,204.970566,0.852765
213,0.653145,191.244629,168.748688,270.335846,0.946122
213,599.277161,176.746140,627.769226,202.898819,0.896780
213,423.578796,183.012375,463.285889,207.038834,0.746693
214,0.164883,190.522171,86.430847,272.338257,0.917457
214,408.590729,180.808823,451.984039,206.095596,0.889742
214,599.246704,173.420212,627.312134,199.569168,0.856898
215,391.725739,182.545013,440.445160,210.254822,0.907930
215,599.186035,174.505295,627.295288,200.209427,0.822026
215,503.601685,178.759598,519.472839,190.471878,0.710336
216,372.299011,185.675949,426.584839,215.784866,0.915045
216,599.252136,176.755569,627.542908,203.379135,0.879589
216,499.818573,180.713638,516.894043,193.029709,0.768505
217,598.813843,178.616608,627.522705,204.035614,0.874603
217,349.227905,188.098328,411.114685,220.436646,0.816600
217,495.377716,182.333878,513.481140,195.831894,0.792817
217,528.051147,180.727615,545.806152,193.370316,0.622570
218,321.253296,187.925568,391.778992,223.510651,0.921716
218,598.896423,177.397720,627.184143,203.377792,0.862339
218,491.641785,180.734131,511.418274,195.133606,0.799973
219,286.890717,187.966217,368.670502,227.841949,0.924889
219,598.829712,176.348862,627.381470,202.524155,0.871225
219,487.243408,179.982483,507.604492,194.883179,0.828106
220,244.641266,186.616287,341.811920,232.671982,0.931131
220,481.776733,177.885895,504.465149,192.585327,0.838778
220,599.179810,173.298523,627.074951,198.974701,0.832881
221,187.891266,187.903992,307.047913,241.824066,0.940484
221,599.290405,172.099655,627.468384,197.962723,0.873306
221,478.244202,176.993439,500.828674,192.835785,0.827371
222,115.883667,192.958069,263.275299,256.314392,0.938180
222,599.515625,173.062836,627.380249,198.811249,0.864196
222,472.950562,178.663528,497.044373,195.951706,0.818958
223,11.705933,201.284698,205.233627,277.486816,0.936069
223,599.620361,176.645203,627.770020,203.189331,0.886976
223,467.570129,183.215759,492.635254,200.448242,0.790978
223,511.559357,181.541046,530.129456,195.775085,0.576976
224,0.043434,208.610077,124.361084,293.572540,0.923947
224,599.562134,179.750488,627.380127,205.937561,0.881163
224,461.698334,186.819962,488.052887,204.901779,0.819611
224,525.279358,184.795456,539.904236,194.649551,0.541482
225,599.157471,179.826309,627.310547,206.196609,0.882228
225,454.489868,187.368423,482.047668,206.184586,0.837760
225,499.475708,184.855103,521.978333,202.289001,0.797214
225,523.173279,184.176041,538.290710,197.092514,0.712015
226,598.709778,179.477203,626.585632,205.782959,0.889621
226,446.827942,187.307800,476.004272,206.774506,0.861706
226,494.924255,185.328918,516.325989,202.823303,0.707782
226,519.969604,184.668335,537.026978,196.677246,0.657377
227,598.327393,179.809998,626.442993,205.960785,0.895236
227,439.801270,185.906021,469.791260,207.745590,0.674092
227,517.416504,184.223114,534.317505,197.330933,0.614491
227,488.500153,184.297012,512.175415,203.710007,0.564095
228,598.308838,182.100739,626.312622,208.317200,0.890986
228,431.941956,188.590973,463.050415,210.456329,0.834844
228,482.218079,187.140625,508.770813,206.600159,0.816147
228,514.923340,185.753265,531.534546,199.996033,0.768940
229,598.234558,182.283417,626.377502,208.329315,0.890191
229,420.026703,188.484894,455.353485,211.324432,0.813585
229,472.697052,187.297989,503.165314,208.244827,0.805821
229,511.199219,185.741989,529.602173,200.536118,0.791607
230,597.831909,179.478897,625.415771,205.314224,0.902257
230,463.718323,184.373016,496.010864,207.480774,0.877746
230,409.550415,187.019592,446.512695,210.219879,0.856337
230,506.527802,182.660110,526.927063,198.486679,0.760793
231,396.464783,185.511749,437.637878,210.913116,0.897248
231,597.428711,178.002686,625.429443,204.295197,0.894813
231,453.852234,183.098663,488.621460,207.216339,0.875832
231,503.369843,180.776337,524.173218,197.557648,0.831120
232,381.386780,185.836166,427.087036,212.847580,0.908590
232,597.249878,177.796951,625.344849,203.970261,0.899364
232,498.919922,180.825119,520.398254,197.274216,0.852229
232,441.407562,182.954544,481.177155,208.920853,0.845040
233,364.881866,184.795410,414.599213,214.333527,0.909699
233,425.917297,182.683090,470.130859,211.927261,0.907121
233,597.261047,176.341309,625.319275,202.342316,0.897550
233,494.094757,179.703583,517.537415,197.588226,0.811011
234,345.983215,183.925491,400.568787,215.019669,0.908151
234,409.843445,181.213165,456.039062,213.032745,0.897050
234,597.054565,174.174316,625.565918,200.463013,0.886844
234,488.976135,177.896637,511.557983,197.315216,0.765984
235,389.373322,183.013977,444.059113,218.095306,0.914624
235,323.602417,185.606689,384.735596,219.591614,0.906436
235,597.379150,174.926071,625.266846,200.748703,0.883323
235,483.084991,178.828873,507.473236,198.137772,0.863571
236,362.329620,185.394958,428.267242,224.766327,0.924887
236,296.950562,187.910233,365.028015,225.488449,0.919881
236,597.195312,176.462906,625.446167,202.717117,0.899812
236,476.066711,181.454956,503.607849,201.441772,0.855329
237,333.270508,187.751068,403.967102,231.553894,0.926359
237,264.533966,190.179794,341.987152,231.462601,0.916845
237,597.237305,177.131500,625.537354,203.715393,0.904788
237,467.580139,182.509613,499.292847,204.779755,0.877313
238,289.328064,189.067230,380.910400,239.798401,0.933159
238,225.350800,191.775681,310.911835,237.852615,0.921011
238,597.201965,177.056000,625.435364,203.936096,0.900861
238,458.731140,182.900345,492.334717,206.098953,0.900073
239,234.520569,190.703262,346.892944,249.894821,0.939000
239,597.504395,176.778351,625.742310,203.428406,0.907857
239,175.722595,194.116470,267.629364,246.281235,0.902572
239,448.672943,183.027832,484.136200,207.622955,0.886508
240,152.981979,193.523270,299.309631,265.971191,0.945681
240,597.497253,176.187836,625.768616,202.751984,0.902972
240,436.356720,182.689056,475.503143,209.722595,0.850046
240,110.646194,196.074478,208.390274,256.451996,0.830131
241,27.045815,196.390945,234.537292,289.016541,0.940763
241,597.628418,175.230469,625.771118,202.093140,0.903924
241,423.071075,181.513809,467.247833,211.648087,0.903316
242,0.378464,201.145264,133.315887,308.819092,0.920480
242,597.459290,174.951630,625.987000,200.969238,0.893977
242,406.746582,182.005341,455.354980,214.504913,0.887005
243,385.652588,185.381836,442.524231,220.218414,0.903447
243,597.877319,176.327240,625.994751,202.441498,0.895631
243,0.032229,214.658081,25.067791,284.967529,0.876967
244,362.016113,187.908676,425.281616,227.048508,0.933691
244,597.819946,177.768555,626.080200,204.096802,0.906660
245,330.469727,188.666519,406.434448,232.724594,0.936064
245,598.045532,176.578720,626.006714,202.914566,0.890426
246,291.435577,187.496536,381.867096,239.001450,0.936770
246,598.087280,174.789719,626.242432,201.059830,0.893627
247,240.304199,191.568069,350.615540,250.807449,0.944648
247,598.328003,175.516968,626.687378,201.652161,0.897997
248,166.040070,196.510895,309.435577,267.294037,0.946044
248,598.255310,176.513687,627.066589,203.322006,0.904914
249,56.141716,199.747833,253.266052,288.541473,0.945916
249,598.252258,176.428329,627.241272,203.460678,0.897813
250,0.331436,204.392639,168.824966,316.402161,0.952014
250,598.573425,176.566025,627.632507,203.895676,0.902912
251,0.116562,225.329681,35.245087,321.807648,0.904726
251,598.468994,178.327072,627.553711,205.036942,0.900158
252,598.288940,179.547806,627.735596,206.733200,0.894747
253,598.361572,180.104797,627.721680,207.336823,0.897737
254,598.300293,179.747803,628.085815,206.977692,0.889755
255,598.163696,179.805283,628.286987,206.808517,0.890373
256,598.327209,179.374557,628.146423,206.493790,0.897031
257,598.675049,177.133408,628.133423,204.525101,0.893737
258,598.324280,174.364075,628.116638,202.214203,0.894932
259,598.260864,171.690659,628.182739,200.220139,0.871640
260,597.998596,171.690002,627.920471,200.360962,0.897224
261,597.623291,174.589935,628.173706,202.725250,0.889416
262,597.482788,177.422424,627.151611,205.046082,0.879334
263,596.650696,178.580200,626.940857,205.658722,0.899561
264,596.173401,175.602524,626.970886,203.697617,0.886927
265,595.622437,173.453339,626.774902,202.020630,0.881175
266,595.203796,172.710205,625.974792,200.740692,0.891108
267,594.396912,171.754272,625.511292,199.741394,0.890478
268,593.465881,171.158310,624.830750,199.952621,0.901337
269,593.120239,174.618301,624.436768,203.382339,0.898122
270,592.902588,179.284851,624.053589,208.646820,0.904094
271,591.804626,181.298599,623.689758,210.499649,0.903453
272,590.976624,181.072540,622.964050,211.172028,0.888183
273,590.263550,180.422501,622.485718,209.883408,0.883746
274,589.382874,179.340256,621.256409,209.167923,0.870316
275,588.342224,179.317169,619.818176,208.430389,0.904066
276,587.322998,177.725296,619.437500,207.168198,0.900852
277,586.841370,176.200134,618.831360,205.123077,0.901368
278,586.312134,175.828705,618.130859,204.752808,0.893487
279,585.839233,174.780746,617.446777,204.256851,0.902299
280,585.967651,174.097092,617.624878,203.381058,0.852653
281,586.104553,173.006271,617.902405,202.565933,0.869705
282,585.974243,172.409973,618.290771,202.624451,0.906474
283,585.979736,172.476151,618.157715,201.895035,0.899252
284,585.809570,172.054413,618.440674,201.395294,0.893696
285,585.484985,171.926910,618.614380,201.847870,0.892757
286,586.042603,172.071381,618.841064,202.427643,0.895326
287,586.279175,172.587219,618.861206,203.377777,0.900190
287,564.543518,169.513962,575.314026,181.338730,0.523446
288,586.574036,173.672043,619.334534,204.050247,0.897120
289,586.792114,173.548889,619.296021,204.257111,0.892471
290,587.216125,171.681808,619.355286,201.680588,0.896469
291,587.238098,170.406021,619.242981,200.352676,0.905609
292,587.437561,169.519043,619.447205,199.931610,0.909796
293,588.329529,170.437286,620.200623,200.899078,0.911184
294,588.280212,171.761169,620.096008,202.086853,0.887467
295,588.983582,171.916992,620.936707,201.971039,0.904846
296,589.404419,172.472214,620.915771,202.071609,0.910977
297,590.499329,173.037888,621.003357,202.442673,0.904442
298,590.478027,173.411499,621.564819,202.606964,0.909484
299,590.577087,173.839020,622.470398,203.365570,0.906815
300,591.180786,173.757706,622.719238,203.200485,0.867551
301,591.785095,175.147888,623.201965,203.624786,0.901994
302,591.945129,174.612915,623.875427,204.132294,0.801869
303,593.040710,174.813797,624.092346,204.240555,0.783355
304,593.390076,176.503738,624.987000,206.097183,0.864512
304,560.580933,177.880554,575.848755,189.265930,0.594834
305,593.509216,177.291092,625.205017,206.311935,0.875129
306,593.625427,177.468994,625.270691,206.478241,0.896330
307,593.550171,176.612167,625.057983,205.896652,0.898868
308,593.787354,178.145508,625.077881,206.553925,0.906025
309,593.499329,178.864288,625.018616,209.109497,0.804205
310,593.211365,180.295639,624.691589,209.888046,0.781811
311,593.267395,179.011139,624.342957,208.937134,0.791480
312,592.634033,179.973633,624.049072,209.116974,0.790380
312,568.592468,180.946136,578.736145,191.256897,0.586264
313,592.155151,182.747086,623.898682,211.243820,0.885182
313,1079.132324,172.973648,1140.407715,195.388504,0.879476
313,567.234009,182.360107,578.601807,193.259308,0.681471
313,1073.063477,163.772491,1113.608643,183.014038,0.520561
