0,254.872131,174.593323,302.902954,201.900421,0.914452
0,570.309998,175.150574,609.061951,210.227295,0.905633
0,323.004761,175.425171,356.944031,195.785431,0.872346
0,412.539612,176.813660,432.232910,188.399994,0.653133
0,450.464996,173.201904,464.650970,183.870544,0.585482
1,241.748703,173.781006,292.166077,201.796173,0.905775
1,570.513062,174.045486,609.658691,208.789444,0.904978
1,314.973175,175.747452,350.582733,195.517685,0.806091
1,410.588959,176.696732,425.989532,187.302109,0.543826
1,448.884003,172.919250,463.761871,183.482208,0.520110
2,226.686523,172.884583,281.049225,202.346252,0.906381
2,570.914001,174.103455,610.217102,208.675995,0.898780
2,305.619202,174.613052,343.219299,195.965286,0.875860
2,407.727600,175.556351,422.177673,187.248581,0.631119
2,446.666931,172.449066,462.941650,183.295258,0.574477
3,210.485596,171.738739,268.215973,202.235565,0.920553
3,570.583618,172.794525,610.138306,208.061768,0.909671
3,295.253937,173.957581,334.927216,195.627655,0.894317
3,403.757996,174.203476,424.105286,186.672440,0.555157
3,446.044586,172.321045,461.968475,182.655334,0.552684
4,191.715851,170.463196,254.937042,202.354309,0.913588
4,570.598999,171.976562,610.207275,207.702972,0.908329
4,285.856201,172.478821,325.102844,195.172455,0.902942
4,443.427277,170.202408,460.359100,181.664780,0.681607
5,172.264160,169.884384,239.842834,202.831680,0.917945
5,273.847260,171.866455,316.286652,195.258270,0.898619
5,570.483215,172.270782,610.471130,207.126556,0.867407
5,441.760406,170.779083,459.549652,181.292633,0.745674
5,404.018188,171.245224,418.308411,185.920975,0.614409
5,423.392181,168.388794,438.303375,178.459625,0.519808
6,150.249146,169.277466,223.839569,203.827179,0.910681
6,261.307373,172.070953,306.477051,196.140289,0.910244
6,570.775085,172.865021,610.677307,207.789856,0.895398
6,439.721649,170.021973,457.721344,181.611084,0.751590
6,395.305908,172.055161,414.728760,186.628433,0.714889
7,125.907478,169.712769,205.483429,206.672485,0.910679
7,248.906448,172.835846,295.919983,197.423523,0.901246
7,570.571716,172.781281,611.691956,208.817474,0.848546
7,387.196472,173.594177,411.247498,187.406647,0.786649
7,437.991791,169.947510,456.106232,182.790283,0.670317
7,419.657166,169.772156,435.100342,180.471649,0.573476
8,98.066452,170.331192,186.482742,210.406021,0.931290
8,235.027985,173.554871,284.379181,199.910126,0.904551
8,571.563354,174.443939,612.036499,210.521759,0.846675
8,382.013397,174.746796,407.873077,188.882416,0.742262
8,436.441437,172.589996,454.511505,183.572540,0.595540
9,68.021255,170.524811,163.962540,212.849457,0.928967
9,218.229889,174.629425,272.119385,201.667755,0.907686
9,571.851868,177.053452,611.729919,211.583908,0.878911
9,377.566742,174.985626,403.673004,190.304260,0.811003
9,415.990143,171.476547,430.600922,182.492813,0.631833
9,433.909088,172.229279,452.783173,184.320587,0.627510
10,32.649590,171.421036,139.301117,217.368881,0.923705
10,571.832336,176.719727,612.391174,212.727173,0.903409
10,202.702057,175.977936,258.987183,204.069885,0.891353
10,371.735657,176.806641,399.840393,191.603027,0.808340
10,415.575256,172.638474,428.777222,183.029404,0.628228
10,431.658051,173.812073,452.083405,186.083649,0.628031
10,469.677155,173.534012,483.501678,182.938004,0.552622
11,0.106068,171.792282,111.035446,220.671066,0.930353
11,182.028961,175.918533,244.855988,205.536819,0.910181
11,572.120789,176.634735,612.766907,213.775787,0.907023
11,368.758148,176.869949,395.422577,192.996628,0.861070
11,429.418945,174.144531,449.508606,186.527466,0.713616
11,412.044861,173.205811,427.603943,184.679077,0.594969
12,161.292328,177.079285,228.750610,208.293457,0.924249
12,572.432251,176.909668,613.521851,214.189972,0.895255
12,0.193134,174.378052,80.332382,223.548462,0.893093
12,361.038025,177.203354,390.573120,193.578262,0.848618
12,426.598663,174.848495,447.747040,187.146469,0.708914
12,411.218140,173.571228,425.070679,184.945862,0.596589
13,137.650955,175.908997,211.475388,209.749725,0.927010
13,0.076490,175.422058,45.268478,222.034180,0.906850
13,355.004700,176.954468,385.880310,193.356659,0.825125
13,572.383423,176.849686,613.826294,213.842972,0.813942
13,424.521332,174.123566,446.587372,186.619843,0.724929
13,407.636993,172.677292,423.354401,184.382309,0.722427
13,465.446716,173.685165,481.369385,182.985550,0.553153
14,111.318390,175.372269,191.288879,210.689377,0.928298
14,573.165039,176.106918,614.107178,213.609238,0.910095
14,346.608154,176.376678,380.076172,193.135071,0.821617
14,421.758392,173.842239,444.311737,186.304123,0.757673
14,405.541321,171.859207,420.696228,183.998154,0.602527
14,463.735382,173.031265,479.742401,182.651779,0.602184
15,82.365395,173.828156,168.615295,211.501129,0.929636
15,574.015076,175.265564,614.029114,212.862152,0.858281
15,338.800842,175.095825,374.305786,192.314880,0.824002
15,462.496460,171.888062,478.577881,181.777557,0.753983
15,418.142029,171.239944,441.014465,185.347061,0.752164
15,402.518860,170.678467,417.877380,183.824280,0.705887
16,48.347076,174.145660,145.948227,213.065521,0.926057
16,572.758240,174.961456,614.227478,212.667389,0.879638
16,331.682190,174.078506,367.357727,192.161972,0.833164
16,415.592346,172.605133,437.270020,184.811920,0.650992
16,460.806366,171.626953,476.389008,181.284607,0.527519
16,399.278351,170.389511,414.365509,183.465439,0.519911
17,9.467651,173.643585,117.479500,215.491669,0.912207
17,572.564026,174.176559,614.283142,212.489670,0.904779
17,323.457977,174.225922,360.419464,192.608643,0.827211
17,410.721191,172.209061,434.596558,184.893723,0.713596
17,457.629425,171.658325,475.736420,181.155731,0.634633
17,395.303101,169.833221,411.130676,181.862885,0.577904
18,0.150314,174.574829,84.661949,219.098236,0.911832
18,572.197144,174.177963,614.033081,212.172806,0.893664
18,314.865540,174.298187,352.906799,193.023651,0.834649
18,407.171600,171.455765,431.401276,185.020126,0.776173
18,455.604034,171.023010,474.754791,181.226685,0.698772
18,392.038818,169.549362,408.766968,180.123886,0.538090
19,572.032227,174.346634,613.899658,212.298538,0.875569
19,306.287598,174.719620,344.940186,193.563004,0.856766
19,0.041613,176.536987,45.734337,217.459381,0.807814
19,403.531830,171.265518,428.907501,185.030685,0.762761
19,454.371643,170.677094,472.637939,180.944153,0.726861
19,388.001129,169.426987,404.349701,182.484024,0.645992
20,571.868286,175.571060,614.217163,214.083847,0.894645
20,295.621918,176.205688,336.879120,196.035614,0.843047
20,399.093903,173.905869,425.048798,186.895218,0.752994
20,451.772339,172.708664,471.147034,182.792648,0.734944
20,385.362640,171.038162,401.560333,184.428513,0.573619
21,570.990845,174.499588,614.137085,213.727798,0.898264
21,284.935272,175.702271,328.301910,196.517120,0.873246
21,393.541687,172.051041,422.571228,186.890610,0.840787
21,449.106537,172.367737,469.693390,182.619629,0.776941
21,381.226532,170.888290,397.143280,183.512650,0.634062
22,570.908630,174.408966,613.685852,213.167999,0.899610
22,273.036255,175.022003,319.176758,196.502411,0.873980
22,389.355835,172.325607,418.536804,186.555405,0.785973
22,448.132568,170.947952,467.766296,181.433334,0.725137
22,377.972290,169.522324,393.417358,181.443649,0.595535
22,594.474426,173.594009,615.257629,192.281967,0.552985
23,569.915771,172.665741,613.717407,212.170471,0.895324
23,259.531128,174.257889,308.550781,196.194473,0.865984
23,384.848846,170.440689,415.592194,185.853104,0.781066
23,444.550781,169.317154,465.447449,180.711349,0.764092
23,373.516052,168.257141,389.115845,179.913513,0.691624
24,570.171082,172.525757,613.719910,212.209595,0.901652
24,247.941101,174.369705,298.316833,197.711319,0.864550
24,379.555054,171.753296,410.226562,186.031921,0.753646
24,442.236603,170.183701,460.320709,180.720718,0.725507
24,369.331818,168.440826,385.337006,180.162140,0.622779
25,569.950500,172.082092,613.690247,212.315338,0.902165
25,233.890930,174.669312,287.600952,198.862762,0.879377
25,439.959808,169.962799,457.360382,180.736298,0.775625
25,375.437256,171.944550,405.731140,186.226685,0.709064
25,364.668488,168.169662,380.874176,182.547318,0.515146
26,569.778503,172.414032,613.484436,212.450348,0.892095
26,217.627823,175.436905,275.387695,200.479843,0.884811
26,438.455414,170.861938,454.599091,181.214722,0.671527
26,370.490295,172.554260,398.765137,187.103119,0.652562
27,569.705872,172.520752,613.484070,213.336365,0.904774
27,201.559219,175.481613,264.307953,202.021957,0.858899
27,365.058441,173.151871,390.074432,187.469101,0.750140
27,382.174042,170.696152,401.187469,186.618729,0.656182
27,435.752197,170.624725,457.056152,181.759338,0.646117
28,569.438354,172.453415,613.855347,213.729080,0.908761
28,184.748718,175.771332,251.218872,203.295349,0.901019
28,434.091736,170.614731,456.096375,181.784317,0.646231
28,360.695435,171.641586,397.218140,187.813370,0.630787
29,569.033569,171.084747,614.192261,213.080963,0.903331
29,165.455673,175.385757,237.555588,204.044601,0.900871
29,354.908386,172.533768,382.568054,187.354691,0.737698
29,373.899261,170.574097,393.821075,186.450745,0.693270
29,431.323883,169.849640,453.162811,181.169891,0.638582
30,568.752319,170.559250,614.221924,212.371628,0.914951
30,145.846161,174.053131,222.522278,204.635529,0.904452
30,346.739319,172.170563,375.744690,187.032745,0.734451
30,367.857788,169.184296,389.504211,186.097076,0.680942
30,429.350403,170.083862,448.730225,180.135590,0.504262
31,568.769897,168.822708,614.317261,212.023758,0.928126
31,124.440277,173.441330,207.191498,205.318253,0.903398
31,341.950684,169.642136,373.296570,186.524948,0.702955
31,363.955994,167.845627,384.795471,185.562393,0.690769
32,568.633728,169.181976,614.301697,212.279266,0.924915
32,100.301910,174.173035,188.458344,207.078217,0.903266
32,358.184021,167.854172,380.727783,185.969742,0.816230
32,334.134460,166.333298,366.707214,187.267899,0.656472
33,568.264893,171.032227,614.251099,213.754486,0.916417
33,74.130127,175.756104,169.539185,210.687653,0.883694
33,352.515564,169.291504,376.517822,187.875458,0.668186
33,329.589233,168.755280,357.377563,188.215332,0.626718
34,568.470703,171.455750,614.328979,214.686615,0.913500
34,46.394897,176.785721,150.079330,213.775681,0.907285
34,349.529175,170.761566,371.966003,188.574188,0.739429
34,322.795105,169.571335,356.747620,190.147293,0.708604
35,15.167881,177.281174,127.542206,217.283524,0.915930
35,568.395081,172.198944,614.571960,214.889618,0.911446
35,317.739990,170.368683,351.055542,191.150482,0.788235
35,342.255859,170.778091,367.677673,189.476425,0.781599
35,418.857208,170.385803,447.101654,182.591034,0.693025
36,0.021317,177.534271,104.175713,218.995483,0.921892
36,568.260132,171.396133,615.142944,214.854752,0.911631
36,310.944702,170.444397,344.608459,191.320618,0.797435
36,334.996094,170.447281,362.934021,190.061996,0.792180
36,415.845886,170.568130,444.744446,183.072006,0.607853
37,567.705627,170.791245,615.491150,214.255264,0.915296
37,0.049515,176.836517,77.842010,219.790771,0.880519
37,303.062622,172.670914,340.676392,190.916306,0.810304
37,330.811951,169.241165,358.202454,189.379715,0.793043
37,414.342957,170.605911,433.439758,181.985764,0.713490
38,567.952637,169.886093,615.588257,214.542770,0.910540
38,0.101442,177.688126,47.410164,218.457291,0.877711
38,294.981384,172.787872,333.472778,191.148926,0.705573
38,323.108582,169.247986,353.546753,189.985901,0.696032
38,412.041626,169.023453,443.395874,181.958572,0.623537
39,568.285339,170.487747,615.740417,215.069931,0.906004
39,288.761505,172.521896,327.680450,191.936325,0.694254
39,307.925110,168.671722,348.000549,191.108856,0.628575
39,408.591736,170.317856,441.807678,182.939713,0.620920
40,568.007751,170.809448,616.025818,215.712097,0.900065
40,283.760193,168.619019,342.382324,192.768860,0.633267
40,406.150269,171.289719,428.265381,183.935104,0.582260
41,568.362854,171.649673,616.608215,216.493118,0.902579
41,271.162109,175.349518,314.366638,194.683014,0.787878
41,404.268372,171.961746,429.211609,184.399857,0.679176
41,296.394287,170.044266,333.854492,192.892563,0.627671
42,568.394104,172.115585,616.635437,217.345535,0.910036
42,262.121582,175.564011,309.872742,195.941696,0.833196
42,290.759216,169.835373,331.702698,193.553268,0.750157
42,402.508240,172.764175,427.523376,185.218643,0.672250
43,568.927307,172.307846,617.535950,217.989273,0.892999
43,253.287170,176.199585,288.225769,196.905273,0.796210
43,284.682800,170.840271,325.224548,195.483978,0.783346
43,398.943298,172.505356,426.502502,185.677872,0.669806
44,569.281677,172.105148,617.932678,217.949112,0.911638
44,277.220825,170.288910,319.279419,195.910858,0.755803
44,243.806671,177.206970,294.173615,197.046631,0.582262
44,397.671204,173.967773,424.394775,185.781647,0.535321
45,569.169006,173.210327,618.740295,218.586304,0.916461
45,236.489243,177.755646,285.422943,198.997803,0.851994
45,270.157623,170.516571,312.365692,196.960358,0.809053
45,30.023153,171.640030,66.493843,193.624649,0.568795
45,394.872711,174.028381,418.271759,185.839417,0.517221
46,569.294617,173.598541,619.263977,219.773102,0.912458
46,221.881775,178.280899,277.730713,200.612320,0.847434
46,391.084747,174.184845,422.871857,187.863922,0.656724
46,6.489363,172.156769,55.644234,195.319092,0.582651
47,569.970154,175.326874,619.501648,220.273102,0.907330
47,210.094772,180.028381,266.166595,203.040100,0.868723
47,253.362152,172.028458,297.936249,200.988663,0.657424
47,388.212646,175.763626,412.346313,189.152573,0.623117
47,-0.183336,171.685959,40.340233,197.746658,0.555428
48,570.670349,174.974091,620.877014,221.205536,0.901143
48,197.245941,180.107895,256.403778,204.140732,0.874900
48,385.386108,176.212646,406.878601,189.540009,0.696694
48,244.984970,172.646606,288.215332,201.489655,0.643832
48,404.902679,175.524780,418.524872,188.454193,0.503886
49,570.956543,173.982056,621.174438,220.914246,0.914225
49,182.840622,179.541718,244.835281,204.148254,0.877309
49,235.962662,170.891205,271.883972,201.064301,0.756386
49,383.030182,175.608994,405.807281,188.766525,0.689067
49,403.592621,174.415375,425.153046,187.253571,0.513392
50,571.442261,173.754700,621.881470,220.857178,0.895115
50,219.505997,170.260254,274.774994,201.533325,0.882026
50,167.545746,179.086624,233.795685,204.321671,0.848488
50,379.342468,173.962097,401.680176,188.233459,0.729260
50,400.838531,172.873230,415.006195,186.962677,0.530301
51,571.438171,173.698471,622.832214,221.242844,0.915795
51,151.766235,179.295395,222.551239,205.328232,0.858932
51,210.070831,170.087708,264.633911,201.473572,0.857049
51,376.783875,173.647385,398.790833,188.620102,0.652673
51,395.222961,172.749771,415.540100,187.407120,0.580996
52,572.003479,173.430389,623.368713,221.852234,0.912396
52,133.937073,179.939453,205.405243,206.939453,0.854974
52,371.554840,173.723831,396.316925,189.006241,0.758264
52,198.334198,169.940445,254.270996,203.312546,0.743464
52,394.954010,173.354813,417.367340,187.445663,0.635228
53,572.347046,173.785645,624.229370,222.172272,0.915054
53,191.541992,170.392670,244.445160,204.033234,0.840296
53,116.492432,179.550171,182.340332,208.764496,0.838615
53,371.130035,173.112701,394.029816,189.080048,0.765676
53,392.728882,172.265060,417.055359,187.409164,0.621151
54,573.070984,173.679794,624.971375,222.511276,0.915185
54,167.334900,172.219955,234.342712,205.354019,0.862162
54,367.762970,173.941452,390.539032,189.594254,0.834130
54,95.936264,179.783386,182.459457,209.896027,0.739199
54,388.616974,173.183060,405.141266,187.916550,0.625183
55,573.602417,173.701614,625.915649,222.555588,0.913886
55,149.902054,173.171021,222.176285,206.778076,0.836581
55,362.645874,174.077148,387.187927,190.070160,0.801441
55,74.931061,181.407272,167.702759,211.819016,0.766799
55,384.905731,174.130707,401.179047,188.362396,0.687431
55,399.840698,173.000992,415.610229,186.412888,0.624850
56,574.505737,173.069046,626.631714,222.397842,0.920238
56,133.539932,172.371368,211.637314,208.091766,0.879476
56,358.161957,173.402725,385.952118,189.784592,0.828862
56,52.405926,180.011826,152.411179,213.479080,0.801757
56,380.619965,171.313080,407.757782,187.541412,0.677205
57,574.665588,172.694168,627.535950,222.261276,0.931296
57,113.141258,172.390762,198.133545,209.396072,0.880182
57,39.906132,180.503799,132.615082,215.342850,0.867125
57,353.287415,173.103348,382.060547,189.579453,0.782785
57,378.650238,172.812515,397.893280,187.186020,0.598053
57,457.329773,171.145309,475.099976,180.304520,0.578185
57,388.438843,171.112457,407.810425,186.347504,0.529163
58,574.747253,172.647781,628.026184,222.502090,0.931024
58,0.755611,182.189316,113.951263,217.967239,0.898694
58,93.897835,173.429642,184.076080,210.890182,0.878783
58,348.975433,173.342865,378.247589,190.528137,0.845524
58,375.395081,172.846741,397.421021,188.566223,0.759585
59,575.173889,172.288361,628.995789,222.472198,0.929123
59,72.322723,173.086853,170.777969,213.047363,0.874588
59,-0.796593,181.977692,94.173714,219.675446,0.873144
59,344.569977,172.746231,374.306183,190.348770,0.840272
59,371.612488,172.144135,394.304016,188.334351,0.689553
59,454.717163,171.304688,472.867798,180.458832,0.525235
60,575.628723,171.620575,630.143250,222.524445,0.930005
60,48.719814,172.949646,156.034729,213.660950,0.877988
60,0.261425,182.682800,70.258530,221.020752,0.877326
60,339.820374,171.779755,370.568420,190.045105,0.840180
60,367.272308,171.054581,391.791168,187.495316,0.745323
60,129.087784,169.039062,180.578629,194.520966,0.551369
61,575.545715,170.942535,630.877380,222.285126,0.933564
61,24.373737,172.024490,138.735214,214.901413,0.904860
61,335.314392,171.232239,366.663574,189.875732,0.861034
61,115.638428,168.417725,169.122101,194.646149,0.801104
61,0.067404,185.380569,48.653671,218.936081,0.800189
61,364.377930,170.482086,390.314941,187.383331,0.798913
62,576.271118,170.870972,631.322144,222.352448,0.931405
62,3.307495,171.131088,120.498322,216.289993,0.900372
62,330.547089,171.208817,362.436554,189.730942,0.852685
62,101.216141,167.053925,158.746719,195.607361,0.742082
62,360.928772,170.402603,385.426941,187.131302,0.675789
62,0.024492,194.310547,23.797518,219.877014,0.626967
63,577.026733,171.213882,631.937744,222.618118,0.933825
63,0.300613,170.513657,100.221252,218.074875,0.923303
63,325.746033,171.055786,358.748596,190.288940,0.873106
63,85.879623,166.259674,146.029388,196.197540,0.776612
63,356.891815,170.146332,382.800201,187.493195,0.752029
64,577.367310,172.351578,632.527710,223.992355,0.924801
64,0.052467,171.661346,81.271378,220.180786,0.893778
64,320.600311,172.285645,355.316376,191.333954,0.852966
64,70.558723,167.989334,134.162674,197.847519,0.830798
64,352.947174,170.996124,378.698029,188.987366,0.775610
64,451.194672,170.613220,476.256744,179.672821,0.527387
65,577.686157,173.070923,633.418457,224.970398,0.929911
65,0.102623,173.250290,60.654884,219.593491,0.887681
65,315.279419,172.874008,351.559082,192.788071,0.848216
65,349.001007,171.758484,377.169037,190.102600,0.795189
65,51.833092,168.572433,121.804710,200.051224,0.752283
66,577.909668,173.520584,633.770264,225.354538,0.924332
66,310.109985,172.848648,346.844421,192.761307,0.863697
66,344.983429,171.804810,373.669464,190.414124,0.797807
66,0.097971,174.670731,37.818756,220.624741,0.780976
66,30.271793,168.067245,108.167755,200.858170,0.682407
66,450.430145,171.201263,471.618683,180.616058,0.647073
67,578.453369,173.359283,633.742554,225.508026,0.920190
67,304.524994,172.767975,342.649872,193.528198,0.806153
67,340.843353,171.410034,369.199188,190.544067,0.789203
67,7.014420,167.724533,93.698105,203.601151,0.739031
67,367.958160,172.978806,389.541840,188.542068,0.657172
68,578.804565,173.117264,635.124878,225.223923,0.923831
68,298.491760,172.400330,338.611755,193.504730,0.852556
68,336.210510,171.180450,356.224426,190.267365,0.629427
69,578.822021,173.131149,635.183105,225.583176,0.920020
69,292.718079,172.701035,333.124878,193.880814,0.875327
69,331.716217,170.914551,360.025848,190.925354,0.790489
69,360.997742,170.289078,383.826843,188.707962,0.564301
70,579.344177,173.516083,635.259338,225.867157,0.913597
70,286.573486,172.391266,329.010620,194.387604,0.866872
70,326.561157,171.010223,354.830139,190.966431,0.827805
70,360.299713,172.981384,381.637848,188.991516,0.752732
71,580.082214,172.895599,636.140686,225.810425,0.921818
71,280.621765,172.234634,324.177368,194.765701,0.882224
71,357.406677,173.450058,378.778503,189.120773,0.686558
71,322.497803,171.217529,346.635254,190.976440,0.609885
72,580.425537,172.894318,636.348999,225.681610,0.919504
72,274.144928,172.101547,318.768585,194.972672,0.885842
72,350.651764,173.347305,375.847931,189.161331,0.772976
72,317.767883,171.132156,354.520203,190.446945,0.729311
73,581.325012,173.714951,636.357849,225.852890,0.908904
73,267.447418,172.400803,314.783051,196.010056,0.857891
73,315.699493,171.684219,348.891388,191.220413,0.788860
73,348.212585,174.637497,372.524353,189.861557,0.767627
74,581.620850,173.568893,636.961792,225.752335,0.908756
74,260.578003,172.309235,308.777893,196.629913,0.880313
74,306.870361,171.177856,344.651489,192.199951,0.839951
74,343.154327,173.954803,369.404449,190.061096,0.778064
74,446.542694,170.562622,468.274811,180.875397,0.592009
75,581.896606,173.372925,637.449951,225.356140,0.917165
75,253.130768,171.375534,302.817291,196.798203,0.875361
75,339.052094,173.074738,366.219757,190.127899,0.856794
75,301.345520,170.775391,338.949890,192.459656,0.853246
75,444.689392,170.401184,465.364624,180.596741,0.542730
76,582.601929,173.118927,638.386841,225.345795,0.914620
76,334.313690,173.095520,364.023163,190.353760,0.867892
76,296.211761,170.363525,334.491058,192.472382,0.850390
76,246.532669,172.150513,297.404755,197.551331,0.831232
77,582.774109,173.047165,638.242371,225.102005,0.910238
77,238.531860,172.447525,291.893799,198.166092,0.893722
77,290.502716,170.619370,330.493134,193.429153,0.874096
77,329.496002,172.778671,360.381439,190.495438,0.865220
77,443.220490,170.471466,465.212494,180.672607,0.512540
78,583.028076,173.718353,638.436646,225.824097,0.910718
78,230.544052,172.781708,285.812378,199.097961,0.882805
78,324.853363,172.530838,357.093658,191.253220,0.869238
78,285.093048,171.129135,327.861969,194.418777,0.864690
78,442.879578,171.004364,465.813477,181.272308,0.607521
79,583.461243,173.684799,638.596863,226.137070,0.915748
79,278.548737,171.448425,322.795746,195.458344,0.900312
79,222.378616,173.271255,279.184113,200.409256,0.882750
79,320.655212,174.221542,353.403442,192.476120,0.841710
79,441.908325,171.627289,464.280579,181.674866,0.516770
80,583.328857,174.678574,638.482788,226.633377,0.909517
80,212.662399,173.270340,272.310272,201.506699,0.892548
80,271.830139,171.939163,317.334229,196.499649,0.863148
80,315.845367,174.369644,349.529388,192.758133,0.841526
81,583.146606,174.208160,638.337036,226.519379,0.906361
81,203.071991,173.010864,265.355408,201.846222,0.884960
81,265.330963,171.698303,312.129913,196.625488,0.882806
81,311.557190,174.496445,345.644287,193.197006,0.830494
81,441.083771,172.353226,455.799591,182.163193,0.524354
82,583.047302,174.383759,638.222351,226.236115,0.907809
82,192.174713,172.684296,258.758301,202.428345,0.897502
82,259.410431,171.414688,306.640961,197.040878,0.891770
82,305.753265,173.478668,341.480743,193.256439,0.858150
82,440.477539,172.199081,455.217163,181.949265,0.553291
83,583.052979,174.051849,638.458252,226.303894,0.911739
83,251.090454,171.493057,301.195923,197.457870,0.900432
83,182.317657,172.827148,251.226837,203.139099,0.899551
83,299.784790,173.058624,337.614685,193.675598,0.855511
83,438.278656,172.270020,451.882477,182.013367,0.615319
84,582.934143,174.425568,638.612610,226.237793,0.913098
84,243.238388,171.769562,295.470367,197.689880,0.895528
84,171.044662,173.154861,242.504532,203.574600,0.894424
84,295.119690,172.982910,330.966553,193.991364,0.845715
84,437.674438,171.835617,451.453918,182.037704,0.639223
85,582.455933,173.814926,638.417847,225.744308,0.911714
85,235.432098,171.070663,289.425934,198.164169,0.899144
85,158.883881,172.658737,233.464386,204.026260,0.896971
85,288.959015,167.754807,328.644562,194.085190,0.772628
85,436.509308,171.795654,453.189056,181.621918,0.637046
86,229.880173,170.699570,283.376923,198.286728,0.913606
86,582.541504,173.609009,638.928711,225.300690,0.912701
86,145.605362,172.405792,223.791428,204.623199,0.909913
86,284.136200,172.262085,323.890717,193.951965,0.787241
86,434.928223,171.354736,451.918762,181.346252,0.617520
87,582.685303,172.283051,639.042725,225.022766,0.912471
87,133.773163,172.362671,212.729889,205.388367,0.905591
87,218.468521,170.365356,272.264160,198.774139,0.891811
87,277.305817,172.084915,318.980988,194.457565,0.841785
87,433.244507,170.711472,454.531372,181.343246,0.704797
88,582.425293,172.511078,638.613037,225.416718,0.911977
88,209.453644,170.067245,269.737823,198.906143,0.901138
88,120.780258,172.467529,200.778549,206.964661,0.900636
88,269.966400,172.324677,314.074799,194.818512,0.859677
88,432.113190,170.842575,455.067841,181.475967,0.674125
89,581.560974,171.884491,638.514343,225.793945,0.909979
89,105.253189,172.318802,192.537491,207.655411,0.892520
89,198.129395,170.013702,263.501678,199.999359,0.884586
89,263.139374,170.871826,308.619354,195.331207,0.845860
89,431.230316,170.838181,454.105011,181.735611,0.707624
90,582.045288,172.665894,638.322876,225.256378,0.908977
90,188.962250,169.490967,256.849884,200.269714,0.896142
90,89.520737,171.909393,172.036118,208.707733,0.890774
90,253.718475,171.858704,302.827240,195.483093,0.846206
90,429.747986,170.335632,446.879089,181.359070,0.685672
91,581.802002,172.866119,638.229004,224.814880,0.919616
91,179.377747,168.981659,248.706726,200.721893,0.902879
91,72.268318,170.906860,169.631683,209.695282,0.892722
91,248.870331,171.485504,297.340729,195.646179,0.850112
91,427.430359,170.198715,443.286560,180.788742,0.738290
91,313.675140,166.325912,330.602142,183.285507,0.545073
92,54.643543,171.438278,157.333954,210.971939,0.918907
92,581.152100,172.680511,637.945801,225.054474,0.915806
92,166.905930,169.340286,240.201126,201.512802,0.908870
92,241.138550,171.580505,290.954102,196.025543,0.860948
92,425.994019,170.175781,446.893677,181.150665,0.568160
93,155.591782,169.776917,229.456284,202.912079,0.916761
93,579.637268,171.884094,637.279846,226.276917,0.911659
93,36.777943,171.880997,143.488983,212.379532,0.904645
93,233.076111,172.166321,284.373169,197.601929,0.855088
93,422.915497,169.920227,448.621246,181.847900,0.638323
93,303.987457,166.323044,322.076263,183.948776,0.500005
94,145.179260,170.508514,219.906769,204.367004,0.924333
94,579.009705,172.208588,636.638367,227.061218,0.914133
94,16.102055,172.966232,128.824371,215.175522,0.908678
94,223.897430,171.451904,277.233612,198.430878,0.847592
94,297.604370,166.550262,317.768616,185.693909,0.691519
94,420.854523,170.713211,446.325104,181.808060,0.632962
95,577.788330,171.662003,635.719360,227.172134,0.921495
95,129.886475,170.315796,210.408081,205.145966,0.919291
95,0.451687,173.076233,114.368576,216.521851,0.916341
95,214.909088,170.359802,270.486267,198.951904,0.864988
95,292.421265,165.934967,313.414490,185.467529,0.731947
96,116.104973,170.262329,200.315857,206.518372,0.925888
96,577.523865,171.910980,635.142883,226.841400,0.920846
96,0.106747,173.823318,98.881958,217.907364,0.908627
96,205.912827,171.699097,263.515594,199.602325,0.872240
96,284.338776,165.777344,309.284576,185.274078,0.693848
96,417.056335,171.034546,439.979919,182.531891,0.646854
97,576.753235,172.173416,634.933655,227.115952,0.924662
97,101.284164,170.554413,191.173843,207.543030,0.924388
97,196.936005,172.950684,256.362244,200.591492,0.866777
97,2.651367,174.853058,81.254990,218.588745,0.792006
97,415.271667,170.638565,441.034424,182.662399,0.701706
97,282.830475,166.061752,303.798981,185.414627,0.571834
98,575.144470,170.793716,634.046326,227.194321,0.925408
98,86.256363,171.081726,178.866226,209.574554,0.920747
98,188.440598,174.186371,248.753494,201.823212,0.886549
98,0.159325,175.974823,63.643501,219.026154,0.836935
98,413.402832,171.757980,434.871826,182.770279,0.578366
98,274.771790,166.410461,297.927124,184.761383,0.554306
99,574.486206,170.737946,633.225098,226.823639,0.923215
99,70.893692,170.891846,168.317642,210.674805,0.918252
99,178.155716,173.758591,239.461319,202.370560,0.880525
99,-0.000629,175.312790,39.450016,219.887680,0.839649
99,411.410797,170.376312,430.423187,182.806274,0.711928
99,196.023010,166.007065,247.575562,188.099472,0.686905
100,573.052368,171.209320,632.540894,227.268555,0.923850
100,55.389503,171.380493,155.734528,211.848816,0.923136
100,167.070496,174.775970,232.079956,203.574554,0.903109
100,408.728058,171.935699,428.264313,183.296631,0.692672
100,188.230591,166.638550,239.862091,188.731354,0.600413
101,570.541199,171.654755,632.222839,228.836548,0.926962
101,37.832058,172.112015,144.090668,214.413254,0.917012
101,156.484695,175.337128,223.468155,204.815277,0.895007
101,407.301361,171.927872,425.101776,183.986740,0.692725
101,180.713242,166.804443,232.646072,189.121307,0.516820
102,570.542175,173.027527,631.737610,229.643860,0.919920
102,19.907986,173.427155,130.841995,217.208771,0.916318
102,145.297928,176.231934,215.184830,207.001099,0.907391
102,168.233093,167.958405,225.809692,192.011200,0.698886
102,404.243622,173.137619,426.170502,185.338150,0.681164
103,1.792614,174.809540,117.181961,219.656769,0.925894
103,571.161011,173.951691,631.030029,230.591003,0.925112
103,133.466263,177.810287,205.584915,209.519974,0.900132
103,154.993942,169.262039,219.789993,193.182541,0.684330
103,402.440155,174.158737,427.412140,186.505997,0.591970
104,569.604919,174.768539,630.683777,231.233566,0.929883
104,-0.064018,175.460266,103.531250,220.894989,0.927334
104,121.059753,178.177765,195.939636,210.898560,0.907952
104,146.671646,170.816528,211.374039,193.869720,0.704249
104,400.511719,174.673019,420.473877,186.751816,0.613991
105,0.097336,174.635117,89.184418,222.617599,0.929635
105,568.257507,174.132919,630.098572,231.323502,0.928295
105,108.295563,177.556259,185.957153,211.174484,0.906987
105,143.146469,169.221985,204.002090,194.791260,0.795601
105,397.425079,174.245178,417.474457,186.642548,0.570530
106,567.643005,173.322556,629.378601,230.736893,0.932488
106,0.375607,173.744202,74.111389,222.106812,0.920026
106,95.762848,176.849854,175.568207,211.099945,0.914193
106,125.252777,167.889435,195.399170,193.787201,0.792013
106,395.635437,173.415512,418.667908,186.211533,0.699373
107,566.910339,173.109344,628.390198,230.125031,0.939495
107,0.253531,174.029968,58.095367,220.233032,0.909889
107,80.803864,176.453796,166.091934,211.269470,0.908890
107,123.937820,167.431274,188.219101,193.687866,0.806717
107,393.580719,173.412308,420.362396,185.572495,0.504052
108,566.156067,174.894669,627.912781,231.350266,0.923435
108,66.757339,176.791122,154.869980,212.584915,0.915991
108,0.061527,178.181885,40.604206,220.617676,0.913698
108,113.377159,166.958344,178.908020,193.398956,0.846780
108,391.043091,173.336121,422.216125,186.082397,0.700869
109,563.040955,174.632446,626.424500,232.168060,0.929721
109,49.838707,176.921951,142.106049,213.840439,0.911183
109,102.129089,166.951233,170.208313,194.360565,0.873722
109,0.015466,189.860275,20.094120,222.233963,0.866951
109,386.962891,173.977585,406.658508,186.751297,0.702072
109,403.389984,173.315933,420.526215,185.842270,0.506073
110,561.770996,174.953217,626.263428,232.671112,0.922616
110,32.152767,176.635178,129.637955,214.885483,0.903254
110,88.417038,166.762634,160.092087,194.580811,0.893822
110,383.578125,173.853668,409.971436,186.383911,0.646794
111,560.135681,174.270111,622.943542,232.308472,0.929649
111,14.929325,175.657684,116.141251,215.523041,0.901079
111,77.409027,165.721634,150.919876,194.425003,0.868602
111,195.452576,168.696732,222.085571,191.888840,0.696696
111,381.695648,173.792084,399.941010,186.536743,0.653074
112,559.174988,174.552841,620.823547,232.400314,0.928614
112,2.365166,176.420883,103.087891,215.777420,0.884440
112,59.325668,165.372467,137.781982,194.421967,0.856261
112,187.416931,166.863419,227.582458,190.659103,0.765414
112,379.156464,173.188812,405.952362,186.236603,0.598529
113,557.494019,174.615128,619.332153,232.433884,0.921336
113,-0.253975,176.890732,88.838341,217.499893,0.901388
113,51.430210,165.084274,117.445251,195.762741,0.718899
113,179.370026,167.316452,211.480103,190.117722,0.659051
113,376.198425,172.564697,409.788513,186.465454,0.620864
114,554.622253,174.644836,617.667908,232.971100,0.926340
114,0.366364,176.872345,75.714325,218.009277,0.902613
114,372.674377,173.567169,391.337402,186.530060,0.709029
114,171.534134,167.146194,203.185654,190.194778,0.668543
114,392.430115,173.192444,407.779602,186.010254,0.541565
115,553.344666,174.939362,616.393982,233.102661,0.936996
115,8.619781,178.598236,57.801712,217.101135,0.801568
115,19.891201,165.127518,105.376526,197.727249,0.777767
115,162.845993,167.240753,192.243362,191.489990,0.758767
115,368.897095,174.073532,386.501526,186.445572,0.643235
116,551.557922,175.250061,614.612366,233.452606,0.937948
116,154.762360,168.121994,186.915924,192.270157,0.828511
116,0.039551,179.924622,42.121964,217.870880,0.803051
116,365.272003,173.019531,399.749420,187.376953,0.735319
116,58.095711,167.429840,88.175819,196.115021,0.526848
117,550.449463,174.988693,613.382080,233.479294,0.936028
117,146.139648,167.587723,179.496918,193.051315,0.812035
117,362.238403,173.059799,397.231934,187.319382,0.754400
118,549.196045,174.983047,611.803711,233.349899,0.928239
118,359.748779,173.190094,392.946533,187.275848,0.779895
118,139.027420,167.624725,172.733322,193.218964,0.717045
118,2.324455,165.080017,50.797081,199.298859,0.611515
119,548.268677,175.089142,611.302734,233.626831,0.923584
119,130.872879,167.749283,164.623734,193.204391,0.819275
119,356.886475,173.371262,389.289490,188.123276,0.733527
119,0.052830,165.245346,32.422333,200.812027,0.569440
120,547.969299,174.894348,611.630188,233.479370,0.921780
120,355.476379,174.034988,374.909912,188.048935,0.719469
120,0.070595,165.392075,63.083866,199.638474,0.549841
121,548.304382,174.665466,612.012878,233.263550,0.923246
121,117.617172,167.322495,164.008804,193.607193,0.707417
121,354.257172,173.406036,388.749786,187.488434,0.586858
121,16.346432,170.944138,68.606033,199.127365,0.552405
122,549.620422,174.045197,612.782410,232.834137,0.929732
122,0.131342,168.433197,42.097321,199.797607,0.790097
122,354.232117,174.072754,374.519958,187.525452,0.615836
123,550.398926,174.149261,614.094238,232.445984,0.928621
123,-0.005455,171.544434,33.640923,199.305145,0.649887
123,58.730713,166.530319,97.407608,193.224350,0.630657
124,551.755188,174.396790,614.992371,233.182617,0.929326
124,99.643730,167.195770,147.307632,195.465942,0.571223
124,51.352577,167.557114,90.272560,193.797318,0.515525
125,552.660034,174.412857,616.240356,233.657730,0.933395
125,354.028748,174.252258,380.077576,188.787598,0.745399
125,92.497116,167.399353,141.854675,195.987274,0.603886
125,376.508240,172.959900,393.401245,187.682007,0.569270
125,41.666840,169.365738,85.750191,194.634720,0.550973
126,553.371643,175.690659,616.931458,234.517776,0.934086
126,351.202209,175.065063,376.953491,190.074707,0.816096
126,372.483612,173.592316,391.744232,188.871216,0.628899
126,30.763075,167.494171,78.689827,195.360382,0.536516
126,85.772552,168.401886,135.409500,196.583740,0.522273
127,553.407349,176.015686,617.245239,235.146545,0.935168
127,350.122192,175.684387,375.604187,190.508240,0.818865
127,372.483704,174.156204,391.365540,189.831070,0.685377
127,459.501373,173.106735,469.888885,182.257492,0.505730
128,553.851990,176.946152,617.390442,236.304123,0.933219
128,348.681671,176.776169,375.168854,191.713638,0.713028
128,372.375366,175.579147,392.129944,190.302567,0.524601
129,553.442505,177.087585,617.723145,236.769135,0.932773
129,345.282715,177.172958,371.146118,192.540848,0.721478
129,59.286331,170.577972,112.951050,200.858368,0.686499
129,17.407478,171.892548,56.001152,199.050690,0.559214
129,369.115936,175.595215,398.232880,191.899109,0.549243
129,458.970795,174.251099,469.574249,183.578674,0.515133
130,553.402466,176.777756,617.779785,236.702835,0.934266
130,342.967590,177.470886,369.869385,192.637817,0.806892
130,50.053947,170.570038,104.646996,201.266174,0.716139
130,3.967581,170.469894,46.642113,199.090561,0.563318
130,458.142609,174.234451,469.640717,183.785110,0.535961
130,368.103821,175.606110,395.716736,191.437042,0.521289
131,553.594604,176.592789,617.980347,236.335556,0.931236
131,341.689545,176.783524,369.916412,192.374527,0.773254
131,0.106884,169.592117,40.403881,199.394760,0.756506
132,552.863953,177.059723,617.890198,236.657257,0.933883
132,338.488708,177.489532,367.219116,192.842041,0.796693
132,-0.025599,169.788422,26.407101,199.556183,0.634219
132,363.913452,175.593750,391.914429,190.847717,0.569625
133,552.933716,177.269257,617.966553,236.659180,0.937024
133,335.937897,177.471725,365.754181,193.424423,0.810506
133,363.088196,175.297134,391.362854,190.949997,0.629188
133,457.834747,174.180237,469.025055,183.561127,0.603546
134,552.771729,177.155975,617.449097,236.648041,0.934614
134,334.271820,177.512329,362.214508,194.031006,0.813452
134,456.490387,174.418808,469.015228,183.925491,0.668506
134,360.626923,175.827347,389.905487,191.834091,0.660542
135,552.338867,177.208817,616.960693,236.954361,0.934916
135,332.143494,177.965256,358.865967,193.505234,0.782370
135,456.421997,174.851868,467.449829,184.089935,0.676509
135,357.888702,176.557434,383.030426,191.810913,0.590351
135,379.837830,177.268478,411.337769,192.000748,0.557787
136,551.712402,177.334808,616.814697,236.798462,0.932626
136,328.859131,178.041962,359.925354,194.247314,0.793730
136,456.479553,174.641434,467.437256,184.377243,0.661489
136,356.850830,176.087189,380.053467,191.437134,0.586653
137,551.675171,177.123657,615.865356,236.776794,0.938498
137,325.707764,178.005478,354.390991,194.334946,0.825273
137,455.711609,174.458694,466.811035,184.511124,0.612416
137,353.428833,176.323181,381.208374,192.830200,0.583205
137,381.709656,177.358368,407.685425,192.249268,0.532587
138,551.278259,176.894638,615.463806,236.712967,0.940323
138,323.327942,178.039505,351.945435,194.457047,0.838858
138,351.194427,176.276260,370.144012,192.010452,0.619594
138,373.731964,177.352921,406.810577,192.537399,0.555621
139,551.162292,176.792862,615.204163,236.319717,0.941666
139,320.505981,177.705246,348.889160,194.222519,0.761587
139,349.263214,175.822449,365.054535,190.883301,0.609045
140,550.842712,176.839172,614.657043,236.533844,0.941531
140,318.520447,177.665710,348.820129,194.632721,0.813376
140,386.002472,177.968170,404.348419,191.552582,0.685193
140,346.743652,175.909592,372.359253,192.553024,0.608112
141,550.376648,177.195465,614.128601,237.089203,0.940220
141,316.747559,177.897812,348.331055,195.417740,0.831162
141,383.400909,178.072372,402.489105,192.165634,0.732738
141,343.985016,176.210297,371.311798,193.076782,0.627301
142,549.732727,176.852386,614.056335,236.776337,0.937722
142,312.085297,177.637665,346.933868,195.388458,0.832020
142,381.100128,178.164780,400.762604,191.796890,0.769748
142,453.920593,174.434021,465.217834,185.005280,0.691342
142,340.964813,175.731476,368.063446,192.998199,0.646475
143,549.019775,177.063934,612.799683,236.600800,0.935699
143,307.944611,177.593552,343.393768,195.363449,0.859948
143,378.146698,178.478271,399.466827,192.398163,0.827919
143,339.386688,176.436356,366.902557,192.355789,0.601029
144,547.905090,176.818268,612.654114,236.685577,0.930126
144,304.708008,177.643005,337.711487,195.018127,0.824532
144,376.327820,178.225983,396.395630,192.087280,0.730856
144,335.681580,175.797165,362.533569,192.940414,0.691768
145,547.567383,176.464966,611.890503,235.936981,0.934891
145,300.876678,176.955612,336.784637,195.054520,0.859168
145,372.249329,178.733627,396.539490,192.298599,0.657756
145,334.414948,175.756042,359.188019,192.959412,0.644978
146,546.955261,176.354736,611.052429,235.441010,0.933061
146,297.085510,176.462814,333.135620,195.670822,0.872223
146,370.647034,177.130463,394.684937,191.874817,0.749547
146,330.937012,174.765106,356.459473,191.994843,0.719011
147,546.033020,176.319794,610.243347,235.172394,0.932433
147,292.784698,176.730545,329.839020,195.744827,0.864273
147,366.094055,177.065933,392.958801,191.940323,0.697621
147,327.719788,175.041306,353.551636,193.038040,0.678978
148,545.580200,176.587082,609.691895,235.524826,0.934693
148,290.209869,177.889557,324.196259,196.764465,0.842908
148,364.510406,178.070312,391.605377,192.246155,0.793591
149,545.237671,176.577286,608.507080,235.467575,0.935241
149,285.959106,177.943604,325.641113,197.055756,0.851753
149,362.253052,178.463821,390.021851,192.717697,0.830012
150,544.870239,176.431290,608.731689,235.158859,0.935976
150,282.836609,178.006302,318.072510,197.390854,0.817840
150,364.739746,178.194473,388.608887,192.690384,0.791592
151,545.440796,176.575256,608.752075,234.880798,0.933191
151,361.898010,178.359421,388.294006,193.174423,0.741842
151,278.994568,178.001282,321.781250,197.508545,0.725934
151,538.961609,174.835938,552.591125,187.221375,0.563916
152,545.908630,176.819046,608.436340,234.862015,0.933323
152,362.462128,178.531219,386.985626,193.320557,0.784236
152,275.374420,178.333710,312.011200,197.407867,0.776820
152,538.938110,175.720108,552.627441,187.517258,0.619582
153,546.713440,176.918243,608.860901,235.107178,0.929185
153,361.594391,178.735474,386.139069,193.928986,0.776202
153,272.656342,178.677124,311.032990,197.766602,0.746132
153,538.656006,177.409363,550.373047,188.265106,0.564606
154,548.036133,177.136536,609.190186,234.745117,0.925051
154,360.872345,178.658783,385.699188,193.928772,0.843831
154,269.797302,178.412735,308.338013,198.369553,0.796166
154,538.226624,177.428314,554.478699,189.010406,0.620327
154,346.520111,179.118423,362.802826,193.802292,0.572640
155,549.139954,177.621872,609.682434,234.646042,0.919612
155,360.401123,178.848541,385.384338,194.205292,0.853647
155,266.835510,178.241089,300.213318,198.871490,0.831641
155,539.297974,177.944763,551.999268,189.857513,0.705768
155,308.776825,175.609406,352.901764,196.702240,0.610162
155,343.071808,179.175385,362.144562,194.346161,0.511423
156,550.143677,177.845291,610.642212,234.394882,0.923150
156,359.746460,178.796051,384.860901,194.393250,0.836872
156,264.037476,178.024490,302.799133,198.990158,0.794281
156,539.788757,177.460388,553.741760,189.845856,0.629116
156,306.414246,175.447083,357.569946,197.271790,0.586382
156,340.319946,179.206024,361.755310,194.933350,0.560200
156,454.130646,174.301315,467.042816,186.592026,0.534632
156,885.093323,190.428619,912.433411,206.775238,0.504770
157,550.958069,177.662415,610.384705,233.508698,0.925044
157,358.219025,178.766876,384.359589,194.398499,0.852876
157,261.041046,178.709656,297.345306,199.839417,0.781127
157,876.085022,190.297256,922.277527,207.600021,0.763247
157,540.006592,176.981735,555.573975,189.473862,0.693151
157,338.204926,178.687714,360.642059,194.925201,0.680379
157,303.850769,176.107040,332.451294,197.684799,0.509437
158,552.243042,177.232086,611.275513,232.924347,0.934671
158,357.546539,178.820908,382.419952,193.971695,0.870587
158,257.254211,177.951721,298.559692,200.200775,0.830719
158,335.554443,177.570602,359.175537,194.687576,0.756341
158,540.994751,178.068344,553.926392,189.772049,0.666487
158,883.903320,190.265640,932.147827,207.706833,0.609425
158,298.725372,175.083893,328.755951,197.615906,0.573547
159,552.820007,177.574066,611.553162,232.884613,0.927790
159,252.413849,178.297546,300.637360,200.801208,0.885476
159,356.411011,178.920273,380.816223,194.039413,0.833718
159,541.423828,177.408783,555.002075,189.965515,0.749966
159,333.397339,178.030121,357.437561,195.187012,0.685595
159,894.367493,190.198410,943.737610,208.859604,0.603139
159,298.684265,175.358231,325.031555,197.387497,0.525106
160,553.789978,177.627304,611.966492,232.736679,0.928733
160,248.438431,178.373581,298.316162,201.258743,0.818427
160,354.211212,179.269501,374.478790,194.863373,0.787693
160,541.637207,177.049057,555.747681,190.527817,0.762087
160,329.782288,179.076126,355.667908,195.948837,0.667543
160,294.586304,175.901367,328.563293,198.687103,0.626279
160,893.891296,190.733673,952.992371,210.225922,0.598741
161,554.449463,177.932510,612.627808,232.375961,0.924873
161,244.329071,178.835953,294.048370,201.961655,0.868396
161,899.447876,190.987335,963.838135,212.272919,0.829338
161,541.747192,178.120377,555.872559,191.675461,0.731190
161,327.523651,179.150558,354.503571,196.825699,0.681167
161,353.195038,180.194183,379.178314,194.658600,0.660004
161,291.319214,175.768417,326.626770,198.887924,0.512402
162,554.947998,178.650223,612.248047,232.931595,0.928794
162,238.690063,179.869919,292.339783,203.112808,0.869554
162,324.483063,179.252350,352.191010,197.280731,0.781587
162,541.177185,179.504425,555.566345,192.600616,0.757097
162,905.743164,191.741898,974.728149,212.848679,0.707656
162,349.000488,180.227631,376.329285,196.874298,0.576874
162,287.522217,176.533356,312.792297,199.381958,0.524599
163,555.452026,179.562973,612.137451,232.766190,0.924519
163,232.548920,180.239365,285.539215,203.717697,0.875262
163,540.537781,178.922821,555.620300,193.584991,0.762200
163,321.305176,180.696564,347.247742,197.686584,0.665338
163,941.677551,193.076828,985.309875,214.068771,0.549614
163,354.234314,180.733932,374.174133,197.154739,0.547108
163,552.348816,178.875198,565.281921,195.763016,0.505040
164,556.016785,179.611008,612.728943,232.750900,0.932904
164,226.656723,180.459396,280.610657,204.639023,0.867058
164,918.650452,193.720795,992.427429,214.923676,0.844949
164,540.151245,180.088394,556.475098,194.823410,0.817121
164,317.510101,181.490372,336.649689,200.030319,0.708631
165,557.185303,180.202118,612.714355,232.797607,0.930671
165,220.203857,181.522507,274.414673,205.943008,0.860507
165,538.991760,180.787903,555.406555,196.260071,0.795834
165,926.359558,194.779739,1000.665100,215.651718,0.750561
165,553.022583,179.948181,566.673462,198.985626,0.594274
166,557.721802,180.809738,613.218872,232.804306,0.935508
166,538.962280,181.010071,555.561646,197.243347,0.819172
166,934.252319,195.583939,1009.066528,216.225693,0.741438
166,1013.590637,197.426605,1033.736450,216.914307,0.656526
166,553.988953,182.366211,567.215149,199.140106,0.618213
167,558.515869,180.879288,613.403564,232.483261,0.933339
167,1022.884033,196.911148,1052.617920,217.240036,0.748509
167,537.508118,181.038559,555.726624,197.870316,0.730193
167,943.988159,195.241440,1017.503906,217.473068,0.510884
168,559.282654,181.506439,613.497009,232.751831,0.934641
168,947.387817,196.126495,1029.571045,220.265503,0.802174
168,1032.114868,196.865997,1069.456665,221.216461,0.752263
168,537.239624,181.667664,555.447021,199.238007,0.739981
168,553.115845,181.300003,568.318848,196.584000,0.635907
169,559.992554,181.519836,614.211182,232.259949,0.926785
169,535.758789,182.284698,554.546753,199.487396,0.835360
169,962.365112,196.665359,1040.099976,221.107407,0.826415
169,1040.879395,196.821472,1086.318848,222.609192,0.799080
169,552.443054,181.098557,568.502869,196.288559,0.723345
169,331.016785,183.542130,350.337219,200.865372,0.709226
170,561.146118,181.675476,614.393555,231.664886,0.929300
170,181.270233,183.134430,245.825073,211.352844,0.892966
170,293.387634,182.828735,328.898560,203.360809,0.882418
170,534.208191,182.454056,554.091980,200.383286,0.829832
170,1054.278687,197.933395,1108.859009,223.329239,0.827607
170,327.985840,183.657745,347.880554,201.439423,0.809468
170,270.551392,180.364777,294.162170,205.190186,0.714978
170,551.987793,181.833099,566.576538,195.660828,0.705285
170,969.460327,197.153076,1051.734131,222.366943,0.701929
170,458.479248,179.583618,472.234619,190.980988,0.546818
171,561.988831,181.355515,615.020081,230.580704,0.917451
171,288.904846,181.483917,326.151489,203.309601,0.838867
171,324.310730,183.128510,359.637085,201.210297,0.833306
171,532.542175,181.989960,553.403381,200.906036,0.797345
171,172.900330,183.222778,236.112122,210.317932,0.796978
171,978.384766,197.332153,1064.983398,223.411285,0.759286
171,1066.081177,198.866394,1132.709351,224.196259,0.758701
171,551.869568,182.610306,565.657288,195.345810,0.711062
171,259.594543,179.634048,290.103271,206.251816,0.637528
171,460.295502,178.525208,472.483612,190.446228,0.551534
172,562.698975,179.841660,615.951050,229.859787,0.920317
172,283.030151,180.870041,322.951782,202.701401,0.887323
172,176.274750,181.828491,226.267883,210.951508,0.870156
172,530.864441,181.206696,553.238953,201.478302,0.862740
172,996.235535,197.642578,1077.347168,225.057190,0.857053
172,251.373611,178.675888,284.977203,206.052109,0.821656
172,1087.757202,199.257263,1151.947876,225.572845,0.774704
172,551.296753,181.502060,567.619019,194.996750,0.648251
172,460.857910,177.599335,472.557068,189.932770,0.585649
173,563.928467,180.037796,616.692993,229.225693,0.922708
173,277.898224,181.159775,316.006073,203.162491,0.891196
173,155.548981,181.123444,218.268341,211.203644,0.880477
173,1091.341064,199.428070,1170.095947,226.589111,0.877368
173,529.000977,181.008102,552.621826,202.468796,0.844776
173,241.520767,178.675705,280.006104,206.152054,0.842480
173,1008.570740,197.705658,1091.764648,226.846405,0.795354
173,550.552612,181.129730,566.489502,195.556427,0.750803
173,338.308533,182.459610,352.706299,199.997879,0.614262
173,461.099243,177.116043,472.745972,189.994583,0.587012
174,565.037415,180.528732,617.301941,229.537369,0.918631
174,141.206177,181.064865,210.890930,212.568680,0.887459
174,526.589539,181.447647,551.187439,203.624344,0.861534
174,232.083344,178.744095,273.985291,206.983017,0.847187
174,1108.951904,200.405838,1186.385254,229.496933,0.845400
174,1008.192017,198.640884,1105.441040,229.091537,0.760013
174,549.815918,181.109604,567.866455,195.883255,0.731489
174,315.954956,181.845596,349.194824,201.348251,0.687511
174,272.536774,180.882797,314.203644,203.275589,0.665130
174,460.474487,177.458725,473.008850,190.333511,0.603210
175,566.361145,179.918823,618.283875,229.488983,0.918083
175,523.843262,181.762955,550.287109,205.117599,0.895654
175,1142.988647,201.510574,1204.776733,230.848923,0.888836
175,128.504150,181.399368,199.768433,213.684647,0.887598
175,219.766815,178.584991,268.009125,207.725739,0.867374
175,319.233185,181.791260,346.482025,201.976105,0.829461
175,1051.027222,199.162827,1120.523560,227.538834,0.791188
175,549.217896,180.569000,568.095825,196.339447,0.686056
175,460.258331,177.477905,473.129547,190.131287,0.605269
176,520.671265,182.183426,549.123169,206.446091,0.909788
176,567.478821,180.741104,618.792786,228.506973,0.903841
176,206.076752,178.680634,259.464111,208.467682,0.901226
176,114.607391,181.442261,185.620850,215.023285,0.900446
176,309.314697,181.754105,341.952209,202.080765,0.786846
176,1137.069336,201.407562,1224.014404,233.401978,0.783952
176,545.412048,181.391449,567.596130,197.071960,0.761264
176,260.798340,180.061356,301.891113,204.880112,0.723123
176,1074.061157,200.232025,1137.007935,229.827667,0.676795
176,458.749390,177.593506,473.063293,190.755310,0.633014
177,568.005859,181.068695,619.321533,229.164429,0.919125
177,516.355957,182.192001,547.258179,208.834763,0.908199
177,99.965584,181.881256,169.494965,216.608856,0.905215
177,297.392181,182.826065,338.731842,203.682785,0.879804
177,1176.434204,203.072006,1240.589966,234.912094,0.869735
177,545.974915,181.027130,567.653748,197.713501,0.821549
177,192.358459,179.110779,248.707062,210.008850,0.805304
177,250.712341,181.880890,290.551331,206.199402,0.718699
177,1048.290527,201.357925,1133.494141,230.438919,0.692471
177,562.985901,179.830582,575.729309,195.109848,0.689204
177,459.015869,178.253510,471.777527,191.212280,0.655563
178,568.412720,181.074066,619.835571,229.198700,0.926865
178,176.853058,178.840698,244.334534,209.937408,0.903211
178,83.642029,183.007172,151.890625,218.392212,0.901644
178,510.832733,182.584579,543.698242,210.486374,0.891009
178,243.312042,182.174316,294.548553,206.665436,0.873538
178,291.577393,183.393265,333.555603,204.350754,0.848664
178,544.442993,181.333466,566.012085,198.610321,0.822434
178,1061.561890,201.043381,1156.920532,232.831619,0.795421
178,457.218262,178.394577,471.234802,190.953720,0.717719
178,1195.748901,203.661774,1241.779663,235.376160,0.698923
178,562.468445,179.944565,575.328552,194.711288,0.697936
179,569.244141,180.612061,619.838379,227.936432,0.918760
179,505.954163,182.103531,541.149719,211.479996,0.901487
179,234.394562,181.452332,287.079376,206.147980,0.873386
179,185.166245,177.695633,235.795364,210.083420,0.871083
179,65.508728,181.560913,133.078491,217.663879,0.869680
179,285.958740,182.568710,329.447754,203.591324,0.827785
179,542.828918,181.060577,566.185852,198.324249,0.819353
179,561.001831,178.914780,575.253418,195.380692,0.742598
179,1077.401001,202.513947,1138.541138,233.552887,0.662740
179,1194.490356,203.524750,1241.646851,236.315369,0.518576
179,456.551971,177.251450,471.191803,190.456375,0.514721
179,1119.819702,201.671158,1183.497681,232.675430,0.500003
180,570.091248,178.166443,621.110413,225.959808,0.922605
180,155.791351,176.521286,227.222015,209.996109,0.915184
180,499.813812,179.543060,537.923096,211.848267,0.903481
180,225.567551,179.082748,279.672913,205.067337,0.897504
180,540.377258,178.958069,565.778748,197.535828,0.874547
180,46.110123,180.141907,112.924789,218.126709,0.866163
180,278.690033,181.172379,324.710297,202.801010,0.859750
180,1093.425293,200.647034,1186.133789,234.094635,0.787292
180,560.328491,177.478012,574.618530,191.139786,0.785412
180,455.674377,175.444199,470.784912,189.260696,0.672781
181,570.173218,176.984268,621.614868,225.258713,0.922450
181,492.041870,179.513489,533.861084,213.673676,0.916519
181,135.650467,175.968079,216.634048,210.606567,0.912863
181,215.271423,178.960205,271.846283,206.037628,0.907766
181,538.670471,178.178772,564.058899,197.851685,0.897477
181,273.422394,180.447311,318.251801,202.495926,0.873560
181,22.568607,181.194504,132.818741,218.782455,0.864654
181,1111.727539,201.298676,1217.944580,236.025513,0.861506
181,560.336548,176.285309,574.826050,192.320984,0.789438
181,454.543121,174.599823,470.041412,187.983002,0.751825
182,120.280815,175.659378,206.037842,211.621872,0.917957
182,571.429382,177.426819,622.361511,225.123932,0.916761
182,483.565002,180.003296,529.519165,216.966156,0.916139
182,536.526123,178.290878,563.648560,198.834915,0.906990
182,1131.499023,201.989639,1241.523438,239.046707,0.900678
182,205.144104,179.158432,264.385010,206.407608,0.898170
182,265.504608,180.186798,313.217804,203.073517,0.862751
182,560.600037,176.351959,574.413147,189.462799,0.797955
182,454.032318,174.739609,469.087067,188.366287,0.732884
182,35.594585,177.600357,117.553833,216.993698,0.575607
183,473.180298,180.696838,522.816467,221.559357,0.923022
183,572.481628,178.691238,623.059998,225.335953,0.917587
183,106.052170,176.625473,190.984604,213.378830,0.914001
183,534.079224,179.252762,562.841187,200.545761,0.898560
183,1152.588013,203.180099,1241.935669,241.610306,0.895539
183,255.810104,181.213089,307.153564,204.912399,0.886855
183,201.120102,180.517365,250.825974,208.297699,0.861538
183,559.464417,177.531631,574.240295,192.188828,0.794452
183,452.515991,175.578598,468.394836,189.664169,0.735685
184,460.653717,181.752060,515.896545,226.551041,0.931781
184,574.034607,178.195435,623.723938,225.270416,0.916364
184,531.191711,179.522873,560.813538,201.914261,0.901485
184,246.920593,181.818680,301.038635,206.118118,0.890670
184,88.906799,176.883514,166.444061,215.557251,0.886840
184,1175.148926,204.696625,1241.909668,243.536926,0.884485
184,181.325180,180.881943,248.174820,207.940140,0.878540
184,558.649902,177.464645,573.547119,191.816971,0.812378
184,34.238045,183.157471,81.598030,222.135742,0.797859
184,451.572510,175.698792,468.346436,189.464996,0.739512
185,444.996246,181.510620,507.351715,231.185028,0.932311
185,574.675598,177.266891,624.316589,224.869370,0.916523
185,527.676514,179.065552,559.047729,202.662018,0.905937
185,70.439377,176.861740,169.800339,216.916641,0.905077
185,237.660538,181.433212,294.056641,206.495468,0.898180
185,0.595112,182.810623,60.491947,224.335739,0.889375
185,557.494690,176.496674,573.840271,191.761841,0.814354
185,168.777756,180.697266,239.216293,209.799866,0.760973
185,1199.657227,211.638275,1242.088867,240.006531,0.689872
185,450.223541,174.475372,467.008575,188.569885,0.685089
186,425.289795,181.482712,497.449890,238.304581,0.932385
186,575.703003,176.728119,624.842407,224.006378,0.918744
186,523.843811,178.746918,557.557800,204.325073,0.912005
186,154.308578,180.354736,229.100143,210.802460,0.911145
186,0.059092,184.048737,38.452209,225.111298,0.900678
186,228.708862,181.384781,287.624023,207.181381,0.894131
186,50.364201,176.670197,142.830017,218.398254,0.880642
186,556.497314,176.507355,573.547363,191.737122,0.814610
187,399.261230,183.039948,484.205750,248.722412,0.941313
187,576.320557,177.894135,626.017822,224.418549,0.925429
187,519.563049,179.768280,555.536316,206.445892,0.911202
187,140.296600,181.515533,218.689697,212.663330,0.906937
187,28.421894,178.200272,139.202774,220.203018,0.902327
187,217.967117,182.543884,280.062683,209.055969,0.901836
187,555.830872,177.050583,573.504822,192.976913,0.824120
187,0.064800,190.662415,12.843968,227.489502,0.651087
187,572.422424,177.805862,585.304382,193.468460,0.503354
188,364.194733,185.235962,466.994171,262.516724,0.943484
188,577.271484,177.791290,626.651978,224.392029,0.927396
188,124.439201,181.987808,208.580475,214.309769,0.913608
188,513.247742,180.634537,553.270081,209.329605,0.911857
188,208.378418,183.128418,271.885529,210.160370,0.902926
188,4.182201,178.139191,122.783096,223.984894,0.902296
188,555.060120,177.648544,573.396545,193.513229,0.822325
188,447.989166,176.396622,464.260834,190.711960,0.657206
189,311.891357,187.259552,444.612976,281.124115,0.952046
189,577.886658,178.044846,627.828674,224.285965,0.929303
189,2.447212,179.891541,104.320251,226.283752,0.920687
189,508.594666,181.442978,550.192322,211.829330,0.916040
189,109.016891,183.134537,195.142136,216.900650,0.915380
189,196.226196,183.908737,262.864441,211.495590,0.909654
189,552.613708,177.780716,572.973206,193.983658,0.849366
189,446.085205,176.325623,463.717285,191.261475,0.794456
190,230.351959,190.257339,411.187958,311.050446,0.953659
190,578.108093,179.704224,627.944397,225.309052,0.919452
190,88.217743,185.340530,183.387543,220.598679,0.913322
190,184.196655,185.745270,252.875854,215.064697,0.910616
190,501.368469,183.030304,546.902405,216.105011,0.909526
190,0.239174,180.854935,83.593178,230.617447,0.896402
190,552.169556,179.182755,572.200806,196.559616,0.806352
190,444.787720,178.125092,462.504578,192.282959,0.741264
191,81.042404,195.591034,359.280273,361.650238,0.954898
191,68.832993,186.140320,169.332825,223.603638,0.921241
191,579.890259,180.385971,629.146606,225.826431,0.916146
191,492.664551,185.029968,542.654541,219.491180,0.901511
191,0.181946,184.248245,63.577549,230.934250,0.883613
191,551.071289,179.639099,572.057129,197.070618,0.818500
191,173.137772,187.232147,243.777542,213.940125,0.808413
191,443.666595,179.399841,461.797760,193.423676,0.728515
192,1.492966,200.746033,270.038208,370.708435,0.943239
192,580.988159,180.032547,629.898071,225.365036,0.916636
192,482.259705,185.050537,538.071533,224.346191,0.898147
192,549.050842,179.631531,571.491394,197.677704,0.858569
192,167.044342,187.746078,232.791290,214.322067,0.833749
192,442.523773,179.294708,460.691254,193.008179,0.785017
192,54.103130,186.541321,152.439499,205.900391,0.761529
192,0.038094,185.157791,38.957127,216.126419,0.642123
193,24.713886,186.034378,138.536499,226.702377,0.924868
193,469.571960,184.334305,532.064758,229.268326,0.924231
193,0.131775,243.031616,74.319794,373.172058,0.920615
193,582.301270,179.394302,631.142090,224.553360,0.920234
193,141.997482,187.685440,221.788895,219.407516,0.913361
193,547.568298,178.774002,570.976379,198.056259,0.877498
193,441.359344,178.508728,459.855621,193.232391,0.718308
193,570.114746,179.855927,583.605713,192.083984,0.602836
194,0.735508,186.423904,120.971085,229.052353,0.927684
194,583.427429,180.397354,631.397888,224.979263,0.921293
194,453.310211,186.324661,525.203491,234.658218,0.921066
194,125.544510,188.156189,209.351913,220.751495,0.914942
194,545.304688,179.863388,570.101196,199.748520,0.868138
194,440.215851,179.373322,458.344940,193.903534,0.793565
194,568.913696,180.712585,582.518433,192.884430,0.591098
194,579.475464,183.985168,591.003662,195.868256,0.585593
195,432.652527,186.374985,515.968872,242.369217,0.940518
195,583.986267,180.614685,632.064148,224.893188,0.925122
195,0.007801,186.274307,100.866150,230.927505,0.924805
195,106.762756,187.970840,196.559784,222.003403,0.913515
195,543.243652,179.861832,568.712402,200.462143,0.874394
195,438.722321,179.074631,456.573700,193.838577,0.720534
195,567.655457,180.417862,584.020813,194.548996,0.678625
196,404.525848,186.492126,504.391388,251.450684,0.938424
196,584.365295,179.490097,632.416809,224.048904,0.917310
196,0.247017,184.214462,78.653381,230.695816,0.911427
196,86.017517,185.828247,181.635864,222.010712,0.907092
196,540.587769,179.153687,567.896973,200.840881,0.880399
196,566.481445,179.012009,585.281250,193.596420,0.709664
196,436.282196,178.055771,455.603180,191.189713,0.530965
197,364.863647,187.216797,488.733337,265.263977,0.942760
197,65.175735,185.666382,166.000381,222.734344,0.925854
197,585.505005,179.385849,632.662231,223.199539,0.916753
197,0.059368,184.355835,56.059181,227.331360,0.903965
197,537.597229,178.771805,566.235168,201.274673,0.889001
197,565.741943,179.098984,583.627563,194.631943,0.693351
198,305.764435,188.954193,468.479767,283.445282,0.945434
198,40.182369,184.790344,148.598831,224.069458,0.920088
198,585.997314,178.853363,632.690308,222.266693,0.916812
198,534.235168,178.055527,564.624451,202.347610,0.891392
198,563.347107,178.674606,580.876892,195.036301,0.736902
198,431.753052,176.919678,452.291260,192.254486,0.729555
198,0.032676,187.818863,29.825954,227.412003,0.709411
199,207.839996,192.266937,437.517731,316.907440,0.949359
199,11.846333,185.225677,128.869370,226.916168,0.924747
199,585.785400,179.601883,632.637573,223.059555,0.913933
199,529.935120,179.116516,562.345154,204.828705,0.907900
199,560.982666,180.465393,578.755249,196.943970,0.786627
199,432.348633,177.376587,450.208984,192.803070,0.735176
200,13.737045,196.956161,394.541565,371.680603,0.961041
200,0.214565,186.872437,107.985443,228.456299,0.917120
200,585.755920,180.464294,632.650208,223.424072,0.909482
200,524.727783,179.519485,558.943970,206.896164,0.902558
200,558.407471,181.131607,575.981812,198.552170,0.772857
200,427.213470,178.492340,447.088776,193.631744,0.755658
201,519.188477,178.831070,556.527100,208.496445,0.912044
201,585.842590,179.639282,632.318542,222.381409,0.908317
201,3.019638,206.150330,316.085938,370.464478,0.879418
201,555.216919,180.146591,574.675659,198.067734,0.791416
201,425.478943,177.284973,446.922791,193.036896,0.788346
201,-0.226425,186.556671,83.461601,220.792114,0.771166
202,513.087830,178.132507,552.661316,209.922699,0.917875
202,586.535400,178.192810,632.369629,220.816284,0.914272
202,0.153389,185.973297,58.974838,230.273529,0.866619
202,422.782349,176.459747,444.225464,192.967346,0.813904
202,0.693428,272.405640,151.663849,372.611511,0.808585
202,551.915955,178.784286,573.914246,197.852188,0.735171
203,505.519928,177.543289,549.815002,211.488022,0.922496
203,586.588623,176.588821,632.162354,219.457291,0.911797
203,0.034362,188.423721,30.033241,231.186234,0.861884
203,549.184448,178.896606,571.476440,198.301575,0.759680
203,420.108215,175.534607,441.829956,192.151123,0.613446
203,575.423462,179.881836,587.260742,191.442230,0.553708
203,484.649567,178.324539,495.630646,187.112930,0.513053
204,497.047302,177.648178,545.450134,213.867752,0.922070
204,586.940308,176.634796,632.180176,219.113220,0.901654
204,418.121490,175.645172,440.157013,192.545532,0.774201
204,544.978455,178.807541,570.139465,199.071518,0.756837
204,483.347076,178.459213,494.340057,187.414352,0.526478
205,486.108551,178.246689,540.016724,218.880508,0.918104
205,586.828125,176.751907,631.871948,219.257919,0.893691
205,542.125916,179.555206,567.629578,201.687836,0.858202
205,415.266388,176.481201,437.881500,193.638977,0.799838
205,565.036743,179.747147,577.610962,193.039566,0.592275
205,482.650360,178.994125,493.766632,189.449936,0.528859
206,472.714661,176.867737,534.476624,222.527161,0.932247
206,586.758606,175.579468,631.551086,217.330994,0.902214
206,538.464844,177.651306,566.504883,201.498596,0.881671
206,412.510010,175.044281,435.702454,192.719452,0.762699
206,562.809509,177.551208,577.274963,192.748474,0.674884
207,457.223206,175.248474,527.410217,225.643463,0.911643
207,587.138977,174.318878,632.038269,215.503265,0.909265
207,534.345093,176.360825,564.072388,201.500015,0.884199
207,409.684937,173.808884,431.694641,191.303909,0.812238
207,561.544495,176.412262,577.154846,191.257904,0.645521
208,436.674164,176.251160,516.732605,234.728485,0.938577
208,586.658020,175.681030,631.803162,215.961609,0.903828
208,529.546021,177.835449,561.935547,204.102692,0.857189
208,558.992615,176.843948,576.720520,193.651474,0.794024
208,406.702148,175.038010,429.766846,192.682510,0.734514
208,574.911804,177.432602,587.782410,188.527878,0.560879
209,408.309387,179.887054,504.892700,247.725891,0.945997
209,587.957825,178.417923,631.994202,219.445938,0.891079
209,523.517761,180.465515,559.827454,209.316498,0.843217
209,556.054504,179.764938,575.656799,196.795029,0.783771
210,369.110107,181.198715,488.311462,263.290070,0.946952
210,587.800110,179.948853,631.870178,220.904053,0.918109
210,517.692017,182.173965,556.301514,213.055283,0.904531
210,555.054810,181.370850,574.766846,198.011444,0.822906
211,309.441956,181.196442,464.995544,283.593750,0.953321
211,587.823425,180.155914,631.646423,220.737762,0.916798
211,510.256866,181.992172,552.448853,215.333786,0.909433
211,552.483154,182.184265,573.848877,199.536346,0.821083
211,476.184814,181.855515,486.850708,191.224503,0.645552
211,573.947083,183.868103,587.917053,193.859039,0.587982
212,213.777557,181.029449,430.780243,315.386780,0.950914
212,588.040771,178.477112,631.675903,219.373718,0.919178
212,502.212280,180.496796,547.418823,217.264099,0.899495
212,550.227112,180.761795,572.831482,198.950485,0.771335
212,474.975708,179.825745,487.220642,189.910461,0.673302
212,572.202576,181.445801,587.736267,192.993195,0.597150
213,19.651733,182.408844,376.415131,371.548065,0.961537
213,491.025513,179.618011,542.603882,220.006561,0.912505
213,587.733032,177.252304,631.221558,217.530869,0.911209
213,572.171692,179.093521,587.117493,192.329605,0.733898
213,547.199646,179.372864,572.316956,198.852081,0.729146
214,0.915939,185.859009,273.015808,370.142578,0.947316
214,478.155945,179.676315,535.725220,224.569717,0.926819
214,587.659546,176.798248,631.011108,217.119659,0.907072
214,544.829224,179.523026,570.410156,199.829880,0.820769
214,569.519836,179.038422,587.065369,191.837128,0.739744
214,387.788910,175.037659,414.335541,194.808167,0.676278
214,472.656830,179.012390,487.796417,188.619507,0.598705
215,461.296478,179.937149,527.853821,230.876175,0.932732
215,587.841858,177.453690,630.975769,217.166458,0.903758
215,542.202576,179.925034,569.025696,201.607498,0.835136
215,569.264221,179.054504,585.396912,192.853577,0.797644
215,382.831787,174.862808,410.767700,194.941330,0.725000
216,440.157684,179.739136,517.391907,240.017212,0.942400
216,588.403259,178.616104,631.118591,218.113510,0.891642
216,538.353088,180.593521,566.768127,203.681900,0.847259
216,378.306610,175.082230,408.020538,195.962326,0.815158
216,567.163147,179.317154,585.239929,193.761093,0.780210
217,410.749786,181.716415,504.180695,250.288101,0.940214
217,588.450684,178.675278,631.181396,218.551651,0.910219
217,534.310425,180.961349,565.250732,205.835251,0.882540
217,566.552490,179.902969,584.434570,194.020493,0.798351
217,374.046387,175.450623,403.928284,196.346313,0.732596
218,369.187775,183.378387,485.616974,267.668549,0.946257
218,529.383789,181.949829,563.467651,208.617096,0.913261
218,588.305603,180.065704,631.147766,219.378021,0.893999
218,369.075958,176.945358,401.079010,198.041946,0.876859
218,565.829712,180.048553,584.064453,195.953491,0.787833
218,467.408569,180.250702,482.560669,190.258148,0.537963
218,487.576447,179.840714,500.280609,189.097458,0.507145
219,304.788208,186.063812,460.752502,292.315979,0.946523
219,524.817017,184.345078,561.820679,212.353836,0.899923
219,588.452148,181.434738,631.010864,220.678513,0.899632
219,563.561340,181.753830,582.775574,197.435898,0.852556
219,465.539246,181.217407,480.825562,192.490692,0.769481
220,189.793762,190.853104,422.157959,331.689209,0.950429
220,588.881775,182.552292,630.820007,221.463394,0.910237
220,518.797974,185.657913,557.960571,215.741440,0.909517
220,561.970825,183.155762,582.093018,199.519135,0.869561
220,361.586334,179.752579,392.683197,192.527054,0.722127
220,464.107300,183.037491,479.528320,194.068253,0.701477
220,485.530579,182.731735,500.012573,191.812241,0.641756
221,0.294250,194.443085,356.401611,371.470673,0.965153
221,512.566101,185.600403,555.103821,218.730011,0.928421
221,589.219543,181.913651,630.863953,221.107162,0.907186
221,560.285156,183.253693,581.576782,199.910217,0.862452
221,354.708374,179.519516,388.163635,202.156326,0.810105
221,461.656799,183.117142,478.416016,194.261765,0.790874
221,484.643066,182.438675,498.996216,191.721146,0.625960
222,-0.055038,204.200378,219.591583,371.015503,0.946514
222,589.290283,181.735138,631.525269,220.594025,0.897792
222,558.412231,182.226105,581.261597,200.164520,0.883248
222,503.717316,185.670212,551.368286,222.415817,0.874119
222,349.671997,179.391434,383.729736,202.151962,0.832498
222,460.602997,182.799561,477.349945,194.295349,0.732665
222,483.421539,181.793228,500.187103,191.338455,0.540205
223,493.766357,184.708969,546.622681,225.196426,0.923388
223,589.606812,181.136551,631.411255,219.760574,0.893934
223,556.630249,181.017838,579.722778,199.384293,0.874869
223,343.478729,178.026703,379.067474,201.641693,0.812553
223,459.054871,181.683884,475.284912,192.599350,0.754783
223,481.921387,182.260468,495.496765,190.997101,0.581452
224,481.226501,185.654678,540.465942,230.318802,0.935696
224,590.247437,180.402344,631.832031,219.514984,0.904659
224,554.307129,180.468826,578.581421,200.244492,0.893667
224,337.417114,177.980911,374.297913,202.140945,0.838754
224,459.029785,181.727936,473.656067,192.714142,0.745356
224,480.591736,181.811707,493.821899,190.473114,0.635238
224,608.883301,178.912216,633.380981,196.018997,0.522112
225,465.397522,186.081467,533.199036,235.796616,0.929446
225,590.490845,179.654877,631.931641,218.695251,0.899934
225,552.148743,180.362213,577.230042,200.750214,0.898051
225,457.034210,181.075714,472.244415,192.219940,0.749320
225,330.962769,177.397659,368.769409,202.057419,0.710444
225,479.650604,180.033539,493.053497,190.196320,0.573707
226,444.261200,186.346817,523.810181,244.445572,0.941367
226,549.175293,179.316025,575.794678,201.194229,0.901134
226,590.838623,178.655945,631.564575,217.521454,0.875071
226,323.858063,176.853134,363.862946,201.994186,0.855295
226,457.845184,179.836960,470.037201,191.431534,0.717856
227,415.757538,187.534088,512.004211,256.410675,0.950289
227,545.536255,179.009995,574.007324,201.588455,0.900516
227,590.734070,178.556290,631.378967,216.548569,0.888371
227,316.497986,176.199646,357.696777,202.233734,0.752749
227,454.420807,178.999817,468.295074,189.071442,0.744042
227,477.193268,178.400833,492.558197,188.540726,0.699262
228,372.835815,189.815216,494.743225,273.715820,0.952261
228,541.560730,178.965302,571.528748,203.258362,0.910190
228,590.437378,178.864304,630.494507,216.722000,0.878794
228,307.528076,176.489853,350.690002,202.966904,0.818974
228,450.215973,180.129776,465.947662,190.357254,0.763325
228,474.558929,179.734695,490.250214,189.199753,0.611406
229,305.524902,194.382263,470.095703,300.763153,0.956325
229,589.705505,179.848236,630.295105,217.273010,0.897723
229,536.058838,179.822403,568.004150,205.543106,0.897477
229,297.969543,176.587296,342.666931,204.068832,0.818152
229,446.198181,180.249176,462.750977,192.798096,0.807504
229,471.677124,179.631073,489.465332,189.663391,0.645470
230,181.839752,197.416519,431.244110,345.850220,0.951613
230,529.853149,179.260696,565.191162,206.333725,0.913589
230,588.238892,178.393845,629.352417,215.911392,0.893588
230,287.125122,175.913635,334.456116,202.181305,0.819799
230,442.739380,179.762695,459.708801,191.694366,0.795886
230,469.753448,179.494064,484.414520,189.299332,0.631136
231,0.243393,207.288574,363.949646,371.286255,0.965257
231,523.622559,178.904160,560.786377,208.907303,0.907699
231,277.029633,175.096100,325.946503,204.591980,0.901920
231,587.787354,178.710724,628.741089,215.714264,0.896979
231,438.010864,179.670929,457.026428,191.865875,0.826986
231,466.770264,178.770264,482.227295,189.227142,0.747932
232,0.524994,231.742630,218.695572,371.240540,0.946532
232,586.590271,180.799759,627.424622,217.150925,0.905810
232,516.492310,180.207306,556.589233,212.710724,0.890548
232,265.146149,177.050903,316.516266,206.931519,0.874511
232,434.223694,180.569565,452.968872,193.576553,0.818623
232,463.605377,180.444153,477.812347,190.832306,0.761626
233,507.480591,181.011292,552.275513,215.477539,0.909549
233,585.918762,179.991547,626.382996,217.422333,0.905781
233,253.191757,177.199600,307.080078,208.341171,0.859777
233,430.257538,180.992767,449.881500,194.679230,0.835916
233,461.046509,180.932983,475.290771,191.117676,0.783051
234,495.983704,179.200699,546.507996,217.028793,0.930613
234,585.354248,177.985474,625.689209,215.225891,0.903264
234,426.337128,179.084778,446.249420,192.421692,0.866339
234,239.562012,174.779114,296.612183,207.261749,0.848949
234,458.177887,178.728836,473.700653,189.374252,0.760799
235,483.051147,179.281479,539.745911,221.540024,0.931298
235,584.457031,176.829712,624.113281,214.607483,0.897668
235,422.058380,178.899261,443.234711,191.762634,0.851897
235,225.399857,174.039581,285.149323,207.581207,0.834629
235,454.174774,177.483459,478.498260,188.886047,0.758787
236,467.233154,180.682175,532.122925,227.242569,0.929805
236,584.081177,177.984909,623.425049,214.544785,0.897355
236,418.383881,179.148026,438.775482,193.014664,0.867130
236,209.909149,174.165192,273.956085,209.487091,0.830586
236,452.386597,179.165649,467.062439,189.433014,0.761779
236,574.679565,176.380234,588.836792,190.367630,0.695803
237,447.963013,180.941711,522.086914,235.386810,0.940514
237,583.680969,178.955734,622.914490,215.084793,0.904156
237,414.386780,179.385376,435.513977,193.441345,0.853099
237,193.946396,175.343384,261.299866,211.466644,0.850191
237,449.886200,179.238388,463.594452,190.637131,0.745370
237,573.965454,177.178345,584.835449,191.617462,0.552640
238,422.556396,180.661346,510.940063,245.063446,0.946186
238,583.091064,178.242294,622.605713,214.557541,0.899048
238,409.978882,179.599609,432.291504,193.432129,0.871763
238,176.696182,175.251984,248.258896,212.233948,0.781201
238,573.084595,176.105591,588.158813,191.064178,0.729250
239,386.668457,180.502167,495.171753,257.423859,0.942927
239,582.959900,177.785400,622.358459,213.652039,0.894499
239,157.838257,175.331802,234.135376,214.071365,0.859432
239,406.415863,178.703049,426.175262,193.352554,0.787914
239,570.977905,177.028076,584.043213,191.445129,0.551129
240,334.422333,182.223862,474.707611,276.957886,0.951227
240,138.089294,176.000793,219.596008,216.527893,0.893290
240,582.875732,179.076965,621.598267,213.556732,0.885076
240,569.708191,177.618713,583.945740,192.781616,0.628971
241,250.035202,186.721680,443.197754,307.265503,0.956479
241,116.054962,176.006317,203.846283,218.777344,0.902600
241,583.303833,179.337067,621.406128,213.447235,0.883226
241,399.499420,180.202103,422.259857,193.525040,0.824249
241,438.226440,179.716202,457.986572,191.522629,0.794303
241,567.522583,179.075439,581.321777,193.882233,0.743947
242,80.084610,190.203644,393.667297,367.839691,0.941163
242,91.210258,176.272919,185.177063,221.439026,0.900802
242,583.357544,178.964554,621.696899,213.463882,0.891263
242,394.032196,180.321579,418.631134,195.589554,0.869641
242,436.402985,179.889069,454.359589,191.447144,0.783287
242,565.705200,178.770844,579.686523,194.287537,0.752965
243,-2.344833,199.198929,304.475708,371.209778,0.945412
243,389.555023,180.799957,414.333649,196.391449,0.889234
243,583.101440,179.096664,621.380127,213.694565,0.882817
243,433.392670,180.156418,451.118805,192.049088,0.834664
243,65.989456,177.338120,165.159714,202.364212,0.793897
243,562.771912,179.575104,579.242493,195.015472,0.757538
244,0.172459,254.646851,78.631989,373.530884,0.935152
244,384.916534,180.631851,410.587189,196.487228,0.883013
244,583.142456,178.661972,621.572754,213.764816,0.879483
244,33.214684,176.369110,143.464142,227.067780,0.866321
244,430.039734,180.016174,449.630493,192.318298,0.813949
244,560.533691,179.068039,578.719727,195.392990,0.780667
245,0.405231,176.991150,120.343689,230.507385,0.893812
245,379.927643,181.088043,406.318024,196.952301,0.892547
245,583.027527,179.042816,621.205627,213.468811,0.884938
245,426.927887,180.300156,447.388458,192.714828,0.804177
245,556.778076,179.316528,576.370850,196.543854,0.778342
246,374.685516,179.982819,401.896515,196.720490,0.888728
246,582.794678,178.395874,621.401367,213.146820,0.886477
246,0.354530,175.651672,93.824486,231.332062,0.865300
246,423.895752,179.255188,443.654541,191.543396,0.836429
246,554.461548,178.535446,575.352783,196.163589,0.801016
247,582.880554,178.681320,621.560974,213.868454,0.896393
247,369.091156,180.612305,397.342438,197.076691,0.887591
247,550.260986,178.414505,573.446045,197.241074,0.819082
247,420.512939,179.485550,436.602966,192.362411,0.754137
247,-0.517437,177.369385,63.751713,231.178467,0.591647
248,582.523926,180.384857,621.105713,215.081421,0.892436
248,363.152039,182.445953,392.508728,199.423492,0.882046
248,547.640991,180.942566,571.282593,199.629944,0.834621
248,417.463379,181.467819,437.001404,194.661636,0.784735
249,583.055298,181.712097,620.961304,216.020447,0.898733
249,356.819489,182.926605,387.894135,202.064362,0.892057
249,544.391296,181.266724,568.804016,201.573364,0.838299
249,412.765442,182.472672,433.898254,196.451920,0.755573
249,565.525330,184.547913,576.485046,196.006165,0.577461
250,541.153687,181.879761,567.608398,201.834442,0.887675
250,350.355499,183.170914,382.203766,202.359146,0.883959
250,582.939636,180.486435,620.945496,215.209885,0.691273
250,562.906738,183.061554,575.234253,196.590759,0.641594
250,573.929199,181.758881,586.015869,193.617065,0.518112
251,538.532349,180.545761,565.915894,202.592209,0.872917
251,343.733032,182.765656,370.161804,201.743927,0.849902
251,582.598816,180.247314,620.466370,214.180115,0.843261
251,561.782593,183.347229,573.894043,196.182404,0.677467
252,534.331238,181.703918,564.342102,204.348541,0.897332
252,582.894775,180.159210,620.226318,213.630463,0.861992
252,558.725403,182.070694,572.360168,196.366287,0.761528
253,530.241333,180.288818,562.489258,205.192352,0.904610
253,582.830750,179.018570,620.070251,212.804611,0.885978
253,557.237183,180.407303,572.239258,196.940536,0.770515
254,525.805542,180.472565,559.360474,206.226166,0.907474
254,582.944946,178.768478,620.446167,213.414841,0.895382
254,553.543579,180.534897,570.159180,197.832108,0.842008
255,520.427063,181.520844,556.901672,208.560638,0.915521
255,550.767029,180.901627,569.455017,198.680832,0.866952
255,583.284851,179.339218,620.348206,213.530167,0.849631
255,562.584839,178.361954,578.704224,193.235428,0.566484
256,514.943970,182.210205,554.052612,211.947510,0.918703
256,546.633423,181.907364,566.874146,200.975235,0.892069
256,582.833740,180.008957,621.385864,214.688522,0.880378
256,560.513306,179.109863,577.565796,195.557678,0.681239
256,392.573883,182.995300,409.875824,198.835205,0.669158
256,407.293030,182.305176,427.040466,196.563599,0.636422
257,508.257324,181.626251,551.325439,214.077545,0.913565
257,543.438171,181.418777,565.781921,201.226852,0.897209
257,295.151123,185.618866,336.098083,207.296448,0.889894
257,378.961517,182.989563,405.954315,198.991913,0.885192
257,583.971130,179.660461,620.874329,213.919189,0.844620
257,403.340240,182.583359,423.664948,196.625687,0.693899
257,560.490417,178.321716,576.613953,194.942993,0.629519
258,284.728699,182.360672,328.599304,205.398849,0.911705
258,499.878387,178.321243,547.520264,213.948044,0.908431
258,584.072876,175.058228,621.028076,210.283905,0.896861
258,539.776550,178.025620,564.007385,198.196182,0.875658
258,373.755341,179.748947,402.092194,196.075912,0.862579
258,558.167542,174.234543,575.990173,192.886490,0.799912
258,399.161285,178.570114,420.092743,193.798599,0.789367
259,490.320618,177.775406,543.273010,215.850754,0.914302
259,273.611664,180.827713,320.004974,204.530136,0.911182
259,584.455261,173.807266,621.799377,208.818832,0.902102
259,537.448059,176.220551,562.550110,197.325928,0.886821
259,368.792175,177.963562,397.981995,194.494629,0.875925
259,394.735626,176.744354,417.084442,192.364227,0.828246
259,555.939575,172.220291,574.991699,191.637711,0.796723
260,478.120056,178.871536,536.880981,223.561020,0.918443
260,262.193787,183.286362,311.466370,207.456955,0.915930
260,531.491943,178.847687,560.208740,202.121033,0.903338
260,584.244263,176.613876,620.833130,211.817001,0.880912
260,362.470001,180.398239,393.388885,197.499344,0.848231
260,388.370972,178.950089,412.675720,195.050339,0.811292
260,553.903320,174.671066,573.698364,194.686081,0.755774
260,571.470032,178.308456,582.421326,189.029434,0.628392
261,463.177979,181.822998,530.294983,230.455078,0.927054
261,249.250717,183.481857,300.440277,209.437271,0.919475
261,526.654053,180.715210,558.368530,204.998688,0.916600
261,584.342651,177.972336,621.921021,213.475540,0.890528
261,356.989899,181.196045,387.142487,198.768433,0.886092
261,383.943420,180.027039,408.763794,196.445160,0.802922
261,551.523132,177.472885,572.718567,196.916122,0.784677
261,570.003723,180.006653,581.681946,192.064697,0.724629
262,443.865723,179.734924,520.675354,235.565582,0.920125
262,235.420395,181.653015,289.657471,207.841064,0.911279
262,519.663574,179.824646,555.631348,205.197083,0.903302
262,349.955475,179.070602,382.465363,197.080429,0.881585
262,584.805481,176.613815,622.647766,212.128464,0.832295
262,568.892395,178.582230,581.544861,190.121567,0.784954
262,548.510193,176.238998,571.113953,196.307144,0.783432
262,379.392029,178.340973,404.546936,195.035645,0.769349
263,419.425476,177.044617,510.238831,243.345276,0.943007
263,220.905334,180.078186,278.367004,207.087128,0.927606
263,512.766052,178.620361,551.754211,205.469543,0.914115
263,343.049072,177.468933,376.535461,195.587097,0.898770
263,585.223511,175.283249,622.903442,210.403122,0.874733
263,546.144470,173.888702,569.242615,195.380341,0.847428
263,567.400146,177.055969,580.007080,187.824402,0.800177
263,372.526337,176.901764,398.570282,193.574707,0.752527
264,384.278748,177.932556,495.471375,255.561005,0.934309
264,204.433533,178.885605,264.880524,206.854294,0.930088
264,505.558197,177.253830,548.073059,207.151016,0.912608
264,584.797791,173.881577,622.540466,209.379837,0.886011
264,335.186249,175.948471,370.312714,194.960587,0.884929
264,542.661621,172.300430,567.098267,194.919907,0.812403
264,366.343903,175.355621,394.003876,192.515900,0.802114
264,564.385254,175.330643,578.896484,188.476364,0.798306
265,331.935242,176.932190,475.246155,274.770691,0.947320
265,185.782104,179.251740,250.052643,208.864746,0.922762
265,496.615356,177.628738,542.994019,209.676773,0.915112
265,326.637970,176.400696,363.014496,195.499603,0.895865
265,584.104614,174.287033,620.987915,209.405594,0.861615
265,562.376831,176.268753,577.601440,189.461472,0.829831
265,538.066833,172.408310,564.409241,197.032486,0.771826
265,359.535492,175.664169,383.751923,192.992935,0.720396
266,246.444122,176.068787,446.389313,304.171143,0.945942
266,165.211639,179.485840,234.461853,210.712555,0.924815
266,485.499817,178.085831,536.754089,213.465012,0.921907
266,559.462952,175.773880,576.091003,190.769974,0.861696
266,583.613525,174.971085,620.265381,209.883987,0.838661
266,534.300415,173.086853,561.833496,198.413025,0.807631
267,143.564056,180.354187,217.185944,212.739960,0.924244
267,76.367889,178.811737,408.095795,357.640594,0.922996
267,473.164032,179.321381,530.560059,218.852295,0.914741
267,582.327271,174.924362,620.077026,210.525314,0.862101
267,528.002930,173.532974,559.425659,200.970261,0.860352
267,557.080566,176.939362,574.162598,191.867981,0.850612
267,344.286469,177.148682,376.435089,194.518707,0.596571
268,0.016739,179.968414,330.816833,371.562042,0.950158
268,457.772064,180.239990,522.899658,224.496124,0.927553
268,582.276428,174.935074,620.236145,210.890640,0.903128
268,298.922028,178.003754,338.713654,199.110809,0.898392
268,554.711365,177.644043,573.323059,192.642975,0.869022
268,522.702026,173.721375,556.171143,202.569550,0.850840
268,336.080200,177.349136,369.317871,196.352249,0.780394
269,0.051262,212.039062,175.202271,371.435730,0.954970
269,439.142700,180.050385,513.645203,231.831879,0.930853
269,95.756943,181.534866,180.211472,218.068924,0.924413
269,289.299042,178.118683,331.519012,199.907074,0.909635
269,582.685669,174.960403,620.427856,210.465714,0.891594
269,517.006226,173.254883,554.134277,204.510864,0.884391
269,551.499512,176.208923,572.705444,192.785248,0.873887
269,328.828125,177.302719,364.370789,196.872787,0.832113
270,414.930023,180.799957,502.789337,240.069824,0.946234
270,67.642754,182.102554,160.238098,220.170486,0.917525
270,279.266144,178.174728,323.568146,200.846756,0.915605
270,584.360779,175.461945,620.928650,210.322662,0.888321
270,549.045227,176.693466,571.643494,193.569717,0.872929
270,512.183472,172.966095,551.145508,206.367188,0.851745
270,320.322021,176.920135,358.144897,197.404785,0.844513
271,381.891144,182.070343,488.688385,251.616516,0.941209
271,36.787331,183.076431,137.230103,223.800919,0.935133
271,269.020721,178.566376,314.943390,202.286499,0.920396
271,584.527222,175.427872,622.612427,210.721237,0.886970
271,546.424377,177.130005,570.491150,194.158997,0.864282
271,312.402405,177.172424,352.283142,198.468475,0.853922
271,505.112457,172.968353,547.955688,209.009430,0.744820
272,333.294861,185.345718,469.460022,266.860596,0.945684
272,2.497604,183.943237,111.712616,226.646881,0.930473
272,257.767151,178.548172,305.927307,202.924789,0.917743
272,543.814697,177.518417,569.287354,196.285202,0.895052
272,584.884155,174.783447,623.608032,211.221924,0.860262
272,303.866882,177.474045,345.128174,199.336441,0.849253
272,497.676361,172.804184,545.055420,212.575943,0.837312
273,260.270966,186.969879,443.706757,292.161957,0.946791
273,0.126133,185.028290,82.866348,230.287903,0.925039
273,244.901993,178.795456,295.154633,204.174210,0.921691
273,488.508179,172.637924,540.849487,216.149734,0.910950
273,541.041077,177.659775,568.198547,197.362869,0.901904
273,585.022827,174.803589,623.977173,211.307404,0.893727
273,293.330322,177.259644,338.734985,200.629486,0.872063
274,126.060120,189.295975,402.845825,338.012695,0.951158
274,537.929260,178.156342,566.692566,198.401459,0.906195
274,0.161112,185.831329,51.215530,229.226532,0.899028
274,585.386047,174.560516,623.942566,210.993134,0.895150
274,231.877853,178.918213,285.446991,203.974182,0.884705
274,476.891541,172.882599,534.954834,220.468079,0.872495
274,283.776733,177.536316,329.538025,193.828979,0.814479
275,0.283478,194.339233,338.403931,370.646423,0.968649
275,462.527435,172.846008,528.213562,226.252472,0.913962
275,534.067688,178.108200,565.116150,200.708817,0.908622
275,217.870682,179.326477,272.784912,199.646790,0.875864
275,271.362976,177.982346,321.564148,201.284958,0.875407
275,585.908630,174.778091,624.456726,211.427689,0.873665
275,-0.106109,202.794525,13.465607,231.029022,0.668604
276,0.400383,204.683914,211.036896,371.274963,0.957520
276,200.335526,179.713608,261.528687,208.610977,0.926093
276,529.513245,178.760391,562.377502,201.854691,0.909636
276,586.226074,176.313965,624.935791,211.780701,0.907273
276,443.817017,173.424332,519.076172,232.893326,0.903162
276,258.518677,178.313690,311.810303,203.264862,0.884928
277,419.358154,172.343369,508.055542,241.744247,0.945073
277,182.249771,179.315964,247.849777,209.751205,0.927174
277,524.504761,178.658524,559.917603,203.429855,0.905629
277,586.215454,175.407486,625.384644,211.768906,0.904514
277,244.489563,178.251968,302.032410,204.267258,0.897030
278,385.976776,171.958008,493.972443,253.171265,0.947486
278,162.541275,179.283966,232.154282,210.944366,0.931722
278,518.723145,178.774475,556.818481,204.944000,0.910656
278,586.433716,175.216965,625.497803,211.797745,0.901504
278,228.533600,178.482697,291.120331,205.542877,0.883064
279,336.178131,170.732697,474.757965,270.320801,0.948366
279,141.026596,179.643738,215.671005,212.576721,0.927727
279,512.157776,179.007904,552.870056,207.639801,0.908539
279,586.560608,175.048996,625.495178,211.314041,0.898160
279,211.647522,178.345413,279.151703,206.313889,0.898092
280,256.768219,169.399948,446.530182,297.815491,0.950346
280,117.387154,180.422806,197.831909,215.688187,0.926145
280,503.924438,179.874176,549.225830,211.044556,0.923372
280,193.925232,178.700943,266.396729,208.739639,0.897513
280,586.511292,174.705673,625.936829,211.539291,0.893816
281,111.396439,164.528687,404.387878,344.910889,0.942500
281,90.852371,181.569489,177.429916,218.731964,0.924611
281,494.642090,181.143784,544.173950,214.826035,0.919157
281,586.713379,175.962723,626.356934,212.299118,0.905810
281,173.468262,180.046844,227.709167,211.773438,0.804880
282,0.378998,163.501770,332.323944,371.801819,0.952865
282,483.871887,181.568207,538.454468,220.077393,0.917711
282,587.342163,176.765930,626.942993,212.785095,0.906040
283,0.314362,164.165283,177.820282,371.572754,0.939888
283,469.597839,181.850433,532.058899,224.506134,0.927173
283,587.423584,176.711823,627.381592,212.641357,0.907903
283,142.588043,180.556946,221.213226,214.429382,0.882246
284,0.128838,183.007599,102.937782,226.576599,0.935885
284,452.560242,181.873566,523.375610,231.052094,0.930992
284,587.642578,176.093887,627.715210,212.658646,0.908911
284,101.159119,180.679153,206.214111,217.260818,0.890712
284,260.934967,165.117142,281.295624,177.604782,0.519974
285,429.759491,183.129105,512.913208,238.778336,0.943824
285,0.420963,183.415619,72.250046,229.527191,0.926189
285,587.847290,176.535721,627.635254,213.015121,0.912930
285,70.223724,181.276443,183.526031,219.166214,0.885874
285,255.223282,164.527969,275.567078,177.424820,0.596611
286,399.454346,185.245392,499.878052,249.685699,0.947544
286,0.064047,187.098846,36.324135,227.552582,0.915470
286,587.725586,175.944809,627.867065,212.767258,0.911992
286,37.742340,181.594971,148.581284,222.362549,0.892114
287,356.585297,187.069641,482.161835,264.650330,0.949889
287,588.049438,175.179016,628.043701,212.495605,0.906980
287,0.828533,180.791168,119.550049,224.952362,0.896232
288,291.314148,187.885223,458.293152,285.339203,0.950374
288,587.852173,175.090790,628.867798,212.414825,0.872830
288,0.094795,180.713623,82.820709,226.535614,0.859991
289,178.158539,190.145004,422.875580,321.550781,0.954858
289,588.200500,174.427872,628.845764,212.059006,0.901023
289,-1.745880,180.000626,82.719666,225.329849,0.709833
290,0.293289,195.399902,369.286377,371.427124,0.969781
290,588.654175,174.104492,629.888306,211.921967,0.907444
290,4.371696,180.094055,48.902458,224.840485,0.857218
290,222.136948,161.160538,244.394577,175.308884,0.559623
291,-1.643707,206.850464,268.649689,370.582458,0.955855
291,589.187439,173.962860,630.285217,211.600891,0.919027
292,589.584290,174.403763,630.800232,212.136215,0.910255
293,589.528015,175.086105,630.655701,212.682388,0.891557
294,590.032166,175.893356,630.785706,213.636734,0.911616
295,590.428955,176.963501,631.248657,214.545410,0.911557
296,590.274353,175.328735,631.157532,213.493225,0.908629
