0,287.937775,187.795593,523.775208,286.594757,0.941772
1,218.176163,188.031906,482.212769,296.454376,0.947228
2,138.611115,188.975998,430.036835,307.667175,0.936467
3,41.802155,192.464111,374.484772,322.726196,0.934134
4,1.298340,194.712967,306.689209,340.202393,0.941847
5,0.277840,197.559296,232.740601,339.926239,0.919328
5,1180.842651,188.385681,1241.668091,218.422180,0.585863
6,0.295723,202.595764,145.534943,340.244263,0.927619
6,1144.957764,183.706085,1241.006104,217.914398,0.848971
7,0.055189,228.242523,36.274376,348.446014,0.910114
7,1107.079346,182.906448,1240.722900,218.468094,0.852195
8,1075.828613,181.476410,1221.196045,217.693878,0.904348
9,1053.002808,181.432678,1184.058228,215.837585,0.890819
10,1016.152344,181.231018,1143.625732,214.690186,0.884838
11,991.355896,180.004410,1115.093994,214.029160,0.905904
12,991.695496,181.071396,1083.789062,213.387772,0.761645
13,940.303589,180.315460,1046.067627,211.557465,0.819641
14,991.467773,181.934341,1026.638916,210.833969,0.604872
15,894.726440,179.835556,971.284058,206.802170,0.514154
16,876.082947,179.391525,967.524719,207.959946,0.876709
17,862.099609,178.431976,944.384766,206.854431,0.875830
18,840.688904,177.096283,915.504700,205.525787,0.881997
19,824.374817,177.676620,907.686829,204.933090,0.884619
20,809.425110,177.157272,891.237122,204.442490,0.898587
21,794.613098,176.988327,872.341370,203.257797,0.908663
22,781.721680,176.822739,855.223755,202.015244,0.899022
23,770.105469,176.457611,840.192139,201.619812,0.907120
24,759.406189,176.336578,826.345154,200.803528,0.902270
25,746.586731,175.832184,811.684753,199.863434,0.919237
26,738.633667,175.726685,799.157837,199.070801,0.914634
27,730.112549,175.788010,787.594604,198.127609,0.921457
28,722.325378,175.693314,775.391174,197.525497,0.791157
29,714.513794,175.644043,765.793701,197.225525,0.901925
30,707.703308,176.028961,756.114075,196.970490,0.917661
31,701.822998,175.532715,747.642578,196.410828,0.913197
32,695.682861,175.259369,740.066040,196.079468,0.911020
33,691.135376,175.009171,732.671631,195.781021,0.906973
34,686.428650,174.993011,725.071838,194.809113,0.895855
35,681.626282,174.457626,718.851624,194.350357,0.892658
36,678.237915,174.624390,713.226440,194.032104,0.897361
36,1164.647461,313.402649,1241.039307,373.923340,0.821305
37,1083.309570,248.826584,1241.410645,372.486572,0.944335
37,675.181335,174.747726,707.599548,193.123337,0.892218
38,1018.881836,216.420837,1243.529785,371.441223,0.943500
38,671.792664,174.973419,703.119324,192.772980,0.887784
39,967.166870,206.641602,1240.862427,372.665771,0.938735
39,669.578552,174.632919,699.116272,192.202316,0.881727
40,922.819824,200.515259,1241.578369,371.458923,0.950116
40,666.947388,174.095627,695.281982,191.839615,0.880684
41,889.460327,197.916977,1241.648315,370.973877,0.962809
41,664.572632,174.246933,692.711548,191.521988,0.889138
42,860.353577,195.034515,1171.549683,360.074738,0.939134
42,1185.332520,236.394669,1240.409912,310.349609,0.919597
42,662.540283,174.509338,688.492676,191.196381,0.885003
43,837.885376,192.996124,1100.794678,340.569672,0.946315
43,1140.283813,206.771545,1241.553101,301.175507,0.928733
43,660.133118,174.665009,685.769592,190.829498,0.887296
44,817.477905,190.302765,1043.817139,322.050385,0.946450
44,1100.337280,193.629623,1241.211792,301.092285,0.910513
44,658.136902,174.109238,682.776184,190.405258,0.889383
45,800.789185,189.456268,998.566895,308.132782,0.950166
45,1064.185791,189.752274,1241.407227,312.646057,0.943060
45,656.369385,174.296585,680.320190,190.096786,0.889556
46,786.233398,188.822815,961.265137,295.776978,0.950553
46,1032.006470,188.315857,1241.688843,300.805328,0.943737
46,655.053467,174.378708,677.335693,189.779007,0.889663
47,773.514587,187.697357,929.537292,285.633270,0.954745
47,1002.505859,186.518112,1239.629883,290.191528,0.951799
47,653.389587,174.542313,675.414490,189.409561,0.880266
48,761.628418,187.008194,902.303833,276.500610,0.956674
48,976.521179,186.386230,1188.635498,279.656097,0.945418
48,650.776855,174.105743,672.890503,189.110474,0.874709
49,751.451599,185.939972,878.143860,268.841614,0.953703
49,952.541504,184.931458,1142.623535,271.783752,0.948642
49,649.128052,174.131073,670.081177,188.928619,0.853731
50,930.616455,184.154602,1101.455811,264.477020,0.951180
50,741.839355,185.463684,857.261475,261.960114,0.949534
50,647.502502,174.234940,668.058899,188.941666,0.858667
51,732.866028,184.239166,838.531311,255.691040,0.953109
51,911.765686,182.968506,1066.143066,257.975311,0.949080
51,645.848633,174.072250,666.377441,188.372940,0.832517
52,894.479309,182.326843,1035.489380,252.884491,0.950039
52,725.378906,183.137466,822.106323,250.517624,0.949171
52,644.329529,173.957504,664.626404,188.283646,0.863153
53,717.554565,182.465073,807.034546,245.335434,0.951420
53,878.623779,182.498001,1008.481445,248.139969,0.947567
53,1207.979370,247.192444,1240.857056,315.646912,0.863082
53,642.668945,174.076477,661.612793,188.172913,0.862144
54,710.967224,182.063232,794.023865,240.721771,0.946795
54,864.957397,181.957169,984.204590,243.266434,0.946281
54,1160.133545,233.212097,1241.050049,306.999634,0.914700
54,641.109558,174.010742,660.609924,187.844269,0.869648
55,851.990173,181.385864,963.209778,239.952820,0.945275
55,703.905029,181.458771,781.977051,236.575928,0.942990
55,1116.938232,205.759537,1241.366943,304.587036,0.924554
55,639.635071,173.992355,658.926697,187.669724,0.855579
56,840.128845,181.597794,943.377258,236.265976,0.945365
56,698.746521,180.981155,770.668030,233.690811,0.936117
56,1079.707031,191.369812,1241.180420,305.599915,0.923623
56,638.028381,174.387756,656.924255,187.092957,0.856125
56,1104.264282,326.904205,1242.133667,374.218231,0.541959
57,828.465515,181.196732,925.054749,233.075180,0.942489
57,1046.541382,190.227219,1241.552856,298.506104,0.935839
57,692.950806,180.659729,760.776978,229.953430,0.928550
57,1028.030151,280.275879,1241.385376,373.066467,0.917367
57,636.966492,174.408279,654.716614,186.903854,0.845201
58,971.358704,235.219391,1243.141602,371.699432,0.941186
58,818.703613,180.355438,908.312378,230.031311,0.936932
58,688.291382,179.826019,751.748047,226.773010,0.931388
58,1016.727905,186.884155,1240.951538,276.127808,0.917640
58,635.191284,174.108032,653.036621,186.728668,0.852421
59,924.681396,222.277740,1241.408936,371.165436,0.952532
59,808.533081,180.080627,892.684448,226.903717,0.926413
59,683.751953,179.609497,743.939331,223.828644,0.922334
59,988.637695,186.943741,1239.999512,265.736481,0.899558
59,633.991028,173.879288,651.076721,186.443130,0.834966
60,889.267456,217.822479,1241.348267,371.300385,0.955667
60,799.881714,179.548248,878.683105,224.496399,0.932641
60,679.311035,179.405945,735.440186,221.530426,0.916311
60,964.891602,186.866730,1219.400391,246.113831,0.848227
60,632.340698,173.641769,649.845581,186.267593,0.836252
61,858.810913,210.694305,1241.202271,372.093048,0.957020
61,791.195435,179.256821,865.483398,222.063858,0.934772
61,675.110535,178.719696,728.552795,219.385895,0.923966
61,973.344055,185.532898,1166.819092,217.418762,0.810357
61,630.995667,174.011658,648.633606,186.023590,0.795244
62,833.959106,206.115662,1231.530151,371.341919,0.959048
62,783.447266,178.992935,852.202026,219.426102,0.935125
62,671.514893,178.703003,721.811890,216.733643,0.924051
62,630.351013,174.273712,647.092957,185.384918,0.796456
62,943.874695,184.614197,1122.429932,217.708221,0.781559
63,775.334839,178.545151,841.747803,217.598892,0.938860
63,811.395447,204.398224,1135.684692,368.524628,0.932028
63,668.001953,178.677521,715.364380,214.967804,0.927016
63,928.064392,181.867523,1089.375732,235.668762,0.868038
63,629.089539,174.239151,644.809998,185.061020,0.796325
64,792.140503,199.646545,1070.353027,347.275452,0.947044
64,768.297302,177.961334,830.518860,215.601257,0.934294
64,663.996887,178.424744,710.033264,213.226410,0.904668
64,915.390259,181.608032,1053.908325,242.844666,0.901404
64,628.075378,173.920395,643.322571,185.082291,0.740698
65,778.343994,197.279526,1014.879272,327.342407,0.953681
65,761.550476,178.050430,819.916931,213.853928,0.931129
65,661.133118,178.473114,704.651184,211.140564,0.917330
65,895.225586,182.349182,1021.762573,246.224152,0.911236
65,626.658142,174.085297,641.885437,185.109924,0.783972
66,764.127808,195.768143,970.288574,312.018127,0.952028
66,657.341492,178.407776,699.359192,209.824677,0.923741
66,754.204529,177.759583,809.030457,212.395996,0.902117
66,879.265320,181.954254,993.726501,244.066040,0.870808
66,625.425232,173.842758,640.309021,184.786148,0.749726
67,751.951233,194.490814,933.071838,299.071655,0.955452
67,862.231567,181.528870,968.079346,240.215698,0.919539
67,655.062317,177.927856,695.073547,208.663177,0.909258
67,747.801392,177.571228,798.861328,210.768616,0.904017
67,624.345459,174.119736,639.357422,184.495346,0.735188
68,740.965576,192.615234,901.658203,287.534668,0.948734
68,848.905090,181.385635,944.180847,235.813675,0.915897
68,652.578308,177.756638,690.717468,206.752274,0.910889
68,741.334595,177.388290,789.916870,208.394638,0.910604
68,623.109619,173.593933,637.775879,184.376282,0.701288
69,730.956543,190.241776,875.491577,278.077942,0.950972
69,650.367310,177.589462,686.066040,205.707352,0.916488
69,835.313293,180.436752,923.656677,231.931320,0.911491
69,735.807617,177.082672,781.728149,206.152557,0.908167
69,622.212097,173.394531,636.278992,183.780212,0.727525
70,722.676270,189.000153,852.270508,270.077789,0.949781
70,1068.198730,290.984924,1241.174316,372.982422,0.934131
70,822.108521,179.582230,904.470093,228.965500,0.916423
70,648.285095,177.527390,682.507019,204.474655,0.900518
70,730.143066,176.980637,774.776489,205.327408,0.893724
70,621.427429,173.292236,634.351746,183.418640,0.564506
71,714.505249,188.331863,832.400879,263.171997,0.947252
71,1005.155579,225.824951,1240.852295,371.841187,0.945611
71,810.118896,179.819778,886.777832,225.107651,0.914496
71,645.997070,177.566147,678.982056,203.023422,0.894783
71,724.849976,176.755936,766.562622,204.467575,0.838239
72,707.356628,187.056091,815.191711,256.959320,0.948583
72,955.570923,206.379730,1241.531372,372.165558,0.939088
72,797.700500,179.460876,870.651184,222.243042,0.926213
72,643.409607,176.702484,675.165833,201.874329,0.907784
72,719.917358,176.743073,758.658081,199.134918,0.712291
72,619.446106,173.227570,632.128845,183.326691,0.614291
73,914.045776,195.243683,1241.681763,371.338898,0.962785
73,700.459656,186.361496,800.466614,251.179428,0.937909
73,785.694580,178.757629,855.561890,219.933289,0.916374
73,641.389404,176.489136,672.069336,201.307983,0.905371
73,617.062744,172.367218,631.084473,183.063385,0.644074
73,719.939209,176.353928,753.280640,188.876907,0.576223
74,881.133484,190.141327,1241.067139,370.649261,0.966908
74,694.563232,185.817551,786.839966,246.720779,0.946753
74,773.067017,178.341309,841.842163,217.643768,0.923202
74,639.710388,176.231522,669.319519,200.170578,0.894081
74,715.492981,176.532211,747.042175,187.334152,0.569718
75,852.103943,188.030655,1241.608032,370.600708,0.967310
75,688.513794,184.735229,774.559082,242.020264,0.938191
75,763.235596,178.006744,829.408081,215.511566,0.926021
75,638.740295,175.732330,666.394104,199.174957,0.902052
75,712.938782,176.454453,740.705383,186.332809,0.584945
76,826.976807,185.349548,1226.278564,365.663025,0.962260
76,683.351868,183.927460,763.762512,237.921478,0.945254
76,755.028748,177.392609,818.465515,213.694305,0.924197
76,635.914124,175.780441,663.980530,198.160141,0.907530
76,708.198181,176.164047,733.549255,185.547897,0.526628
77,807.768799,184.928833,1135.461548,343.334412,0.937503
77,678.198669,184.036575,753.485046,234.489792,0.927432
77,747.098633,177.268066,807.909912,211.997314,0.922611
77,634.829102,175.894699,661.245605,197.448166,0.911245
78,791.934631,184.061951,1067.799316,325.245148,0.947499
78,673.507935,183.341980,744.110718,231.047882,0.936792
78,741.359558,177.126663,798.804993,209.960068,0.921983
78,633.714722,175.537903,658.373047,196.827393,0.898306
79,776.950989,183.780212,1014.122986,309.142487,0.948516
79,668.860352,182.825897,736.486816,227.761658,0.926684
79,735.741943,177.165665,790.077393,208.524429,0.924101
79,631.822327,175.477814,656.216003,196.231567,0.896646
80,763.683594,183.532593,969.601196,295.911560,0.947072
80,665.415100,181.980286,728.896667,225.505066,0.929102
80,730.328857,176.510849,781.861694,207.585403,0.924625
80,630.256470,175.396072,654.328491,195.096573,0.901407
81,752.096741,182.935760,933.032288,284.525116,0.947118
81,725.153564,176.399277,774.148438,205.660080,0.932263
81,662.628235,181.971817,721.640686,222.890182,0.924534
81,628.918518,175.252441,652.013245,194.858185,0.889638
82,741.537720,182.272079,902.011108,276.646667,0.949861
82,658.989441,181.266754,715.622009,220.657227,0.931526
82,720.185669,176.567215,766.714600,204.284134,0.914024
82,628.157593,175.170212,649.932007,194.089859,0.873710
83,731.549500,181.615692,875.322571,269.153870,0.953623
83,656.348145,180.732162,710.242554,218.433609,0.931685
83,715.322815,176.735123,759.248108,202.618149,0.897282
83,626.691284,175.393219,648.010376,193.396637,0.859001
84,723.875122,181.153214,853.095459,261.551666,0.950693
84,653.189392,180.623947,704.724060,216.601334,0.922061
84,710.763245,176.523148,752.112732,201.631241,0.890912
84,1062.500488,181.707199,1098.831055,214.072647,0.870561
84,626.105347,175.292557,646.219849,192.601089,0.858164
85,715.303467,181.135254,833.492920,255.544525,0.953575
85,650.940918,180.212296,699.954712,215.075241,0.930243
85,1026.069092,180.476028,1082.802490,213.589279,0.895765
85,706.586731,176.512085,744.366272,201.323181,0.869693
85,624.383545,175.044861,644.278931,191.599823,0.853011
86,708.079956,180.960342,816.064209,249.481552,0.950682
86,1086.290161,281.797028,1241.125854,372.699310,0.936856
86,648.690430,180.130753,695.278320,213.714493,0.917972
86,999.501892,181.182922,1067.710205,212.604065,0.896868
86,702.811096,176.424759,739.976868,200.555466,0.839601
86,623.198547,175.448685,642.383362,191.515579,0.824146
87,701.746948,180.579193,800.074707,244.666931,0.946398
87,1018.153870,207.061981,1241.380615,371.307953,0.944775
87,646.049988,179.903000,691.087219,211.583572,0.895627
87,698.640869,176.396973,731.733887,199.642151,0.840953
87,973.320923,180.789703,1044.596924,211.856384,0.833593
87,622.275513,174.972610,640.591919,191.275589,0.806647
88,696.131470,180.079102,786.583008,240.041199,0.943111
88,965.740845,177.585876,1241.558960,372.828308,0.938247
88,643.646484,179.430908,687.229248,210.573792,0.917892
88,954.934937,179.872025,1040.390869,211.492081,0.891994
88,620.647522,175.172913,638.548645,190.726227,0.825358
88,695.106689,176.228638,727.027710,198.102051,0.814469
89,921.478149,171.859528,1241.889282,371.332123,0.961150
89,690.831848,179.929260,775.297424,235.410706,0.931884
89,641.820435,179.594269,683.007446,209.310211,0.926786
89,939.411865,179.996246,1027.683350,210.881836,0.882403
89,620.369263,175.741776,636.847656,190.106277,0.831215
89,692.050720,175.678665,722.435974,196.574020,0.710178
89,666.211731,174.203476,685.852112,191.406326,0.531114
90,685.427551,179.427292,762.803650,231.985519,0.927678
90,639.742493,179.827042,679.229797,208.418198,0.906529
90,889.002930,170.831436,1240.088379,370.763977,0.899772
90,619.501648,175.539993,635.251404,189.623581,0.817327
90,924.854004,180.062485,1009.602905,207.745193,0.778066
90,687.928711,175.714035,717.134399,195.724838,0.578327
91,681.162354,178.001877,753.217285,228.265976,0.923586
91,859.937622,170.722839,1241.135376,370.219299,0.921048
91,637.702942,179.000900,676.195740,207.359024,0.908410
91,617.914795,175.551041,633.612061,189.295425,0.774899
92,676.623169,177.536636,744.692627,224.752792,0.921395
92,636.248779,178.728058,672.874268,205.820740,0.877235
92,617.086609,175.807617,632.544739,188.667633,0.801564
92,835.341187,171.216125,1235.581177,370.514282,0.796709
93,815.052368,172.133423,1142.258545,351.698059,0.906659
93,671.442993,177.244263,736.415283,222.735168,0.902688
93,635.197266,178.543549,669.726562,204.589142,0.889656
93,616.994568,176.863358,630.312561,188.703568,0.729832
93,657.692993,174.296768,674.669800,189.123093,0.617039
94,795.289734,172.265503,1079.855835,332.262054,0.942222
94,668.170898,176.700378,729.190918,220.127167,0.919621
94,633.000366,178.537445,667.543945,203.816925,0.896164
94,616.012817,176.271194,628.861694,188.591965,0.675652
95,782.811707,172.068680,1023.772034,315.234985,0.942630
95,663.704529,176.595673,721.957581,217.364960,0.924794
95,631.549805,178.647675,663.874390,202.605194,0.886545
96,768.638245,172.042023,979.390076,301.454437,0.944523
96,661.572754,176.846588,715.722168,215.237671,0.916203
96,629.933411,178.053452,661.809753,201.816544,0.891617
97,755.737671,172.015198,942.857178,289.719604,0.943078
97,1056.553833,274.807343,1241.489380,371.837067,0.927246
97,657.731445,176.555939,709.702759,213.455322,0.921869
97,629.156738,177.810638,659.764038,200.485779,0.879840
97,923.588013,179.583817,947.592773,206.645554,0.776066
98,745.867615,172.754059,911.729187,279.767578,0.946386
98,989.168579,223.031403,1239.969604,371.287933,0.944193
98,655.703186,176.235199,704.406555,211.732422,0.913851
98,894.412109,178.448334,939.755371,206.442932,0.852981
98,627.962036,177.249939,656.619873,199.766815,0.851570
99,936.578491,209.450775,1241.814819,370.991547,0.956642
99,736.480713,172.895386,885.689087,270.708405,0.945537
99,652.363892,176.564514,698.779419,210.150940,0.913823
99,874.895691,178.207886,934.115906,205.867432,0.889689
99,626.636353,176.982834,654.401367,198.790604,0.834169
100,896.065552,204.317261,1242.386841,370.776245,0.964689
100,727.518616,172.645996,862.649353,264.237427,0.945286
100,650.037659,176.284546,693.782166,208.456055,0.905035
100,860.062073,177.850616,920.835388,205.875610,0.881408
100,625.693420,177.139786,650.704651,197.861801,0.853798
101,863.290588,199.985336,1241.775879,370.177551,0.963478
101,719.904175,172.763763,843.596558,257.580841,0.943474
101,845.574097,177.904114,914.470459,206.022491,0.914107
101,647.758728,176.629105,689.480042,206.351456,0.902437
101,624.601624,177.280991,648.784119,197.361008,0.828402
102,835.369629,195.267807,1143.597290,362.133789,0.946338
102,712.845581,173.548462,825.723267,251.587433,0.936594
102,1138.615234,221.235291,1241.744629,305.361877,0.929874
102,840.371887,177.785660,914.530579,204.890274,0.921896
102,645.010254,175.965408,685.685303,205.488785,0.904310
102,623.585266,176.791351,647.091736,196.674438,0.831406
103,814.600525,194.179398,1071.084839,337.076477,0.950422
103,706.272339,173.368164,810.615845,246.750122,0.946509
103,1085.338745,193.796478,1241.734497,304.390442,0.930616
103,643.282104,175.556580,681.657104,204.387939,0.904448
103,835.455078,177.721527,909.599243,203.080688,0.866564
103,623.223022,176.901169,645.008911,195.859421,0.841869
104,796.105408,191.537918,1013.656555,317.677399,0.947143
104,699.979797,173.608795,797.190247,241.617737,0.946443
104,1042.809326,189.047195,1241.830811,318.856567,0.943987
104,640.307678,175.656662,677.469666,203.211807,0.899079
104,831.015198,177.718842,903.575867,201.911804,0.866463
104,622.802246,176.780792,642.787476,194.744720,0.806596
105,1006.747437,187.665436,1241.713013,303.009918,0.947229
105,780.199219,190.196228,967.573975,302.347046,0.947052
105,694.396729,173.643951,784.713623,237.470612,0.939215
105,637.753723,175.310989,674.007141,202.182510,0.910210
105,621.561951,176.205139,641.192322,194.313263,0.781816
105,829.123962,177.600693,896.509949,192.663956,0.711310
106,976.306763,186.079178,1241.964478,289.603119,0.947239
106,766.173584,188.690338,930.863892,289.396851,0.945700
106,689.571777,173.234955,773.643188,233.963562,0.926706
106,636.259705,174.279831,670.443420,201.383896,0.873388
106,619.966125,176.779755,638.198059,193.592224,0.791048
106,826.946838,177.354050,894.863342,191.099594,0.711557
107,754.479126,188.145844,900.047852,278.443726,0.952094
107,948.826416,184.913116,1199.101318,279.423370,0.948581
107,634.897400,174.235657,667.379578,199.393799,0.901840
107,684.424927,173.201691,762.503784,230.881683,0.877644
107,831.201782,177.373840,889.862183,202.171600,0.783101
107,619.534485,177.658966,636.802063,193.458282,0.722397
108,743.755371,186.593201,874.351318,269.980621,0.948622
108,925.299927,184.282074,1145.890259,271.106964,0.944220
108,632.642944,174.332550,664.670532,198.539062,0.898609
108,830.437561,177.165070,885.522888,204.171570,0.847224
108,680.557068,172.873245,750.850281,226.742477,0.784707
108,619.112732,176.818375,635.042786,192.900589,0.714416
109,734.598877,185.352982,852.282715,262.259888,0.951195
109,904.843140,182.932297,1099.138550,262.880676,0.946036
109,630.720764,174.237778,661.703796,197.663406,0.898699
109,827.311768,177.250549,882.133057,203.284668,0.893617
109,676.464539,173.247482,742.908142,223.734268,0.846233
109,618.822021,177.507980,633.362671,191.666672,0.689587
110,886.590942,182.559204,1060.617432,256.903259,0.951007
110,725.697388,184.323151,833.582764,255.519440,0.945247
110,815.859924,177.280975,879.824280,203.165527,0.902883
110,629.022034,173.889435,659.312927,196.885986,0.887762
110,672.844055,173.157013,737.080627,221.977356,0.724843
110,618.700256,177.982986,631.267151,191.266861,0.582058
111,870.147461,182.179016,1027.276855,251.525360,0.949533
111,718.111389,183.569901,816.703186,249.303085,0.946754
111,808.828857,176.860672,876.736450,203.227554,0.923207
111,627.723389,173.656693,656.890259,196.372299,0.871066
111,669.048767,172.666107,728.681091,219.545746,0.626779
112,855.419922,181.512985,998.154785,246.315536,0.952809
112,710.857605,182.330139,801.755554,244.881165,0.946571
112,665.168335,173.094360,723.518066,217.736969,0.922069
112,807.322632,177.083099,874.554321,202.959320,0.914058
112,626.594849,174.164795,654.567017,195.254974,0.865842
113,841.184204,181.195831,972.699951,241.470459,0.948585
113,704.533264,181.960632,788.536072,240.038727,0.941413
113,805.480103,177.478653,868.535156,201.850693,0.888982
113,662.273254,172.735382,716.802063,215.549713,0.869944
113,625.146484,174.104218,652.339600,195.052917,0.811588
114,829.691956,180.876892,949.744568,237.973328,0.942060
114,699.283691,181.567352,777.350586,236.073456,0.930879
114,803.984253,177.319366,855.822632,201.339630,0.899777
114,622.276733,174.595367,648.904785,194.048248,0.733264
114,659.853210,172.876541,712.690613,213.960281,0.723771
115,818.895935,180.116135,929.339539,234.131668,0.937436
115,692.621521,180.952911,767.299866,232.390656,0.929930
115,801.993103,177.235199,850.623840,200.860107,0.881312
115,656.200134,173.007874,705.871521,212.798309,0.877030
115,621.580383,174.546631,647.339294,193.505859,0.593754
116,808.035828,179.522308,911.500305,230.460022,0.941867
116,688.367432,180.764313,757.342651,229.105469,0.936109
116,654.247864,173.181473,700.914246,210.626755,0.898295
116,800.967651,176.851410,848.054321,200.901367,0.807243
116,623.611206,175.177567,645.106323,192.909225,0.557250
117,799.006348,178.212097,894.019897,227.340424,0.938575
117,683.825562,180.214005,748.435669,225.826981,0.928979
117,651.302307,173.104492,695.739807,210.461365,0.854812
118,789.891968,177.964706,879.097534,224.775223,0.937515
118,679.998779,179.654175,740.554321,223.084747,0.937344
118,650.104431,173.073837,691.788025,208.448929,0.700594
119,675.888489,179.410172,733.639465,220.898209,0.924347
119,782.132202,178.293015,865.485352,222.227829,0.921930
119,619.875366,174.798462,638.946289,191.330719,0.759144
119,647.477905,173.263977,686.953857,207.294403,0.511374
120,672.324341,179.139313,727.022583,218.521606,0.931010
120,774.857422,177.988312,853.233154,219.958435,0.926777
120,830.376587,177.261398,865.797119,202.367264,0.813821
120,645.446167,173.041077,684.034912,205.476624,0.611187
120,619.357483,174.775726,636.998596,190.714050,0.553227
121,767.507019,178.108902,841.962830,217.797256,0.929088
121,669.118469,178.172638,720.961487,216.472015,0.904869
121,826.294250,177.351913,865.752869,202.425430,0.731746
122,760.557983,177.958176,831.057373,216.148056,0.936280
122,666.042480,178.151611,715.301880,214.846771,0.921233
122,820.128357,177.095352,865.947693,203.151596,0.880559
122,617.888733,175.023422,634.459045,189.846390,0.723244
123,754.304565,177.710083,821.165283,214.606934,0.932298
123,1180.640259,207.865356,1241.128296,331.725159,0.927616
123,662.785828,178.514648,710.226624,213.419525,0.923102
123,813.878479,177.215836,866.363342,203.151016,0.913647
123,639.424683,173.232361,673.901245,203.201996,0.727913
123,616.890625,175.103851,633.156250,189.285339,0.718665
124,748.185913,177.332703,811.286133,213.161499,0.930949
124,1117.083252,144.621628,1241.441162,316.757507,0.926862
124,808.103760,176.881409,866.527588,203.219910,0.915280
124,660.080933,178.054855,705.520142,211.437576,0.914499
124,638.255493,173.298691,670.588135,202.645157,0.765567
124,616.078491,175.003174,631.245117,189.211670,0.729164
125,1066.497559,141.673492,1241.779053,311.583344,0.935335
125,742.863037,177.190033,803.482788,211.553711,0.928608
125,657.148193,178.103638,700.727539,210.173950,0.915374
125,802.370789,177.049637,866.342346,203.274643,0.914467
125,636.445435,172.935089,667.661499,201.601410,0.770257
125,615.293518,175.518311,629.788635,189.181519,0.556517
126,737.930237,177.139999,795.193420,210.014847,0.933581
126,800.215454,177.034988,866.471313,203.247452,0.921126
126,654.786316,177.408371,696.926819,209.048203,0.898362
126,1023.640259,141.639236,1241.817505,330.813660,0.879671
126,635.469971,172.945297,664.825562,200.607071,0.730958
126,614.905762,174.950760,629.218384,188.760849,0.562617
127,732.416260,176.955154,789.265259,208.836716,0.930714
127,800.443176,177.029694,866.384460,203.208252,0.920935
127,652.126465,177.057037,692.564209,207.632050,0.903798
127,633.717163,173.204849,662.392578,199.038315,0.801711
127,988.870239,142.664536,1241.990845,314.744324,0.791180
127,613.692505,174.582901,628.000366,188.174850,0.584164
128,728.034119,176.919495,781.548279,207.421967,0.925040
128,800.332458,177.044724,866.480408,203.226608,0.924352
128,650.101013,176.811218,689.375305,206.372955,0.922722
128,632.693542,173.081116,661.068298,198.641357,0.848538
128,958.295715,146.140167,1243.190796,298.263916,0.665543
129,800.265747,176.997757,866.453857,203.199295,0.923636
129,723.599609,176.728851,774.629028,206.270844,0.921555
129,648.429810,177.197052,685.273804,205.240723,0.909198
129,630.645447,172.674377,657.650574,197.540131,0.823097
129,933.804443,147.370026,1216.992920,286.463470,0.683305
130,800.317383,177.048782,866.494019,203.273819,0.926319
130,719.303162,176.681839,768.250427,205.186569,0.915027
130,646.478455,176.608673,681.939514,204.084259,0.914839
130,629.261414,172.916031,655.481506,197.328995,0.843424
130,908.545715,149.000488,1154.995361,276.885468,0.774192
131,800.237427,177.023514,866.516235,203.276810,0.923617
131,715.667236,176.479706,762.353027,204.201874,0.920795
131,644.646179,177.145691,678.849792,203.423492,0.907706
131,628.020447,172.793015,653.509827,196.845505,0.837755
131,886.795166,151.519714,1106.780762,268.903198,0.802884
132,711.240845,176.627945,756.696655,203.099808,0.921879
132,800.049988,177.089432,866.292419,203.220657,0.913457
132,642.582275,176.829163,675.569336,202.466125,0.899094
132,627.142700,172.988876,651.073486,195.711716,0.757006
132,869.109009,152.729034,1062.520142,261.012146,0.665228
133,707.944885,176.479218,751.555359,202.344391,0.912529
133,799.938538,177.242126,857.632996,203.290314,0.911261
133,641.080078,176.552856,672.991211,201.716827,0.907337
133,627.085083,172.439758,650.115723,195.118500,0.829518
133,853.097290,154.619400,1026.298096,253.692398,0.721167
134,704.561951,176.535477,746.380066,201.749557,0.920601
134,639.789368,176.701157,670.887512,200.595474,0.911755
134,800.139832,177.131012,851.501404,201.490967,0.905300
134,626.887024,172.738281,648.176941,194.246857,0.838303
134,838.838135,156.355408,995.473877,248.515198,0.737773
135,700.208740,176.402222,741.717285,200.725220,0.915090
135,638.222412,176.463806,667.928223,199.841949,0.900983
135,800.026794,177.602570,838.225647,201.340454,0.891718
135,625.157471,172.766251,645.480469,193.606552,0.836293
135,826.117981,157.232819,969.234192,243.519196,0.674815
136,697.486938,176.266129,736.904175,200.083267,0.917487
136,636.140259,176.234573,666.157593,198.999100,0.887234
136,799.991211,179.821915,825.300903,200.875778,0.772253
136,624.348877,172.650986,643.795898,193.460556,0.756128
137,694.973022,175.905731,732.462158,199.655914,0.909622
137,635.504089,176.962616,663.422180,197.983612,0.890644
137,624.056702,172.858841,642.427551,192.724991,0.741683
137,801.140381,158.027740,924.337524,235.109802,0.685833
138,692.094910,176.107407,728.202698,198.902817,0.905335
138,633.972473,177.207031,661.270813,197.604492,0.882320
138,623.762024,172.919403,640.312439,191.894989,0.674783
139,688.225403,175.781403,724.183777,198.312927,0.895951
139,633.750610,176.172272,658.886230,196.970581,0.871275
139,621.385559,172.917236,639.058777,191.615356,0.731720
139,784.078491,159.787842,888.055054,228.567139,0.668292
140,686.188782,175.709488,720.957703,197.853134,0.897411
140,631.416992,175.956161,656.871704,196.725449,0.817593
140,620.982727,172.723022,636.971619,190.828949,0.802934
140,775.568237,160.598770,871.603149,225.381149,0.731875
141,683.399536,175.025421,716.809082,197.072968,0.885032
141,630.928284,175.570557,655.162170,195.546326,0.853622
141,620.431763,172.792938,635.918701,189.621185,0.737320
142,680.487244,175.215515,713.292542,196.582306,0.882857
142,629.959045,176.670059,653.442566,195.122238,0.850900
142,843.508118,178.069229,865.913635,202.021683,0.808133
142,619.768311,172.777740,635.105347,189.441376,0.753177
143,678.509460,175.255432,710.466736,195.985107,0.896271
143,831.301514,177.470200,865.929932,203.078690,0.810862
143,628.675171,178.556183,651.095581,194.485504,0.796953
143,619.755676,173.336456,634.143127,190.200714,0.535759
144,821.250000,177.169388,865.967896,203.069931,0.905303
144,676.648499,175.076691,706.938660,195.443176,0.894508
144,627.519287,176.839005,649.640381,193.900955,0.804850
144,617.979004,172.914261,633.191528,190.657639,0.673374
145,811.532654,176.998199,866.506042,203.096161,0.925903
145,674.317627,175.577332,704.287476,194.457397,0.889301
146,803.071716,177.024048,866.271057,203.220367,0.916667
146,671.583618,175.165756,701.461548,194.077103,0.892252
147,798.843323,177.059662,865.990662,203.320862,0.917262
147,670.027344,175.195328,697.953857,193.290634,0.884448
148,798.841003,177.067123,865.400696,203.436020,0.913525
148,668.067139,175.053207,695.588501,193.244308,0.878439
148,621.804016,176.952942,643.536316,191.866364,0.774186
149,798.272583,177.113251,864.762573,203.116394,0.920824
149,665.989868,174.560059,692.596069,192.697021,0.878827
150,798.077637,177.152328,864.375366,202.981918,0.915986
150,663.955322,175.230682,690.192993,191.940399,0.877748
151,797.397217,177.224808,863.912476,202.760910,0.913362
151,661.884399,175.324402,687.706055,191.617401,0.878718
151,616.938660,172.966660,639.202820,190.797256,0.553671
152,796.772888,177.314468,861.583069,202.754044,0.903368
152,660.156677,174.773148,685.797791,191.661728,0.876628
152,616.802246,173.279739,637.390869,190.026077,0.513355
153,796.259399,177.354813,856.422607,202.640732,0.912550
153,658.366760,174.763443,682.704529,190.657639,0.872472
154,795.417236,177.308746,856.138672,202.459320,0.914693
154,656.851196,174.765289,681.016479,190.257111,0.875979
155,793.492310,177.140350,855.869629,202.039124,0.913839
155,655.123596,174.332001,678.309998,190.073334,0.883694
156,792.150024,177.109604,855.712891,202.382919,0.916121
156,654.111145,174.505188,676.599182,189.825012,0.892783
157,790.332642,177.065674,854.334351,202.198730,0.916314
157,652.245789,174.491272,673.891785,189.536896,0.878382
157,617.672424,177.511261,630.986877,188.763062,0.560571
158,788.640625,177.047333,852.753540,202.530975,0.919193
158,650.688049,174.486847,672.356384,189.066040,0.877990
159,786.849792,177.131210,849.775940,202.327774,0.923158
159,649.384277,174.184738,670.471680,188.925735,0.865143
160,784.380676,177.140778,847.248230,202.635193,0.919570
160,647.846619,174.108780,669.112854,188.914688,0.863555
161,781.469727,176.884537,844.171143,202.237167,0.924887
161,646.245605,174.029129,666.878784,189.001266,0.834813
162,779.237488,176.768585,841.198181,201.987762,0.922778
162,645.053711,173.947571,665.115479,188.388367,0.810603
163,776.455322,176.627258,837.734009,201.682098,0.921014
163,643.632507,174.284439,663.141785,188.040543,0.850552
164,773.442566,176.448074,834.000549,201.626450,0.923478
164,642.417908,174.546600,661.380676,188.028961,0.856644
165,770.080933,176.747116,830.773071,201.184036,0.916658
165,641.500610,174.183807,660.185547,187.832458,0.850560
166,766.911255,176.249725,826.952271,201.246033,0.920343
166,640.205811,174.148178,658.476074,187.726791,0.854714
167,763.999817,176.496094,822.388733,200.887085,0.915883
167,639.057007,173.640839,657.337036,186.777588,0.839396
168,760.256470,176.300308,818.212891,200.889481,0.920201
168,638.228455,173.947739,655.518860,186.642532,0.850517
169,756.681458,175.883408,814.106018,200.742905,0.914115
169,636.947815,174.359070,653.983704,187.025848,0.817919
170,752.604980,175.889648,809.614014,200.427765,0.906015
170,635.977051,174.759003,653.007935,186.621460,0.806585
171,749.261658,175.981384,804.983215,199.936859,0.921348
171,634.899170,174.714966,651.715454,186.317596,0.808054
171,660.771057,167.999664,689.965027,192.480499,0.634902
172,745.663330,175.928894,800.540894,199.678375,0.921665
172,633.516846,174.477585,650.171753,186.263962,0.781067
172,659.422363,167.942612,687.290771,192.150742,0.692015
173,742.660767,176.219940,795.646973,199.571198,0.927550
173,632.228333,174.600555,649.443176,186.403076,0.807651
173,657.602051,168.014923,685.354004,191.583191,0.779347
174,738.829346,176.076843,791.106201,199.374725,0.915353
174,631.497070,174.762344,647.747314,186.057022,0.693499
175,735.299866,176.178619,786.533630,198.783508,0.924064
175,630.687805,174.605362,646.328918,185.288254,0.757107
176,731.349060,176.005768,782.012390,198.501373,0.917951
176,630.205139,174.684875,644.797424,185.174042,0.794103
177,728.394104,175.788818,777.058411,198.117645,0.919120
177,629.333801,174.625748,644.278992,185.084793,0.787651
178,724.631287,176.466187,772.045227,198.135376,0.927171
178,628.094910,175.059128,643.125793,184.988205,0.779149
179,721.556641,176.634232,767.774536,198.964859,0.898115
179,627.094116,175.180588,641.751587,185.730698,0.792722
180,717.689758,176.974213,763.288757,198.220520,0.905002
180,626.288879,174.843048,640.701599,185.580048,0.800492
181,714.570679,176.923004,758.921387,198.429779,0.911952
181,625.843506,174.982605,639.036255,185.223389,0.798964
182,711.738831,176.939835,754.783264,198.113297,0.921528
182,625.370422,175.199615,637.757751,185.281158,0.754550
182,644.606323,169.654343,667.482544,189.525040,0.642030
183,708.847534,176.754242,750.390625,197.790588,0.909529
183,624.490662,175.367630,637.070374,184.736923,0.660018
184,705.955444,176.903641,746.178955,197.323471,0.918400
184,624.647827,175.536743,636.431763,184.524261,0.688162
185,703.457886,177.072708,742.047852,197.814896,0.911330
185,623.620789,175.238770,635.155579,185.030762,0.673787
186,700.731323,178.092636,738.215454,198.067215,0.865738
187,698.159729,178.498871,735.096252,199.173096,0.894388
188,695.596863,180.452164,730.523132,200.296555,0.905019
188,619.834351,178.399155,631.239258,188.099747,0.641329
189,693.162720,181.667343,727.597412,201.632248,0.896315
189,618.164795,179.491608,630.098999,189.042786,0.580070
190,689.921387,181.955978,722.671509,201.764145,0.893710
191,686.329895,182.011185,718.939392,201.885910,0.900924
192,683.746216,181.587143,715.480713,201.243759,0.901476
193,679.945923,181.971466,711.762695,201.446991,0.903238
194,676.825684,183.184387,707.129028,201.973816,0.899746
195,673.345581,183.776764,703.513428,202.121674,0.891807
196,669.624268,184.682541,698.587036,202.769485,0.892551
197,666.479614,185.328323,695.536133,203.653427,0.896023
198,662.651978,186.797394,690.487915,205.127777,0.892802
199,658.616272,186.996628,686.563538,205.422989,0.907377
200,655.055664,187.203003,681.937012,205.825043,0.903701
201,650.723511,186.980621,677.757446,205.271362,0.887820
202,646.997314,185.992050,673.304077,203.999619,0.890955
203,643.343506,184.722748,669.707153,202.823151,0.901506
204,640.047180,183.980652,666.481384,202.077209,0.883551
205,638.085632,182.679810,663.851257,200.064331,0.889696
206,636.111572,181.472580,661.495361,198.918533,0.900056
207,635.075684,180.849396,660.396851,198.408447,0.900329
208,635.012512,180.342606,660.124207,197.807449,0.904681
209,635.450928,180.025513,660.258667,197.175659,0.899912
210,636.932373,179.980972,661.680176,197.076096,0.877676
211,640.017395,179.764786,664.762146,197.013565,0.888930
212,644.727478,179.594208,668.910095,196.300140,0.887927
213,651.330017,179.692093,675.630310,196.643692,0.902547
214,660.073853,180.258240,683.697266,196.747070,0.889023
215,670.253723,179.317169,694.339417,196.584229,0.887532
216,683.148743,178.541885,707.302673,195.504440,0.890022
216,638.933716,174.648422,650.072388,188.002121,0.501710
217,698.202576,177.119019,721.632507,194.224945,0.898980
218,714.837585,176.428009,738.430359,193.722198,0.888763
219,734.377930,174.446228,758.479248,191.558594,0.877555
220,756.327698,172.915024,780.118347,189.879837,0.871472
221,781.408386,171.497467,804.387512,188.955841,0.884266
221,730.101746,168.370255,744.573181,181.705612,0.550389
222,807.619324,170.678406,831.278259,187.532349,0.862397
223,834.445190,169.257034,859.849854,186.153061,0.876835
224,864.935852,168.840927,889.922180,186.298264,0.861830
224,809.687561,165.717041,824.602234,178.299408,0.625615
225,906.501221,169.414886,922.436646,186.609467,0.766786
227,967.312439,170.301086,989.793030,186.859039,0.721730
228,1007.459351,170.724716,1036.622559,189.339066,0.890964
229,1050.471313,168.501801,1081.635620,187.213226,0.901967
230,1096.393921,164.151978,1128.829468,183.527527,0.889824
231,1146.414795,161.169617,1180.585449,181.090393,0.901153
232,1199.688232,156.679962,1237.072266,177.754578,0.874344
232,1110.446899,155.188629,1125.052612,169.008392,0.701537
243,278.759613,174.355911,292.261383,183.510361,0.588072
245,339.295929,176.891479,352.628815,186.035156,0.554560
246,364.735321,176.213058,378.496674,185.713791,0.656669
247,390.188446,177.569809,403.524567,186.455765,0.575023
250,456.496826,181.555130,468.851807,190.607681,0.643094
251,473.491028,181.071091,485.564941,190.092850,0.641862
252,488.031586,181.496582,500.689606,190.365021,0.635687
253,498.527008,180.588104,511.485382,189.742584,0.648541
254,506.794617,179.543671,519.053040,189.443390,0.710464
255,513.062134,179.368546,526.113281,189.242020,0.791824
256,517.087585,179.424377,529.956360,189.486725,0.729186
257,517.620605,179.682755,531.915527,190.390457,0.738473
258,517.139343,181.724976,531.794006,192.316254,0.772138
259,515.550537,181.329742,529.986694,192.564545,0.761238
260,513.245361,179.809891,528.480347,190.986679,0.773027
261,509.704529,177.040039,525.395813,188.408752,0.798495
262,506.595490,176.485672,522.789612,188.541306,0.825256
263,503.750031,176.995239,519.846008,189.298462,0.761855
264,500.096680,176.312790,516.907104,188.764542,0.832850
265,496.627502,174.828781,513.944214,188.334091,0.777109
266,492.521118,172.563065,510.717651,185.137192,0.844048
267,488.932251,165.831497,507.508118,179.044876,0.839124
268,484.519440,159.337784,503.989716,173.446945,0.847950
269,481.274475,162.355576,501.287964,175.827408,0.854771
