0,480.007294,166.437881,514.825378,193.077667,0.832087
0,518.530640,166.271774,549.891235,183.379715,0.776442
0,504.627411,167.566467,525.322693,187.870987,0.692173
0,1054.883667,157.719284,1164.002930,208.991791,0.613607
1,479.918365,166.414886,517.633301,193.056732,0.797470
1,517.154236,166.473877,551.688477,183.472137,0.711351
1,1055.461914,157.515198,1189.612671,209.162277,0.654221
1,505.350098,167.369293,525.726501,188.846451,0.588942
2,480.089691,166.371445,520.703247,193.181946,0.787704
2,518.882629,165.789139,553.299316,183.612717,0.649750
2,1056.571167,157.535202,1188.797119,209.026566,0.563797
2,505.395660,167.310715,526.373047,188.696442,0.556742
2,565.249084,168.362839,577.468445,180.034607,0.510960
3,480.291809,166.269211,524.519592,193.263657,0.761146
3,1057.637451,157.520493,1191.131836,209.454330,0.671831
4,1059.742188,157.435806,1192.614624,209.432617,0.751040
4,480.543396,166.168900,523.784912,193.685715,0.674530
5,480.705688,166.577698,514.706482,194.061081,0.805359
5,507.508423,166.266098,526.176025,189.329102,0.717710
5,522.894165,165.476654,556.975647,183.457657,0.714021
5,1061.648438,157.516617,1194.179932,209.748474,0.712106
5,566.056396,167.940704,578.076843,180.697281,0.598586
6,481.239807,167.188477,514.186340,194.510284,0.775083
6,507.036255,166.931808,525.990417,190.036194,0.755180
6,524.758179,166.059143,558.410767,184.405075,0.712905
6,1063.829102,158.314484,1194.706421,210.442398,0.649981
6,566.148010,168.347153,579.610413,180.967102,0.567845
7,481.170807,167.876999,514.165710,195.624771,0.820547
7,507.958130,168.009613,526.352295,190.381638,0.800850
7,1066.761963,159.175797,1197.126587,211.932877,0.795410
7,523.327515,166.536606,558.942322,185.295074,0.767684
8,523.062683,167.804840,561.176575,186.365097,0.843817
8,1070.954712,159.487778,1204.543213,212.943878,0.797393
8,481.249115,169.302612,514.031860,196.348602,0.760189
8,505.883575,169.000168,527.391418,191.668854,0.756549
8,568.323975,170.572327,581.164917,183.358780,0.544158
9,525.656982,167.627655,561.505676,186.674973,0.879467
9,481.922485,169.750687,514.518250,196.789642,0.845740
9,1075.422852,159.292496,1212.971313,213.044479,0.837239
9,506.117218,169.134460,527.888123,191.712616,0.815674
10,1081.557129,158.993530,1208.654907,213.110214,0.856504
10,482.762726,169.360428,515.390442,197.095749,0.846247
10,527.625793,167.730743,563.000488,186.254089,0.842379
10,507.476318,168.975433,529.311829,191.063309,0.820977
10,569.807678,171.055267,582.254883,183.136002,0.558466
11,483.722504,168.570892,516.222839,196.797165,0.860395
11,1088.145630,158.768097,1208.471924,212.730637,0.838506
11,528.734802,167.499847,564.342163,185.564758,0.831023
11,509.280182,168.448318,529.648132,191.413391,0.828403
11,570.787170,169.449966,582.823425,182.651245,0.529895
12,484.875427,167.981476,517.843018,196.527237,0.899609
12,530.629028,167.019562,564.717102,185.696472,0.874257
12,510.373779,167.893829,530.891846,191.611954,0.830140
12,1096.324097,158.979523,1217.097046,212.907776,0.797612
13,486.760529,167.966690,519.837769,196.742111,0.872012
13,533.590210,167.218613,567.148132,185.584732,0.863707
13,1105.742065,159.087296,1220.111206,213.303131,0.837815
13,510.859894,167.970474,531.999573,191.288696,0.814915
14,488.345642,167.957886,521.576599,197.093628,0.884282
14,1117.544922,158.913025,1223.700073,213.965317,0.869563
14,537.133484,167.954056,569.335938,185.558167,0.851255
14,514.263367,167.984741,533.623291,191.287262,0.813890
15,491.219849,167.740738,524.440186,196.774704,0.903724
15,1130.279297,158.176254,1219.606323,213.294052,0.854093
15,517.676575,167.868179,537.328369,191.387100,0.832283
15,541.177917,167.427658,571.814758,185.355606,0.823908
16,493.617981,168.116821,527.353821,196.893341,0.892867
16,1145.986084,157.018616,1224.940918,213.059204,0.855455
16,520.474182,168.036179,540.057312,191.478439,0.809646
16,544.345947,166.776138,573.698303,184.888474,0.776641
16,583.435852,168.944382,595.241394,182.230423,0.548869
17,496.692322,168.003754,530.392517,197.654404,0.879708
17,522.559204,168.204590,543.471130,191.441727,0.765621
17,1161.910889,157.225021,1223.400391,212.620010,0.747040
17,548.838318,167.761429,575.235901,185.067627,0.583141
18,499.263062,167.932526,534.348022,197.644577,0.754749
18,524.684998,167.844925,546.824951,191.538834,0.655662
18,1180.786133,157.418457,1224.143921,212.446854,0.599940
18,552.548401,166.898041,579.140625,185.187256,0.533260
19,528.495117,167.779572,549.797668,191.379990,0.728001
19,503.043640,167.534058,537.739563,197.663727,0.693582
19,556.956482,166.290298,582.832764,184.670364,0.677373
19,1113.716309,177.768448,1139.144165,212.362457,0.597310
20,1123.732300,176.948975,1157.565063,213.356049,0.757564
20,560.960205,165.496643,584.378174,184.156830,0.678884
20,534.294067,166.423889,554.417603,190.846451,0.566778
21,509.186401,164.873001,545.467163,196.149048,0.879995
21,536.242004,165.189865,557.457581,189.839569,0.804240
21,1134.914429,177.597885,1178.173828,214.777985,0.780590
21,601.539978,167.375870,613.143250,180.079163,0.555980
21,566.721313,164.122421,587.605530,182.347870,0.501004
22,512.191833,164.399689,549.514648,195.424561,0.876114
22,1147.408081,168.487900,1201.951416,215.954559,0.791105
22,538.486938,163.988251,561.988892,189.022827,0.775024
22,571.306885,163.599686,590.449036,181.135895,0.671277
22,605.313110,166.584366,617.693909,179.611649,0.544386
23,1159.183716,163.715179,1223.748657,218.521927,0.897411
23,545.286255,163.819580,565.294983,189.398682,0.719543
23,516.023560,163.682983,553.199951,196.156006,0.667723
23,609.282959,167.024353,621.617615,179.359100,0.579600
23,574.420288,163.462387,594.227417,181.936462,0.506851
24,518.891602,164.799408,557.702515,197.359818,0.848337
24,1172.320801,168.653381,1225.296387,218.347870,0.828456
24,548.644470,164.590027,570.017029,189.797058,0.759427
24,576.702454,163.966522,598.721069,182.307785,0.725556
25,1185.530151,177.787109,1224.520752,216.285141,0.801546
25,522.296753,165.188889,561.382019,198.518631,0.795336
25,580.538635,164.658813,602.743835,182.730652,0.756292
25,550.037659,165.391174,573.280579,190.963409,0.731721
26,583.384460,164.016525,606.589905,182.689148,0.782853
26,556.230896,163.833267,576.850281,190.538422,0.731028
26,525.303406,164.118164,565.079285,198.562286,0.626250
26,1197.811523,178.109467,1224.989990,216.982925,0.585076
27,584.397217,163.874359,609.065308,181.675293,0.754610
27,559.834961,164.259094,579.187561,190.761597,0.726432
27,527.685364,163.452087,568.347839,197.949051,0.710479
28,528.602112,164.011703,571.059631,199.375320,0.807995
28,560.259888,163.694885,581.928650,191.664917,0.752942
28,584.288269,163.598312,609.836731,182.261734,0.716795
29,528.218994,164.898621,569.315063,200.748520,0.871011
29,561.116028,165.444809,581.017456,193.042740,0.776689
29,582.429932,165.320892,608.790405,183.335785,0.656223
30,525.065918,167.457458,566.621155,203.931641,0.891219
30,578.340820,167.405762,606.708801,185.785553,0.816020
30,557.388245,167.369171,578.604797,195.712250,0.798313
30,624.611816,169.625153,639.036804,183.645782,0.577124
31,520.284546,168.668777,561.919922,206.598465,0.904218
31,552.986389,168.588806,573.922241,197.765717,0.766350
31,574.483826,168.897827,601.425415,186.792694,0.743064
32,512.568604,168.447327,555.180115,207.124847,0.899020
32,546.094666,168.330505,568.496094,197.641495,0.813237
32,568.190857,168.675934,594.764832,186.576508,0.706136
32,615.648193,171.481445,630.057617,185.048798,0.628771
33,503.633331,167.213104,547.581177,206.917725,0.907682
33,560.329712,167.895370,586.586182,185.972519,0.856360
33,539.255371,167.239868,560.351257,196.837204,0.795254
34,493.291626,165.718124,538.188904,206.641479,0.893812
34,524.217224,165.924545,551.470276,196.399475,0.718831
34,600.132690,168.542068,615.973572,182.659286,0.714181
34,553.056213,166.701462,577.888672,184.403229,0.685485
35,481.002075,165.917480,528.387329,207.853119,0.876228
35,542.548645,166.677307,566.478943,184.648132,0.790947
35,515.981201,166.043991,541.320679,197.361893,0.753757
35,591.101440,168.470963,607.252014,183.069519,0.737677
36,467.056671,166.669662,516.087036,210.348450,0.908234
36,506.728882,167.259186,529.647339,198.191635,0.784681
36,526.449829,168.755188,553.101746,186.322495,0.748694
37,451.578827,167.304230,502.044098,212.387817,0.917649
37,490.953094,167.821381,515.519043,198.999374,0.813405
37,1194.448486,181.655060,1226.016235,225.758499,0.616881
37,517.195679,169.245758,538.507507,185.769455,0.586736
37,567.853699,169.973160,585.006226,184.466980,0.511501
38,434.170593,166.628448,487.273376,212.980225,0.911508
38,474.685455,165.991867,500.544556,199.004822,0.838313
38,497.524475,168.124054,521.994568,185.697739,0.741957
38,1180.560913,179.088058,1224.288940,222.852417,0.726031
38,553.989685,168.508408,572.859192,183.700195,0.538448
39,415.527374,163.387772,471.130005,212.409760,0.899851
39,1167.496948,168.316772,1224.448242,222.060898,0.857069
39,458.348419,163.561325,484.655701,197.358948,0.796938
39,479.593445,165.571396,505.444427,183.573837,0.708356
40,395.144043,162.409729,452.735413,212.982788,0.912863
40,1150.982300,162.591522,1223.839600,225.802536,0.881789
40,441.546112,162.454056,467.100525,196.844925,0.841211
40,461.414917,163.955307,487.147705,182.517807,0.631539
41,372.879456,163.712997,433.845795,216.710419,0.929165
41,420.665009,163.390823,448.344849,198.404541,0.855219
41,1135.259521,161.139572,1222.781128,226.742126,0.803935
41,441.036011,164.802826,466.976807,183.674713,0.750939
42,347.704865,166.035706,412.025696,221.294388,0.908546
42,398.604401,165.636673,425.745514,201.604614,0.857038
42,1113.492920,161.910233,1223.982544,228.367645,0.769578
42,421.332458,167.798828,445.497406,185.896667,0.706374
43,317.189362,168.156601,386.551117,226.680008,0.922871
43,370.868378,167.509155,400.044647,204.032242,0.836474
43,1089.553223,162.535919,1224.172607,229.627411,0.714133
43,403.591034,169.424332,418.612213,187.560211,0.586416
44,283.525818,169.383469,357.893280,230.047867,0.901962
44,340.164734,168.349854,369.838593,206.050888,0.783260
44,1063.685303,163.928726,1224.420166,232.944214,0.742899
44,362.847290,170.251785,389.027161,189.260910,0.620283
45,242.861572,169.327271,325.622162,235.539932,0.917284
45,299.546051,168.978943,336.744385,208.569611,0.775767
45,1033.605469,166.887497,1213.441040,234.819214,0.707797
45,329.436981,171.037460,355.666351,190.575089,0.591968
46,195.840714,171.209106,289.005005,243.577591,0.936060
46,262.032959,171.620605,297.662781,210.239029,0.818765
46,289.364227,173.564331,317.869720,192.860062,0.794145
46,1001.665344,167.608917,1173.821899,234.897247,0.745217
47,141.407394,174.015289,247.820343,250.715012,0.943081
47,208.841812,172.865280,253.404678,213.702759,0.810985
47,967.693665,168.255157,1135.087646,234.984055,0.807571
47,245.419388,175.036682,276.398193,194.872086,0.743957
48,76.736305,175.038330,201.369644,259.312592,0.937433
48,152.427444,173.185440,203.935287,216.991455,0.812962
48,931.395264,168.184814,1091.925903,234.968567,0.780604
48,197.092697,176.147888,227.387634,196.399414,0.506320
49,4.072248,174.401367,148.923599,267.056305,0.938300
49,894.635193,167.136734,1050.308838,233.457962,0.857646
49,144.536911,175.595581,173.458130,196.595322,0.722830
49,89.452499,172.424332,149.345490,206.125381,0.653134
50,-0.221193,175.731461,91.450455,275.848541,0.924164
50,85.375748,174.421326,114.222054,196.150665,0.790187
50,856.391663,164.339554,1008.594910,230.161926,0.748367
50,11.504848,170.925537,83.500923,206.842896,0.734750
50,67.583389,177.225830,94.423271,202.433380,0.706328
51,0.077548,204.475800,27.620277,279.145325,0.856250
51,819.207458,162.006912,968.377808,227.796387,0.831757
51,-0.047378,177.342239,31.878714,204.472733,0.820875
51,22.413334,173.990997,48.870487,195.778870,0.733456
52,783.380920,160.644348,929.235046,226.360062,0.839625
53,748.197571,159.611588,891.149536,226.161591,0.831002
54,711.320251,159.133194,852.597656,225.771774,0.752086
55,1168.437256,167.773743,1221.521729,195.494293,0.832664
55,675.239563,159.871033,814.472534,227.192657,0.634344
56,1109.216553,169.502838,1158.176025,196.371017,0.861887
56,636.238403,160.703659,777.111450,229.678787,0.790140
57,1052.853394,172.345322,1099.815308,199.079483,0.885190
57,1202.000244,176.583893,1224.209106,190.392212,0.786433
57,598.343079,162.522232,739.351501,233.509338,0.760103
58,999.578430,176.233215,1044.112305,202.482452,0.896481
58,1140.453857,180.055511,1169.751709,195.079834,0.858066
58,557.602844,164.518890,700.877930,236.360504,0.739149
59,947.805908,178.092239,990.419861,204.058289,0.878686
59,1082.307617,182.294983,1109.744385,197.996704,0.857888
59,513.435547,165.904724,661.087341,238.866776,0.769999
59,1202.671509,188.162460,1224.092407,231.667282,0.647368
60,1169.345093,195.511551,1223.276367,287.721161,0.889180
60,898.678467,178.324417,940.065063,204.541779,0.885365
60,1027.869629,182.326523,1053.504395,197.256042,0.845075
60,1148.011353,187.264328,1198.734497,232.733185,0.839342
60,468.524719,165.617905,621.172729,241.536606,0.664961
61,850.652405,175.056229,891.749084,201.129105,0.890253
61,1123.104614,194.016663,1224.388550,283.232483,0.884453
61,975.560791,178.728210,999.883423,193.180466,0.852622
61,1095.639160,183.752472,1146.005859,226.291809,0.821582
62,804.035522,174.279968,844.121887,200.243210,0.906419
62,1078.962769,194.065659,1216.675293,282.652161,0.871598
62,1047.024292,181.572540,1094.644043,223.123062,0.863567
62,925.182739,177.897858,948.736511,192.976074,0.850829
62,1078.563599,185.155502,1155.442505,227.772858,0.705576
63,758.200378,175.103378,798.775330,201.430908,0.891230
63,1035.506348,194.886475,1168.520508,284.165161,0.861236
63,878.136047,178.577347,900.862976,193.763992,0.855382
63,999.512451,182.766541,1048.298706,224.075104,0.819302
64,998.675781,197.214981,1122.132202,285.353607,0.885200
64,714.769043,175.358505,754.363403,202.190216,0.884629
64,954.694641,183.296539,1002.818909,224.154816,0.867773
64,990.186218,188.461975,1075.308716,243.584091,0.859866
64,833.836731,178.891449,855.986694,194.781509,0.822741
64,241.427444,162.033691,443.972260,252.640884,0.725319
64,945.136169,183.789719,963.165710,208.160934,0.635436
65,671.550720,175.137695,712.712952,202.603455,0.899723
65,961.671326,198.142685,1096.316406,287.331024,0.895373
65,950.390198,188.876312,1034.138306,245.464828,0.884411
65,171.342178,159.549820,394.587067,257.511047,0.883145
65,791.275696,179.157120,813.280212,195.535461,0.866146
65,913.710022,184.335938,959.372498,223.720078,0.859347
66,927.390808,195.268982,1079.725464,288.561340,0.907574
66,630.538635,173.864304,672.328857,201.362747,0.904383
66,913.109436,187.292862,998.930237,243.897659,0.875929
66,876.353088,182.958527,919.815002,222.604828,0.857970
66,751.554626,177.608459,773.655151,193.771347,0.850098
66,869.028198,182.230469,892.891724,209.152390,0.633247
66,861.687500,181.817551,876.570190,197.943512,0.561770
67,897.880127,191.718262,1036.335205,285.959503,0.906753
67,881.368896,183.042389,965.333435,241.232544,0.895204
67,592.316467,171.701736,635.330811,200.376755,0.876864
67,842.931763,179.584045,887.089355,219.681839,0.842309
67,716.377197,175.213120,738.241089,191.733353,0.835511
67,11.601590,158.345642,289.777191,273.943298,0.807854
67,825.588074,179.069550,844.321838,201.843887,0.671281
67,836.181580,179.381424,858.188293,206.817200,0.663654
68,0.835499,155.570969,235.948868,282.496094,0.920241
68,873.956665,188.979706,1025.525879,286.628540,0.915475
68,855.157776,179.674789,939.430786,242.107040,0.895559
68,556.936646,169.564240,602.353333,199.067322,0.863748
68,684.639038,173.065308,707.086182,189.498886,0.858646
68,813.884827,176.469528,859.617126,217.133072,0.841541
68,807.313232,176.142441,826.289062,202.896851,0.614290
68,796.571594,174.805969,815.239929,198.512344,0.565878
69,853.219849,187.742508,1020.790955,290.849426,0.920453
69,0.174730,151.684830,181.442535,266.702209,0.902010
69,524.568848,166.907242,571.011475,197.970688,0.900566
69,832.413452,178.645050,920.437256,239.334167,0.899816
69,657.136597,171.163544,679.264404,187.978439,0.865506
69,788.883606,175.008301,834.621887,215.300110,0.842956
69,771.432983,171.398499,790.770325,190.210022,0.621524
69,781.249390,174.669174,799.175903,201.979156,0.547721
70,841.027100,188.009628,1016.403687,295.224182,0.934846
70,494.754608,164.873123,543.788391,197.374496,0.904872
70,815.122925,178.121048,904.654785,247.289902,0.890669
70,771.441528,173.711258,816.328796,214.978378,0.873949
70,632.784302,170.299484,656.260864,186.982315,0.822774
70,0.246997,148.166290,125.545212,270.766510,0.738205
70,762.941467,173.915573,782.092102,202.862137,0.678376
70,749.781311,172.925919,767.714966,194.208374,0.591710
71,831.228455,186.939774,1017.822083,299.345764,0.939485
71,801.338806,176.755402,894.694336,249.833771,0.910579
71,468.248444,166.206558,519.553345,199.774429,0.884950
71,754.911743,173.057114,801.410339,215.436081,0.869874
71,612.850159,170.618896,636.621643,187.344254,0.825115
71,0.096711,151.526245,66.687439,284.219055,0.645533
71,744.313232,173.444687,760.594910,201.068939,0.546192
72,824.163879,188.827881,1024.712646,308.772064,0.941475
72,789.064453,178.197952,887.135986,255.227371,0.919979
72,741.518005,174.786224,789.361145,218.156128,0.873160
72,442.334106,169.731750,496.585236,204.500839,0.865676
72,594.877197,173.397171,618.956970,189.937851,0.832972
72,732.488586,175.180695,749.927124,206.284866,0.729296
72,718.080139,174.530609,737.697144,197.465439,0.540766
73,820.356140,191.699463,1038.401367,319.241180,0.943738
73,780.750122,179.688797,882.774902,260.441345,0.926099
73,416.204834,172.420792,475.436920,209.115448,0.909709
73,730.672363,177.855118,777.526794,220.983093,0.888720
73,578.006775,176.071686,602.751282,192.892853,0.848726
73,722.639221,177.528198,745.125427,209.987656,0.688303
73,704.224426,177.346146,722.705200,198.569946,0.665315
73,716.602173,178.161087,731.012085,204.127319,0.566765
74,820.660889,194.570404,1059.407715,331.204742,0.943760
74,775.163818,181.707260,883.442078,265.389343,0.924206
74,394.619263,173.102203,455.756195,210.838486,0.922043
74,722.178894,179.083664,769.443054,223.090378,0.878553
74,563.575195,177.243958,589.501465,194.303024,0.865088
74,709.266052,179.293243,724.522339,208.132355,0.659088
74,695.837036,177.302536,718.320862,197.798660,0.593885
75,822.376038,195.295395,1095.679321,346.575806,0.946920
75,371.989227,171.691940,437.235901,211.803513,0.921563
75,773.667847,181.294510,888.282654,269.986481,0.921077
75,715.137695,177.329895,764.134033,222.767227,0.888443
75,551.316101,176.552322,577.812195,194.090607,0.867157
75,701.395996,178.796967,717.188660,208.090332,0.715880
75,686.926025,177.592346,706.203064,196.999512,0.617930
76,828.982361,198.428452,1139.579590,361.915527,0.940071
76,770.681885,181.715073,892.769287,274.353668,0.931069
76,347.553772,171.705551,418.349792,213.742905,0.917536
76,708.167175,177.900589,759.291199,225.182037,0.889813
76,540.209167,177.108658,566.621277,194.308594,0.846475
76,694.233154,178.628586,711.932007,209.587067,0.685276
76,679.178894,178.744537,697.286865,199.298569,0.624695
77,834.797913,199.975616,1193.752808,366.224945,0.948429
77,769.179688,181.481033,915.242249,279.623810,0.923604
77,322.868317,172.414368,398.234680,216.581192,0.913822
77,700.337280,177.879990,755.397888,226.080734,0.868208
77,527.634155,177.696960,555.393433,195.205383,0.851749
77,686.785217,179.151291,705.268982,209.234772,0.699450
77,672.373291,176.139923,693.335327,199.150238,0.547632
78,845.719543,202.344025,1220.638672,365.994873,0.949489
78,769.740906,182.583725,924.621399,285.681244,0.928004
78,296.219940,173.995651,378.619873,220.197922,0.896184
78,697.951843,178.873032,751.870117,228.854874,0.877604
78,515.881470,178.345078,545.636658,196.579788,0.865095
78,682.173340,179.891159,699.881470,211.614975,0.730588
78,665.096741,179.833893,681.825562,200.050262,0.600012
78,625.893799,175.838928,637.291626,184.560593,0.515084
79,862.292175,204.975159,1222.467529,365.728455,0.955619
79,773.857056,182.145340,949.462341,291.683472,0.934327
79,270.127625,173.861938,358.870911,223.078171,0.898101
79,506.570923,178.085312,538.134094,196.159012,0.864825
79,695.530701,178.564743,751.009888,228.994125,0.860677
79,678.040649,179.407593,696.203369,211.275864,0.721523
79,686.880310,178.537811,706.127319,216.561768,0.577458
79,669.641296,180.172424,684.112793,205.118881,0.572236
79,619.925110,175.065720,632.231689,184.287857,0.528734
80,885.241455,208.817184,1222.560791,366.087219,0.955907
80,778.839172,180.576645,973.429810,298.979218,0.937487
80,242.493576,172.921265,339.446228,225.952438,0.912961
80,695.047180,178.090698,752.161621,230.850983,0.881367
80,497.732971,176.934921,533.098022,195.966324,0.816156
80,676.563782,178.564117,693.751587,211.565201,0.740970
80,658.041260,177.307190,679.704712,199.217224,0.634328
80,616.031250,174.611572,628.673645,183.621872,0.573223
81,914.732849,214.294754,1224.196777,366.447968,0.946809
81,784.741150,180.110916,1011.451965,308.872711,0.937545
81,212.571121,171.365646,318.584625,228.078888,0.891169
81,694.759827,177.043472,753.405762,231.682632,0.882694
81,489.694427,175.530411,521.601318,195.355530,0.856772
81,683.076904,175.511658,710.564331,217.513123,0.751092
81,673.010986,177.680801,691.478394,209.683685,0.745137
81,664.641968,177.191330,681.120239,204.428421,0.646177
81,655.436218,176.569168,673.382874,195.914520,0.598272
81,611.855652,173.803741,625.507385,183.220398,0.586731
82,796.336731,181.185303,1049.167969,318.740692,0.939503
82,955.603943,224.673859,1221.820068,365.289459,0.936724
82,176.437378,170.873581,295.871277,231.308853,0.919109
82,695.626404,177.059402,755.343323,232.691147,0.890698
82,479.922424,174.983948,513.780823,196.544724,0.879244
82,681.819885,175.576324,713.545715,218.511902,0.762282
82,670.208984,176.789169,690.651855,209.101913,0.750613
82,663.478943,177.586914,679.202332,205.182373,0.659510
82,608.080750,173.386780,622.123779,183.142624,0.588310
82,652.703979,176.478989,670.416260,196.615982,0.586958
83,805.220276,181.703354,1096.487671,333.172150,0.944168
83,139.349731,170.353836,270.869751,234.942657,0.912175
83,471.768250,175.195129,505.700836,196.477280,0.888144
83,695.553345,176.808960,758.393066,235.027740,0.887748
83,1009.323364,286.075684,1222.302124,367.478149,0.884132
83,681.046143,175.772110,723.717346,218.334427,0.780378
83,670.666626,177.361298,690.325012,210.875702,0.770286
83,661.049683,177.252136,677.959900,206.593002,0.726380
83,650.536926,176.981155,667.332397,198.632233,0.616080
83,604.784912,173.462189,618.906738,184.171310,0.573212
84,815.904968,181.775192,1151.371094,352.437378,0.937337
84,97.100899,170.831558,244.107971,240.406570,0.902290
84,697.909119,176.125305,761.302307,236.611969,0.893166
84,462.905151,175.371063,498.434906,197.438431,0.880176
84,680.513977,174.904205,725.472473,220.399551,0.849567
84,660.900635,176.969177,678.405273,208.632721,0.763151
84,670.919617,175.625366,691.384644,212.322006,0.739465
84,648.514221,176.731705,665.868652,197.835205,0.708132
85,833.905090,179.187271,1222.573242,365.042969,0.961599
85,48.112762,170.826965,215.395218,247.865814,0.928779
85,701.002197,174.805740,767.738403,239.386337,0.911213
85,454.397736,175.493820,492.380341,197.821808,0.893944
85,681.583374,173.588074,729.407593,221.307343,0.884606
85,670.956177,175.385422,692.265259,212.887650,0.806731
85,660.867676,176.492584,677.753113,206.985519,0.750010
85,600.164062,172.318344,611.761658,182.470261,0.724246
85,648.502869,175.468262,666.500977,196.283936,0.641916
85,612.064819,171.269211,627.495605,180.394867,0.542928
86,856.293030,181.738586,1224.197021,364.567352,0.956121
86,0.280655,171.567581,182.363770,255.482132,0.921743
86,704.374512,175.431732,774.762024,242.358170,0.908694
86,447.167267,176.388443,486.457153,199.487350,0.899032
86,682.761475,174.174545,732.996033,224.834839,0.895374
86,672.902283,177.163589,694.020569,214.002960,0.797426
86,648.609497,175.257828,669.142151,197.927795,0.662235
86,598.087158,173.127533,610.957581,182.928558,0.613564
86,610.561829,172.353607,628.716370,181.994202,0.525990
87,884.824646,184.718903,1223.259033,366.067871,0.962324
87,708.598206,175.853302,783.336914,246.823563,0.907841
87,438.779846,177.244080,480.740631,201.521072,0.907460
87,685.968201,174.502213,738.178650,227.309006,0.897669
87,675.674011,177.911423,696.542664,216.749008,0.801923
87,0.100745,174.170883,147.732010,264.117035,0.776480
87,661.068054,176.837708,685.176453,209.712646,0.769863
87,597.453979,173.400955,609.896118,184.093140,0.733100
87,649.064148,175.108856,671.823547,196.896988,0.662191
87,610.601868,173.049286,628.304993,182.701324,0.569870
88,919.396362,188.678802,1224.275879,366.468414,0.962270
88,689.265564,175.409454,744.094177,231.123489,0.912333
88,712.847717,176.627762,792.739014,248.315598,0.911656
88,430.906708,178.105743,474.510010,203.744141,0.904604
88,676.797058,179.065430,701.060791,218.627640,0.886377
88,0.503336,175.207794,100.912941,261.995422,0.761041
88,663.100342,177.672470,689.540344,210.812195,0.736130
88,596.348816,174.009888,609.806519,184.431198,0.677537
88,649.646423,177.261795,671.209229,200.870728,0.610450
88,610.087708,173.970413,629.838013,184.844498,0.568323
89,965.823792,199.256470,1224.194824,366.307404,0.949009
89,718.720398,176.565262,803.410339,252.897018,0.910559
89,691.747864,174.634552,749.885010,232.212570,0.908433
89,422.212402,178.216003,467.744537,204.713684,0.904158
89,678.283325,178.624100,703.710083,220.861816,0.853227
89,-0.142502,176.821136,45.367317,268.300690,0.786599
89,594.447021,173.949982,609.104431,185.194138,0.736180
89,649.133423,178.472046,670.475830,201.929276,0.524480
90,1026.706543,241.842255,1223.413452,366.882172,0.943997
90,695.491699,175.326111,755.784363,234.664993,0.907031
90,411.595917,178.875519,460.603546,207.014145,0.903185
90,723.664185,176.508469,815.552673,253.638733,0.902862
90,678.918579,178.629166,709.783813,221.922501,0.861903
90,664.036865,176.575470,694.038025,212.093750,0.819424
90,650.527771,177.758148,672.906433,202.578232,0.719951
90,593.989502,175.494461,607.943115,185.984344,0.678495
91,1114.356445,298.959961,1223.473633,368.067749,0.919895
91,729.403931,176.655136,830.307678,261.829895,0.912413
91,401.664764,179.525879,452.470337,208.396301,0.910911
91,698.876404,174.473740,763.654846,238.148651,0.909687
91,684.427612,178.330170,714.010742,223.854416,0.855910
91,665.206848,176.589737,700.927856,213.235641,0.804231
91,650.647095,176.771591,674.067688,203.291641,0.740263
91,592.923645,175.418015,607.403687,186.796967,0.670618
92,389.549438,180.226776,444.029510,209.659836,0.922451
92,736.550720,176.588165,846.311035,264.881897,0.903257
92,703.590088,174.512726,770.820190,242.209076,0.894995
92,683.665100,179.045212,719.943726,226.154922,0.853999
92,667.135376,177.661697,699.171875,215.991272,0.773193
92,650.615906,176.966690,676.812805,203.550598,0.679493
92,590.257324,175.248901,606.036133,187.623199,0.610471
93,744.787964,176.753647,866.280212,267.289246,0.923389
93,707.961060,174.336060,780.116028,246.465118,0.909896
93,376.020996,180.544266,434.723145,211.736496,0.908204
93,686.648804,177.972824,727.385193,227.914948,0.867566
93,667.597412,177.118958,705.508179,217.736511,0.773976
93,650.091675,177.482254,675.975525,204.327728,0.689412
93,588.539246,175.150650,604.469482,188.151718,0.664828
94,754.238831,176.279251,889.847717,276.447723,0.925518
94,362.899384,180.311127,424.842041,213.467361,0.925242
94,712.870605,173.940857,790.356812,248.772064,0.918603
94,687.711304,177.234451,734.631653,228.971619,0.866703
94,670.814331,176.869415,706.801331,217.980637,0.821290
94,653.529297,176.664978,679.673523,204.307999,0.711461
94,586.758728,175.019989,603.226135,189.052933,0.656133
95,348.273438,180.422287,413.759735,215.565994,0.925144
95,717.554382,174.095810,803.273560,255.367462,0.923842
95,765.887695,176.805954,918.788696,289.498932,0.916954
95,692.052368,177.518036,738.921082,232.526901,0.875677
95,673.464478,176.878250,711.060730,218.792023,0.823871
95,655.932068,176.274048,681.451172,204.915024,0.708532
95,585.173401,174.764191,602.222351,190.537094,0.619894
96,779.430481,178.191864,954.696045,309.782928,0.933387
96,723.792053,175.518387,817.580505,259.077087,0.927132
96,331.393097,181.505722,401.875397,217.460678,0.925294
96,694.022705,178.002747,747.593323,235.667618,0.907071
96,675.606018,177.907883,714.358154,223.406097,0.841955
96,583.169312,174.873596,600.290344,189.845551,0.776080
96,657.576477,177.579895,681.047241,206.540054,0.714410
97,795.828247,179.453384,1000.708618,327.484344,0.935831
97,730.588440,176.347351,834.832642,266.722382,0.926645
97,312.169312,182.216736,388.975006,219.997955,0.922426
97,698.468262,178.865768,755.353394,239.075424,0.906256
97,676.370544,178.270493,721.258911,225.237640,0.841406
97,657.547974,177.530426,684.990051,208.469421,0.762659
97,580.698364,178.906387,598.551636,191.855164,0.572447
98,814.794861,180.485748,1060.426270,354.341339,0.946111
98,738.619812,176.028717,851.676208,274.767029,0.927079
98,286.584198,182.250977,374.461273,223.491592,0.923375
98,701.332092,179.331223,764.882507,242.244705,0.898315
98,681.844849,178.454025,726.261414,226.914825,0.847880
98,657.402283,176.937347,687.327026,209.753708,0.749485
98,578.045105,180.173889,596.132141,191.533737,0.675230
99,836.988464,181.521149,1138.098267,365.691254,0.940369
99,265.792358,182.298813,357.783417,226.650238,0.937212
99,747.891724,175.822632,882.134705,282.314545,0.932739
99,706.384338,179.093933,775.712708,245.288452,0.905678
99,683.224976,177.596771,731.003052,227.918915,0.882800
99,674.112305,179.048599,693.876587,214.636932,0.755818
99,574.734131,174.627350,594.241577,191.878418,0.511787
100,871.234497,183.379562,1221.600586,365.338654,0.948703
100,239.414536,181.912262,339.971802,228.723190,0.940174
100,758.878296,176.297562,918.921082,294.277374,0.932019
100,710.729248,179.558167,787.034729,249.173904,0.910832
100,685.383545,177.602875,737.666992,230.337799,0.902677
100,675.859741,178.706635,697.402832,216.083511,0.768123
101,911.475281,183.338730,1223.978271,364.333313,0.957220
101,208.582443,181.213150,319.429169,232.550949,0.939594
101,771.785461,175.175949,965.389282,305.659302,0.936567
101,717.004700,178.629120,802.068909,250.763519,0.909673
101,688.670105,176.834045,745.291260,232.636139,0.907672
101,677.970825,177.606461,701.235718,215.932220,0.812220
101,661.196045,176.103348,691.288574,208.252441,0.801040
101,567.807007,174.112000,588.765991,191.280502,0.777662
102,972.943848,193.830704,1224.592041,365.522980,0.947232
102,787.842163,175.019211,1023.480286,323.707275,0.942820
102,171.483490,181.437454,297.272339,236.516525,0.939790
102,724.202454,178.549332,819.620483,256.891052,0.927288
102,692.006897,176.203003,752.310608,233.937546,0.900004
102,662.161560,175.373154,695.776001,209.697067,0.828990
102,564.135986,174.445526,585.858215,191.504150,0.803135
102,681.321228,177.557816,705.237732,217.215820,0.790980
102,607.431946,172.535034,618.222717,181.321014,0.629948
103,1055.124512,229.302429,1223.997559,366.122467,0.946370
103,806.387085,175.423264,1097.439209,345.963165,0.945054
103,127.617264,182.099701,269.934052,243.205978,0.940854
103,731.276611,178.673691,840.982849,264.205383,0.918754
103,696.234802,176.495178,759.827332,238.290878,0.913718
103,682.541016,177.507935,708.719849,218.849884,0.859200
103,559.333191,174.394730,583.102661,193.092178,0.833948
103,663.094788,175.724869,695.303040,211.232819,0.796775
103,606.172241,172.814117,617.205200,181.911560,0.655137
104,830.867126,177.431580,1193.882812,365.694916,0.958676
104,79.399040,184.226791,240.128403,250.612228,0.945499
104,740.608337,180.719482,866.316895,274.309296,0.932567
104,700.169556,178.203293,772.593018,242.191422,0.918931
104,684.856812,180.384277,716.184448,222.818680,0.836112
104,554.710388,177.308029,579.001282,194.651932,0.833123
104,664.181152,177.155807,700.188538,213.820511,0.804798
104,604.040100,174.345322,616.150208,183.565201,0.669539
105,861.633972,180.707748,1223.747681,365.454956,0.959374
105,15.906320,185.699936,204.488266,259.582306,0.940091
105,750.445007,183.084579,892.924194,285.902466,0.935589
105,704.800415,179.767319,783.956421,248.266159,0.915004
105,687.658142,181.269547,721.674744,226.124161,0.893179
105,549.529968,177.347870,575.893860,197.092514,0.863475
105,665.742310,178.644669,702.937012,217.894196,0.839814
105,602.982117,175.376892,615.944092,184.509491,0.653367
