0,962.302979,184.618164,1065.255005,222.173187,0.888529
0,1054.099976,186.771347,1153.657349,222.902390,0.855493
0,1130.857544,188.239227,1203.316650,224.786072,0.824717
0,600.966125,173.970535,635.607483,202.618576,0.752966
1,962.251953,184.821274,1065.194092,222.249344,0.885341
1,1054.054932,186.840820,1153.791138,222.885757,0.860289
1,1129.576660,188.077881,1204.804810,224.878189,0.826782
1,601.470703,173.993912,635.566101,202.466064,0.736086
2,962.358765,184.689667,1065.340454,222.115158,0.886372
2,1054.104492,186.829147,1153.773071,222.753342,0.859432
2,1131.089722,188.257385,1203.386108,224.773056,0.824740
2,601.035034,173.950424,635.846924,202.808838,0.762968
3,962.314575,184.709198,1065.212769,222.148544,0.886552
3,1054.360107,186.820786,1153.554321,222.957092,0.854828
3,1130.791870,188.256912,1203.570190,224.831512,0.826563
3,600.401855,173.854614,636.386353,202.643982,0.747327
4,962.245300,184.805862,1065.228638,222.110428,0.886418
4,1054.303589,186.813370,1153.698364,222.923111,0.856889
4,1130.552856,188.009476,1204.021729,224.860611,0.830825
4,600.986450,173.963699,635.143372,202.230896,0.720925
5,962.266113,184.690140,1064.934570,222.234573,0.887621
5,1053.645386,186.857285,1153.603394,222.861450,0.854337
5,1130.569824,188.139053,1205.690308,224.882950,0.824090
5,600.894165,173.923569,636.137329,202.880493,0.739238
6,962.368530,184.773544,1065.175049,222.180069,0.885140
6,1054.845825,186.828156,1153.592163,222.917435,0.860882
6,1130.772949,188.321976,1203.007324,224.765137,0.821289
6,600.428101,173.941940,635.637878,202.486038,0.742944
7,962.240051,184.672668,1065.123535,222.180923,0.886257
7,1053.807617,186.877777,1153.605591,222.889511,0.857452
7,1130.719360,188.255371,1202.178345,224.799011,0.828205
7,601.911072,174.046066,636.348938,202.661514,0.740963
8,962.288879,184.742111,1065.345581,222.230515,0.885344
8,1054.387939,186.801178,1153.815186,222.994156,0.855629
8,1130.388306,188.193909,1204.575684,224.821793,0.822082
8,601.114929,174.013611,635.953613,202.460388,0.725011
9,962.174377,184.691849,1065.006592,222.573196,0.883912
9,1054.320312,186.774750,1153.503906,222.901276,0.854654
9,1130.461792,188.215515,1205.524048,224.905823,0.826477
9,601.195312,173.981552,634.293274,202.012146,0.715884
10,962.344788,184.715515,1064.947998,222.348969,0.886282
10,1052.457275,186.719009,1154.938721,223.214478,0.855502
10,1130.662354,188.200302,1206.207886,224.935043,0.827175
10,601.661316,174.126984,635.028992,202.406967,0.733172
11,962.310303,184.557205,1064.821289,222.417755,0.883938
11,1053.920532,186.712921,1153.604126,222.819000,0.854186
11,1130.572388,188.197510,1204.402466,224.852554,0.832024
11,600.993713,173.969788,634.706421,201.998123,0.716887
12,962.132324,184.553101,1064.892212,222.468430,0.882324
12,1052.087646,186.667328,1154.877075,223.065872,0.858378
12,1130.573364,188.194611,1204.742188,224.833221,0.826084
12,600.887512,174.023102,635.113098,202.348480,0.736727
13,962.197449,184.668411,1065.201416,222.417175,0.883556
13,1053.999268,186.704742,1153.713013,222.930588,0.859309
13,1130.319458,188.232742,1203.886963,224.800842,0.820439
13,600.533203,174.045074,635.502075,202.337936,0.722367
14,962.264465,184.711121,1065.070190,222.168686,0.881076
14,1054.381958,186.769714,1153.455444,222.913116,0.857328
14,1130.568970,188.105682,1203.962524,224.884399,0.827403
14,600.436035,173.949326,634.774597,202.272934,0.737341
15,962.327942,184.743301,1065.285278,222.538254,0.878317
15,1052.154541,186.636154,1155.072510,223.151001,0.858440
15,1130.839722,188.258316,1203.954224,224.833359,0.823755
15,601.338074,174.141693,636.164062,202.433014,0.714689
16,962.111755,184.521072,1065.177612,222.524536,0.881825
16,1054.462402,186.887039,1153.346191,222.893417,0.856069
16,1131.273804,188.219772,1204.455566,224.879898,0.825118
16,601.561768,174.101181,634.234985,202.368179,0.725632
17,962.021118,184.571198,1064.872803,222.441315,0.881454
17,1051.903931,186.657990,1155.012695,223.177917,0.854111
17,1129.662720,188.026566,1205.729370,224.889221,0.822963
17,601.810242,174.115341,635.023499,202.404312,0.726252
18,962.258118,184.650360,1064.956543,222.470947,0.880705
18,1052.171021,186.700623,1155.092285,223.206085,0.854732
18,1130.887329,188.223358,1204.774902,224.901352,0.823393
18,601.839355,174.145523,635.944763,202.362091,0.707356
19,961.960327,184.712433,1065.251831,222.161346,0.880186
19,1051.897461,186.705994,1155.046631,223.074905,0.857367
19,1130.467285,188.294540,1204.579224,224.802490,0.817206
19,601.024475,173.989914,635.412476,202.241638,0.731970
20,960.618774,185.011459,1065.541138,222.627777,0.861080
20,1054.234009,186.779099,1153.722290,222.779877,0.852158
20,1131.050293,188.278595,1202.722290,224.795975,0.818027
20,601.399719,174.001999,633.466003,201.868652,0.602280
21,1053.861572,186.788788,1153.738647,222.823654,0.857612
21,968.070007,184.952835,1065.524658,222.440125,0.821618
21,1130.245728,188.214462,1203.056030,224.887115,0.818667
22,1054.026611,186.762756,1153.593140,222.759766,0.850537
22,996.503784,185.252182,1064.939453,221.439529,0.820551
22,1131.700684,188.327805,1205.584595,224.882523,0.820101
23,1053.887695,186.792725,1153.493774,222.927704,0.849607
23,996.045410,184.998062,1064.019043,222.544266,0.843071
23,1130.176636,188.130981,1204.116333,224.899353,0.830925
24,1054.426880,186.843460,1153.606079,222.888870,0.858343
24,1000.592163,185.137161,1063.969238,222.404907,0.837689
24,1130.653931,188.251541,1203.354858,224.934525,0.824222
25,1054.490112,186.791458,1153.667847,222.986618,0.850992
25,1009.425049,186.124115,1065.589111,222.464035,0.850333
25,1131.440430,188.365189,1203.186279,224.799484,0.823759
26,1054.431763,186.846497,1153.483154,223.076599,0.849927
26,1020.667175,187.274414,1064.623779,220.543655,0.837748
26,1131.470459,188.317780,1204.539429,224.815918,0.813953
26,597.816101,173.497070,616.493958,193.790771,0.514603
27,1053.582642,186.727951,1153.360962,223.013458,0.854234
27,1131.092407,188.305191,1204.133545,224.924423,0.802051
27,1032.893921,188.403976,1062.544312,219.958817,0.708585
27,604.239807,174.389572,628.735291,202.184647,0.625840
28,1050.649658,186.759491,1153.939575,223.285110,0.853139
28,1130.877441,188.222748,1204.233765,224.808243,0.817580
28,603.494751,174.030670,631.638733,202.588272,0.796217
28,962.166626,188.021957,989.879944,221.283127,0.747664
29,1056.583618,186.891586,1153.076172,223.191330,0.852988
29,1130.924805,188.345184,1205.576660,224.951569,0.800919
29,601.940796,173.946167,632.564636,202.449356,0.796569
29,962.402588,186.334976,999.404480,221.742737,0.695224
30,1065.879272,187.227264,1152.944580,222.937729,0.863383
30,1130.661255,188.236664,1201.736206,224.786179,0.777210
30,962.274170,185.165939,1016.271973,221.898102,0.760089
30,600.004517,173.850571,632.604797,201.800262,0.681343
31,1075.943970,187.614182,1153.291626,222.378387,0.854444
31,962.354553,184.739182,1029.437744,222.123093,0.820485
31,1131.237671,188.214188,1201.504150,224.743851,0.794450
31,599.662476,173.956177,633.941589,201.815918,0.683637
32,962.404236,184.664886,1040.857666,222.811493,0.851137
32,1088.293579,187.730026,1153.574829,222.080582,0.822528
32,1131.374146,188.070999,1202.495728,224.937225,0.795732
32,600.779541,173.932770,635.340393,202.592407,0.741990
33,961.967834,184.540924,1053.084839,223.022537,0.882088
33,1104.006592,189.279648,1153.450806,222.424698,0.784077
33,1132.024780,188.035812,1202.643066,224.862732,0.759604
33,601.249817,173.943481,635.524597,202.564972,0.740562
34,962.501648,184.805054,1060.348267,223.095779,0.886463
34,1117.078247,187.796555,1202.236816,224.831970,0.785701
34,600.640808,173.922546,636.274841,202.504639,0.727857
35,962.525757,184.630661,1066.917358,222.983582,0.880244
35,1130.718018,187.937134,1203.476318,224.933472,0.780969
35,600.971191,174.016571,635.361694,202.411316,0.728917
35,1051.388428,186.488480,1077.846069,217.567947,0.657829
36,962.448181,184.738037,1065.467773,222.222733,0.878389
36,1051.217529,186.849777,1093.419678,221.744781,0.817936
36,1143.596436,189.143738,1220.060303,225.064224,0.745111
36,600.967773,173.989731,635.953186,202.498703,0.739687
37,962.304443,184.650101,1065.381226,222.199005,0.890892
37,1051.837158,186.821136,1108.477905,223.046143,0.850810
37,601.357300,173.945526,635.761780,202.620010,0.743856
37,1157.776001,190.124435,1198.219116,223.990860,0.649776
38,962.230164,184.717453,1065.405762,222.108078,0.889959
38,1052.194458,186.634018,1122.093140,223.381577,0.877887
38,601.734192,173.915604,635.563843,202.477478,0.741107
39,962.402832,184.608505,1065.258057,222.109741,0.890872
39,1052.575073,186.703400,1135.771729,223.707550,0.854752
39,601.624084,173.750000,636.342163,203.052872,0.771114
40,962.384705,184.671310,1065.269653,222.183350,0.887613
40,1052.440430,186.707199,1147.505493,223.462036,0.861570
40,601.735413,173.961243,636.315979,202.498093,0.751238
41,962.213806,184.592926,1065.188232,222.171036,0.886242
41,1053.872559,186.899841,1154.945801,222.918655,0.856645
41,601.790161,173.899948,636.932861,202.958755,0.780495
42,962.328979,184.608215,1065.281738,222.250839,0.886532
42,1054.257935,186.729538,1154.767578,223.051239,0.861945
42,1131.293213,188.328949,1186.130371,224.317108,0.789225
42,601.937561,174.010529,635.214600,202.547440,0.681190
43,962.319458,184.785736,1065.309570,222.287674,0.887069
43,1131.772705,188.404510,1196.870972,224.754623,0.856338
43,1054.420410,186.818665,1153.433838,222.905289,0.853575
43,600.282654,173.780655,636.391052,202.675430,0.744987
44,962.374756,184.663559,1065.238037,222.241165,0.885006
44,1054.586426,186.883942,1153.408569,222.848999,0.851982
44,1131.034546,188.435776,1211.855103,225.228867,0.837980
44,600.769104,173.915237,635.045898,202.443069,0.721069
45,962.467407,184.736084,1065.172119,222.247009,0.885922
45,1054.112549,186.822495,1153.087769,222.871826,0.850652
45,1130.713379,188.160263,1200.934204,224.852081,0.816866
45,601.545898,173.950729,634.539307,202.464127,0.712978
46,962.379822,184.629425,1065.231079,222.272903,0.889440
46,1053.767822,186.762833,1153.315308,222.984772,0.855397
46,1131.433594,188.430435,1204.102539,224.882507,0.805428
46,601.625061,174.006241,636.208252,202.646072,0.730887
47,962.437622,184.665482,1065.141968,222.129791,0.889102
47,1054.350464,186.771118,1153.157837,222.908340,0.853164
47,1130.560669,188.223694,1201.577759,224.861938,0.810243
47,601.438782,173.998947,634.771912,202.208481,0.691092
48,962.322876,184.645538,1065.039551,222.143723,0.890143
48,1052.200195,186.733932,1154.473022,223.210510,0.860883
48,1131.254028,188.210281,1204.061768,224.930481,0.810237
48,601.612915,174.030151,636.665405,202.862976,0.753565
49,962.390869,184.713928,1065.249634,222.139023,0.889359
49,1051.919067,186.656204,1154.481567,223.085205,0.861094
49,1132.115234,188.354630,1205.538208,224.888718,0.800792
49,601.833130,174.020020,636.251831,202.676575,0.751292
50,962.343323,184.576752,1065.081299,222.176804,0.888554
50,1053.800659,186.763840,1153.415527,222.992310,0.858112
50,1130.998413,188.271942,1202.957031,224.923019,0.819816
50,601.918884,174.042114,636.256226,202.456528,0.733294
51,962.149902,184.578354,1065.325684,222.133545,0.889119
51,1054.234741,186.854980,1153.433105,222.839706,0.859462
51,1130.993774,188.167221,1202.549194,224.834869,0.812911
51,602.263794,174.018860,636.034729,202.633835,0.704113
52,962.335693,184.546432,1064.934692,222.395142,0.884562
52,1054.381470,186.874680,1153.286133,222.865952,0.855275
52,1130.539917,188.025604,1202.651855,224.927155,0.823487
52,601.575867,174.006500,635.734314,202.493729,0.744651
53,962.494629,184.632187,1064.831299,222.450241,0.879163
53,1054.360352,186.767319,1153.681274,222.837708,0.860397
53,1130.470947,188.052948,1202.271729,224.748718,0.821118
53,600.595093,174.000809,635.010986,202.032516,0.697232
54,961.728455,184.645569,1065.132080,222.315781,0.877797
54,1053.864990,186.780426,1153.343018,222.850159,0.855942
54,1130.884033,188.129288,1202.082520,224.852005,0.825001
54,601.927307,174.107941,635.324463,202.447861,0.705579
55,961.861572,184.701248,1065.161987,222.491455,0.879610
55,1054.697144,186.808517,1153.350098,222.854935,0.860034
55,1130.434937,188.179932,1202.109131,224.918549,0.819870
55,601.638916,174.168869,633.681519,202.041031,0.644503
56,969.638306,184.884277,1065.459106,222.558807,0.863470
56,1054.750977,186.798676,1153.433350,222.951950,0.857719
56,1130.534668,188.199173,1205.549927,224.961502,0.800732
56,601.963562,173.991562,634.710876,202.359787,0.707092
57,1054.647705,186.768982,1153.537231,222.889771,0.852239
57,996.774902,185.285675,1064.001099,222.452515,0.842175
57,1130.784302,188.359055,1203.035034,224.937073,0.796783
57,601.647827,174.073486,635.028503,202.330902,0.670636
58,1054.305298,186.681854,1153.253784,222.828629,0.853877
58,1003.908630,185.748764,1065.090210,221.600525,0.837037
58,1131.065430,188.284134,1204.884155,224.966858,0.812435
58,601.788635,174.038284,635.610107,202.665390,0.707543
59,1054.761475,186.717072,1153.354370,222.803558,0.853363
59,1131.317749,188.373489,1207.673218,224.967453,0.806973
59,961.966919,186.591385,1064.584595,221.421188,0.730433
59,601.625732,174.091949,635.861328,202.509018,0.697117
60,1052.521851,186.818985,1153.225952,222.996948,0.851598
60,1130.473877,188.293747,1205.036987,224.918777,0.797318
60,962.541260,185.859833,1006.322571,221.281754,0.730087
60,601.344177,174.052872,635.593201,202.477661,0.671083
60,1037.866089,187.284302,1061.132080,219.277802,0.579284
61,1055.942139,187.024231,1153.107910,222.970383,0.864374
61,1130.640381,188.243912,1204.935059,224.934982,0.802418
61,962.540466,185.700165,1021.042664,221.989212,0.771948
61,600.896667,173.991272,636.540466,202.774719,0.761748
62,962.648743,184.654922,1039.634155,223.033981,0.845861
62,1070.504639,187.550507,1153.197266,222.783508,0.824697
62,1131.744019,188.350388,1206.790039,225.024231,0.772973
62,600.908142,173.957748,635.382263,202.382751,0.712898
63,962.337708,184.908920,1059.739746,223.118591,0.890988
63,1087.895264,187.803726,1153.509521,222.295792,0.824149
63,1131.328125,188.114716,1203.872192,224.856110,0.781767
63,600.837524,173.952621,633.866577,202.218109,0.694342
64,962.567993,184.764969,1064.822510,221.845184,0.874497
64,1130.612183,187.994812,1202.616089,224.300568,0.761863
64,600.868896,174.068344,634.819458,202.413971,0.684018
64,1048.517090,187.724243,1150.902588,222.185623,0.673943
65,962.496521,184.706787,1064.907227,221.953232,0.885863
65,1051.507812,186.821274,1098.310059,222.491714,0.827445
65,1130.296509,188.467941,1201.138550,224.643234,0.821285
65,601.030884,174.074173,636.210754,202.768951,0.702634
66,962.426025,184.792511,1065.583252,222.279388,0.892500
66,1052.260498,186.667389,1118.233765,223.230438,0.866250
66,601.015137,174.084381,633.962341,202.182739,0.713574
66,1151.883911,189.650146,1205.116211,224.227890,0.653663
67,962.293945,184.745529,1065.575562,222.253693,0.895298
67,1052.192505,186.599396,1142.101440,223.621567,0.863611
67,600.198364,173.976059,634.900452,202.257477,0.652602
68,962.143494,184.805618,1065.374390,222.177139,0.892041
68,1052.464233,186.664047,1153.848755,223.860413,0.847466
68,602.594604,174.211060,635.467529,202.395493,0.670623
69,962.003174,184.877716,1065.177734,222.141129,0.887854
69,1054.067383,186.831757,1153.996704,223.083466,0.861199
69,1130.312500,188.321732,1188.388916,224.276016,0.780328
69,600.232422,173.896484,634.311584,202.078659,0.552899
70,962.362671,184.834198,1065.280029,222.262970,0.887860
70,1053.940186,186.858215,1152.970459,222.880722,0.853585
70,1130.528320,188.086868,1200.698120,224.871552,0.824872
71,962.295044,184.763458,1065.205688,222.234055,0.886524
71,1052.527954,186.700165,1153.753662,223.191605,0.856505
71,1131.188599,188.202393,1204.279785,224.828018,0.812230
72,962.260986,184.703094,1065.180054,222.254135,0.888111
72,1052.218384,186.599243,1154.272217,223.095795,0.858927
72,1129.805420,188.168060,1202.696533,224.804581,0.817370
73,962.276062,184.690643,1065.484009,222.153412,0.888769
73,1054.641724,186.816696,1153.371460,222.818207,0.859873
73,1131.884399,188.391800,1202.786987,224.899933,0.800122
74,962.252625,184.712784,1065.209595,222.145370,0.889542
74,1052.348511,186.604065,1154.226685,223.144623,0.854374
74,1131.383911,188.320297,1201.829468,224.860641,0.826224
74,540.700806,169.866135,555.253174,181.775894,0.605014
75,962.320190,184.763947,1065.198730,222.231354,0.888567
75,1052.316528,186.644516,1153.800659,223.037338,0.854426
75,1131.583130,188.370316,1203.514404,224.888275,0.805668
76,962.387207,184.842834,1065.005127,222.163269,0.886292
76,1054.326782,186.845428,1153.138062,222.986969,0.855345
76,1131.548340,188.198273,1201.861450,224.854706,0.792007
76,542.789734,169.650223,563.646729,182.760254,0.502509
77,962.340027,184.728775,1065.010132,222.175217,0.888266
77,1052.230713,186.634262,1154.363037,223.155182,0.857862
77,1131.221436,188.199890,1201.034790,224.863785,0.815791
78,962.364990,184.810699,1065.138794,222.099396,0.887406
78,1052.597168,186.677231,1153.741089,223.055679,0.859407
78,1131.299316,188.195526,1202.226929,224.846390,0.822527
78,554.966858,170.508041,569.354736,180.868439,0.514232
79,962.339233,184.775269,1065.207764,222.209137,0.886044
79,1052.670654,186.616302,1154.148315,223.166626,0.855570
79,1130.609985,188.164886,1202.159546,224.817856,0.819748
79,555.034668,170.175232,569.870850,181.320206,0.674430
80,962.257080,184.747635,1065.300415,222.184906,0.888492
80,1052.131714,186.648636,1154.069336,223.057907,0.855330
80,1131.127319,188.183762,1202.352417,224.778000,0.820270
80,559.495178,170.984268,571.237671,181.563370,0.504096
81,962.385315,184.819855,1065.144409,222.230423,0.888372
81,1054.196777,186.764801,1153.266724,222.940552,0.856904
81,1130.839233,188.187790,1202.322144,224.936920,0.804844
82,962.231567,184.663910,1064.821167,222.214905,0.888781
82,1054.253784,186.731812,1153.217407,222.857178,0.856403
82,1131.539551,188.301743,1202.520386,224.857147,0.812951
82,599.086365,173.632187,624.698486,202.036255,0.736961
83,962.346863,184.768646,1065.122559,222.130341,0.885372
83,1052.604614,186.687607,1153.943237,222.996307,0.855585
83,1131.635498,188.136673,1203.981323,224.866379,0.812192
83,601.508667,174.191269,630.281311,202.892883,0.758999
84,962.492737,184.836273,1065.120972,222.128708,0.887328
84,1054.301758,186.806656,1153.003784,223.025787,0.854608
84,1130.765625,188.161179,1203.805786,224.934113,0.809788
84,599.269470,173.797333,632.595886,202.818542,0.681557
85,962.513245,184.811081,1065.207886,222.184418,0.884726
85,1054.776367,186.838470,1153.059326,222.740936,0.855963
85,1131.660889,188.137466,1203.954224,224.895752,0.810692
85,599.660950,173.727585,633.431519,202.417984,0.699209
86,962.258057,184.892258,1065.311401,222.150955,0.886223
86,1054.070068,186.834946,1153.167969,222.923065,0.854807
86,1131.840576,188.491211,1205.712036,224.928299,0.810946
86,599.253357,173.676147,634.721252,203.066055,0.579629
87,962.291138,184.701294,1065.190308,222.193878,0.888041
87,1054.306641,186.745728,1153.184082,223.119965,0.852232
87,1131.501465,188.345078,1203.248169,224.888641,0.809447
87,599.149536,173.633789,636.831482,203.433136,0.649896
88,962.388000,184.820953,1065.180542,222.191315,0.885666
88,1054.155884,186.739105,1153.038940,222.829636,0.852341
88,1130.641113,188.164291,1205.552612,224.914886,0.822170
88,600.205872,173.737732,635.869507,202.836060,0.565866
89,962.288513,184.790802,1065.069458,222.194427,0.885748
89,1054.424561,186.809921,1153.144653,222.939499,0.857012
89,1131.003052,188.180969,1204.488037,224.916428,0.817683
90,962.418457,184.776886,1065.371704,222.228607,0.885201
90,1052.502197,186.631516,1154.134399,223.139069,0.857520
90,1130.473022,188.222336,1205.088135,224.924454,0.815452
91,962.403992,184.766266,1065.066406,222.188324,0.887351
91,1053.869995,186.823334,1153.317139,222.893661,0.858698
91,1130.456421,188.147095,1203.052368,224.934601,0.813178
92,962.402588,184.746826,1065.247070,222.254120,0.887259
92,1053.878296,186.811111,1153.403198,222.840561,0.855210
92,1131.628174,188.187912,1202.830566,224.916794,0.812277
93,962.306580,184.837509,1064.986206,222.146515,0.886062
93,1054.617676,186.792938,1153.380005,222.948196,0.853815
93,1131.103638,188.210831,1201.552979,224.856949,0.812010
94,962.329956,184.864914,1065.084473,222.229431,0.887514
94,1052.460327,186.755600,1153.903076,223.052780,0.853521
94,1131.312012,188.188919,1202.605591,224.853378,0.815969
95,962.302795,184.774277,1065.241943,222.217896,0.887661
95,1053.609131,186.782745,1153.066895,222.955658,0.855918
95,1131.213745,188.320541,1203.463745,224.892395,0.816710
96,962.457397,184.713715,1065.145264,222.229996,0.884879
96,1052.221069,186.604507,1154.215576,223.076096,0.854796
96,1131.563599,188.323090,1203.302979,224.890274,0.817649
97,962.311401,184.896713,1064.967407,222.171555,0.883614
97,1053.969849,186.867264,1153.269531,222.895477,0.852640
97,1131.087158,188.170471,1202.176758,224.876648,0.817383
98,962.381287,184.784607,1065.179688,222.294601,0.887380
98,1054.193481,186.900375,1153.218872,222.934372,0.853795
98,1130.293579,188.134232,1203.688110,224.925400,0.819048
99,962.278137,184.593475,1065.406860,222.234543,0.887645
99,1054.290894,186.811310,1153.434204,222.873596,0.856958
99,1131.073608,188.191833,1202.024780,224.895599,0.802427
100,962.327820,184.668655,1065.152100,222.251007,0.881618
100,1053.747437,186.681015,1153.358032,223.006561,0.852871
100,1131.096558,188.250687,1201.580322,224.891510,0.814738
101,962.299255,184.628891,1065.265137,222.222824,0.886746
101,1052.188354,186.686920,1154.026978,223.162323,0.854616
101,1130.488525,188.230484,1203.040771,224.907028,0.811747
102,962.148743,184.628693,1065.023560,222.176193,0.882576
102,1052.068970,186.609924,1154.193970,223.121262,0.858607
102,1131.524536,188.284973,1204.970337,224.921677,0.810898
103,962.132874,184.717346,1065.190552,222.191788,0.880000
103,1054.366333,186.875427,1153.243774,222.934982,0.859389
103,1131.542847,188.315323,1206.588867,224.930374,0.811143
103,569.886047,169.231659,581.819885,180.399368,0.563607
104,962.236511,184.719467,1065.158813,222.200348,0.879255
104,1054.243774,186.828842,1153.194092,222.915131,0.855319
104,1131.922119,188.402771,1202.867065,224.879883,0.814241
104,600.731689,174.094421,628.543518,203.661163,0.676541
104,569.892029,169.350845,582.014221,180.822922,0.505575
105,962.091492,184.723221,1065.144043,222.186966,0.879429
105,1053.678711,186.768509,1153.166992,222.988815,0.855938
105,1130.703491,188.303467,1204.237427,224.988037,0.800437
105,600.479736,173.726120,632.619385,203.372742,0.776865
106,962.229431,184.741653,1065.056885,222.332565,0.882720
106,1054.246826,186.825760,1153.357178,222.939621,0.858683
106,1130.638062,188.235046,1204.546021,224.966537,0.815080
106,599.439697,173.792496,632.522522,202.693100,0.720892
107,962.295959,184.635864,1064.896729,222.399551,0.876301
107,1054.375854,186.824219,1153.138550,222.867813,0.858072
107,1131.529175,188.181305,1206.271851,224.991089,0.803190
108,962.165405,184.594284,1064.944580,221.982788,0.872149
108,1054.725708,186.878632,1153.445679,222.772644,0.854863
108,1130.467896,188.179047,1207.086182,224.953125,0.812917
109,962.275269,184.588623,1065.191772,222.572388,0.874542
109,1053.685181,186.808044,1153.472290,222.926575,0.858124
109,1131.389771,188.381210,1204.341797,224.912308,0.809151
110,960.909302,184.844009,1065.027222,222.354416,0.864160
110,1054.249756,186.850937,1153.592773,222.842194,0.857868
110,1130.784790,188.119247,1202.367554,224.925247,0.810228
111,1053.997070,186.867737,1153.500854,223.024231,0.852315
111,1131.222534,188.240906,1201.930786,224.889633,0.815320
111,969.746399,184.842209,1064.634033,222.047333,0.795219
112,1053.435913,186.832443,1153.362915,222.914825,0.850467
112,1131.127197,188.216385,1204.777588,224.961563,0.799924
112,981.379395,184.642029,1063.675781,221.264511,0.768490
113,1053.562866,186.759155,1153.393311,222.965714,0.852317
113,997.774780,185.283096,1063.453003,220.845734,0.827683
113,1130.784302,188.292053,1204.312134,224.952957,0.806539
114,1054.021484,186.774857,1153.181152,222.923615,0.850116
114,1130.588623,188.073929,1203.924194,224.932373,0.821902
114,1000.375977,186.424576,1064.535278,220.703293,0.732693
115,1054.817139,186.932739,1153.273560,222.864014,0.854294
115,1131.126099,188.255417,1202.047363,224.873535,0.804011
115,1017.121521,190.593399,1064.886841,220.874557,0.775815
116,1054.240967,186.840591,1153.213501,222.869415,0.859135
116,1130.741821,188.144592,1203.975586,224.898560,0.815553
116,1030.263550,188.082306,1064.483276,220.621994,0.704376
116,964.635742,186.913513,1055.549438,222.754456,0.588652
117,1044.872437,186.614166,1153.343506,223.582748,0.866684
117,1131.250000,188.186737,1202.122925,224.837936,0.806715
117,962.317322,186.468597,994.485840,221.618820,0.560667
118,1062.413086,187.463882,1152.869751,223.068130,0.868771
118,1132.153198,188.224197,1206.115234,224.997803,0.811346
118,962.458191,185.413605,1010.839294,221.999054,0.795736
119,1077.124512,188.805145,1153.604736,222.555008,0.852945
119,1132.098022,188.049683,1200.151245,224.800919,0.796442
119,962.375671,184.662567,1026.219727,222.045761,0.772927
120,962.026489,184.859039,1045.360352,223.136200,0.854436
120,1132.998413,188.425156,1211.521851,224.693527,0.691182
120,1094.129883,190.218185,1154.163818,222.637589,0.549589
121,962.417419,184.897507,1061.415771,222.759476,0.871564
121,1107.345215,191.523758,1153.443237,222.528763,0.719450
122,961.976624,184.676331,1066.008179,222.565033,0.876156
122,1051.290771,186.425919,1083.648926,222.335968,0.662445
122,1122.782104,171.465210,1223.385620,225.868530,0.507226
123,959.938416,184.713867,1065.823486,222.729797,0.866985
123,1051.500000,187.086700,1101.832153,223.061752,0.836337
124,1051.967896,186.611145,1120.087891,223.158936,0.857198
124,980.586853,184.998672,1064.455200,222.954056,0.793840
125,1051.831665,186.555344,1142.625854,224.084351,0.844186
125,995.593628,185.682632,1065.780518,221.192841,0.795945
125,602.041260,173.666550,623.397034,203.009125,0.510719
126,1052.586304,186.750931,1154.506470,223.261795,0.850025
126,1019.126465,186.724884,1060.454712,215.311905,0.746521
126,571.525696,169.216003,583.284546,179.269165,0.578079
127,1058.640381,187.048172,1154.236206,223.392700,0.817800
127,1130.870239,188.319916,1184.527466,224.781281,0.784593
127,571.585632,168.925385,583.383606,179.255005,0.569947
128,1131.986572,188.269928,1202.490723,224.799042,0.828698
128,1083.201904,187.828781,1153.659424,222.462265,0.766283
128,571.661621,169.141754,582.935425,179.003647,0.516670
129,1017.237610,187.086060,1062.815186,219.973114,0.823829
129,1119.825439,188.154587,1222.132690,234.346176,0.782168
129,571.860779,169.298294,582.860168,178.976944,0.508834
130,1051.572021,187.027206,1113.689331,223.336624,0.816927
130,1031.331665,187.505219,1063.623779,221.070541,0.748138
130,571.608521,169.327408,582.901917,179.215500,0.513815
131,1048.494873,186.767456,1147.920410,223.980637,0.847815
131,599.759583,173.333755,628.752197,204.325775,0.554894
132,1066.892456,187.436417,1153.982056,222.821594,0.859722
132,1130.535400,188.617325,1196.899292,225.003204,0.789767
132,601.748657,173.723801,631.959656,202.497070,0.778632
133,1086.354614,187.771271,1153.511353,222.548813,0.864218
133,1130.431030,188.049942,1203.587891,224.949051,0.827412
133,962.444580,184.873993,1023.559204,222.076523,0.765802
133,599.693115,173.792908,632.340820,202.554337,0.751925
134,1103.253784,189.154602,1153.595337,223.163208,0.854595
134,961.715210,184.431076,1034.230835,224.152176,0.799431
134,1130.989990,188.000992,1202.533081,224.936371,0.767460
134,599.285217,173.742096,633.259521,202.102554,0.712142
135,961.945312,184.542816,1050.873413,222.714920,0.884629
135,1119.456177,187.938705,1204.367920,224.433151,0.759207
135,598.420105,173.743469,636.053772,203.158340,0.672593
136,962.416443,184.636673,1064.042480,222.690659,0.868431
136,1138.715698,188.914719,1202.790771,224.714371,0.757810
137,962.586975,184.740967,1064.602661,221.963028,0.878466
137,1051.474365,187.050171,1102.938965,222.241394,0.842273
138,962.259949,184.766205,1065.233521,222.270279,0.887929
138,1051.806519,186.615646,1126.925415,223.114456,0.876653
139,962.251648,184.688095,1065.180054,222.190964,0.890263
139,1052.480225,186.623718,1144.338623,223.510056,0.851841
140,962.236023,184.783127,1065.194092,222.141968,0.885707
140,1053.942627,186.864212,1154.711914,223.094833,0.860092
141,962.377686,184.646057,1064.951904,222.167969,0.887793
141,1054.681641,186.900360,1153.938721,222.981812,0.856120
141,1130.799072,188.190308,1189.846680,224.839905,0.850604
142,962.383423,184.738922,1065.189941,222.173279,0.883505
142,1054.227051,186.876160,1153.481201,222.838821,0.858817
142,1130.884888,188.563431,1210.706665,225.142868,0.840931
143,962.332764,184.655502,1065.130859,222.183136,0.884771
143,1054.003906,186.779480,1153.603516,222.832001,0.858863
143,1129.866455,187.978622,1205.489258,224.898895,0.829786
144,962.396790,184.702896,1065.163574,222.124039,0.883647
144,1054.272583,186.774597,1153.573730,222.782928,0.859928
144,1130.415527,188.207626,1203.518433,224.897705,0.818372
144,598.482666,173.468109,625.614990,203.120041,0.630078
145,962.167358,184.566345,1064.973145,222.025223,0.880074
145,1054.487427,186.802811,1153.642822,222.957047,0.858689
145,1130.801025,188.201340,1207.076538,224.982376,0.822466
145,599.641052,173.511841,631.382874,206.092957,0.648804
146,962.050903,184.629440,1065.078735,222.082870,0.880313
146,1054.436035,186.814835,1153.637817,222.852295,0.856928
146,1129.767578,188.135880,1204.521118,224.877579,0.829018
147,962.226074,184.557053,1065.233032,222.479050,0.878339
147,1054.280029,186.777039,1153.458984,222.902222,0.856236
147,1130.899170,188.161148,1204.345215,224.938660,0.827603
148,962.319641,184.380112,1064.721924,222.440842,0.878756
148,1053.942505,186.771576,1153.446411,222.865326,0.855953
148,1131.105957,188.124695,1205.495850,224.923798,0.825984
149,962.747437,184.565002,1065.118164,222.944916,0.866613
149,1054.635620,186.891418,1153.433960,222.874649,0.851862
149,1130.159302,187.991501,1203.258667,224.807068,0.827908
150,1053.975586,186.758835,1153.318604,222.816467,0.855406
150,972.509888,184.743820,1064.418823,222.197281,0.838754
150,1129.989990,188.035629,1204.548340,224.895569,0.813925
151,1054.325073,186.928665,1153.364624,222.893295,0.853089
151,1130.488892,188.165604,1203.784546,224.905411,0.821211
151,995.738037,185.149689,1064.801514,221.744827,0.771549
152,1053.625610,186.842438,1153.425781,222.959290,0.854790
152,995.498230,185.001465,1064.989990,221.825806,0.829692
152,1131.066040,188.284439,1208.828003,224.930725,0.812806
152,602.463074,174.092484,626.435242,198.902405,0.609015
153,1054.628052,186.803024,1153.328735,223.034760,0.849366
153,998.943970,186.293655,1065.013428,222.075912,0.837242
153,1130.833496,188.268616,1204.183472,224.950790,0.833437
153,602.225281,173.708755,631.736023,201.613678,0.728656
154,1054.616577,186.817749,1153.366943,222.922668,0.850433
154,1130.168823,188.153748,1204.349609,224.910904,0.823849
154,1012.381653,187.304688,1064.852295,221.357620,0.808568
154,602.035156,173.952438,631.987122,201.945190,0.760968
155,1051.329346,186.486145,1154.744751,223.100113,0.854455
155,1130.113892,188.186188,1201.864746,224.699600,0.814033
155,601.596985,174.045715,632.300171,201.983795,0.752734
155,1026.011597,187.830460,1064.902100,220.978638,0.708982
156,1054.288940,186.828262,1153.515503,223.181534,0.853545
156,1130.318604,188.077271,1205.218506,224.920425,0.794995
156,601.317322,174.043243,632.084961,201.628937,0.718806
157,1058.614014,187.250732,1153.283325,223.055969,0.857079
157,1129.888794,188.060394,1207.457153,225.051025,0.796556
157,600.003723,173.951111,632.877869,201.531387,0.691795
158,1068.986206,187.459396,1153.583984,222.987549,0.852501
158,1129.960571,187.952789,1202.812256,224.943863,0.801225
158,600.143799,173.975372,634.090820,202.124359,0.718072
159,1086.706787,189.054901,1153.567017,222.543213,0.792668
159,1132.493164,188.269684,1205.986816,225.025665,0.760442
159,599.899841,173.745804,636.081055,202.754288,0.717812
159,962.504150,184.414871,1039.818848,223.231949,0.566001
160,1126.877197,187.796555,1209.598022,224.942154,0.729897
160,601.405640,173.959244,636.270142,202.700485,0.708817
160,1103.563721,189.721985,1153.948242,223.122589,0.661806
161,1117.504761,188.452850,1211.501709,225.118713,0.796787
161,600.772034,173.930679,634.811646,202.295578,0.698388
162,600.615417,173.878784,634.616516,202.319901,0.745009
162,1132.502197,189.513702,1205.140259,224.925552,0.610323
163,600.089661,173.868927,634.348877,202.429031,0.715472
164,997.330383,185.646774,1059.362671,222.368347,0.786335
164,600.070190,173.861298,635.472900,202.295517,0.714356
164,1098.843750,187.356201,1125.194946,233.007751,0.639384
165,995.804993,184.572678,1067.118774,230.982224,0.832569
165,600.839783,173.978195,634.968262,202.302353,0.719247
165,1112.685791,189.348312,1142.971802,231.949661,0.711102
166,1004.948486,185.867035,1063.893677,218.615204,0.796036
166,600.653625,173.903107,635.581970,202.578278,0.752641
166,1051.446045,186.384171,1085.338013,221.662643,0.741951
167,1051.530884,186.901367,1098.108887,222.713455,0.809908
167,1019.405090,186.772675,1060.998779,219.931381,0.791332
167,600.987488,173.869507,636.282532,202.828064,0.765351
167,1141.674316,188.177734,1178.793457,232.426071,0.509437
168,601.227539,173.895554,635.671570,202.502365,0.751211
168,1052.209717,186.667618,1114.899536,223.216675,0.722228
169,600.503357,173.827972,635.855896,202.611710,0.775980
169,1079.819946,186.418381,1216.587280,234.243973,0.511221
170,601.931580,173.916611,635.589172,202.393082,0.748158
170,962.315308,185.501190,1009.087708,221.823883,0.684971
171,601.254700,173.958145,636.606995,202.804230,0.774708
171,962.375366,184.927078,1023.768433,221.770187,0.756119
172,962.211914,184.428619,1038.385376,222.932449,0.828623
172,600.660583,173.730316,636.534485,202.968796,0.785696
172,1091.224487,187.973022,1143.392212,221.659393,0.708119
173,962.037354,184.533875,1054.170776,223.216446,0.881917
173,1105.402588,189.597687,1152.568359,223.481125,0.796833
173,602.014160,173.924637,635.944519,202.728317,0.784346
173,1130.488647,187.919647,1180.243530,222.863266,0.639085
174,960.589783,184.831009,1065.689819,222.317764,0.837116
174,1128.244385,187.984573,1207.394043,225.311264,0.826917
174,601.823059,174.007462,636.570251,202.622086,0.781644
174,1121.227661,190.285645,1153.031860,227.139343,0.737977
175,965.541321,184.763565,1065.738525,222.335037,0.796298
175,1134.476318,188.037018,1208.053467,225.007584,0.786264
175,601.399414,173.888458,635.560852,202.535965,0.760660
175,1051.389893,186.354691,1087.502441,221.770935,0.647087
176,997.828735,184.860382,1063.755493,221.358673,0.844844
176,1051.754761,186.619064,1108.689453,223.083496,0.824955
176,601.100586,173.863464,636.462891,202.532135,0.765909
176,1147.247070,188.584549,1221.237427,226.270935,0.679358
177,1052.013672,186.657455,1124.608521,223.423294,0.866871
177,1001.321350,185.584793,1064.456177,221.331497,0.802744
177,601.761902,173.894669,635.209717,202.384125,0.739983
177,1159.355469,190.055298,1199.905396,218.904007,0.501527
178,1051.416992,186.617798,1142.634399,225.447922,0.839163
178,601.463745,173.841370,636.206604,202.566284,0.768164
178,1027.390015,186.553024,1060.665039,216.275833,0.692589
178,590.854614,170.611328,601.823547,184.107224,0.527664
179,1056.651978,187.016251,1153.954224,224.812149,0.818575
179,600.970032,173.888412,635.546753,202.456375,0.749836
179,590.691711,170.872345,601.521912,184.235733,0.518710
180,1075.814331,187.145737,1155.546753,223.146774,0.772933
180,601.501038,173.977005,636.389404,202.628799,0.755191
180,1131.556519,188.555466,1171.918457,223.220734,0.517021
181,601.904175,173.863770,636.387085,202.721069,0.780493
181,1105.702271,189.381027,1150.646118,223.129501,0.776313
181,995.713074,184.724869,1053.175415,221.491302,0.775435
181,1131.230225,188.256546,1191.125000,225.196320,0.768328
181,591.003784,171.172546,601.664734,184.305557,0.511270
182,601.949341,173.825089,636.414917,202.805283,0.775443
182,1137.078613,188.704437,1203.893921,229.720230,0.770245
182,1000.324402,185.288834,1064.378540,220.308289,0.770027
182,1051.338867,186.846924,1093.382690,216.546494,0.677034
182,597.588745,173.469528,611.954285,190.174728,0.521808
183,1051.751953,186.701981,1125.938232,223.350052,0.857805
183,601.606323,173.704681,636.239807,202.714203,0.767301
183,1018.155640,186.954849,1063.171631,219.681915,0.653863
184,962.638916,184.857498,1059.703491,221.572998,0.879745
184,1051.263062,186.702133,1149.043579,224.461456,0.850448
184,600.844849,173.793777,636.398987,202.700333,0.765467
185,1131.237305,188.338593,1193.989990,224.533508,0.841978
185,1056.933960,186.960220,1154.004517,222.990997,0.827506
185,962.524475,185.493118,1039.606323,221.765244,0.817414
185,601.063293,173.802078,635.848999,202.484665,0.752275
186,962.185059,185.221191,1050.691406,223.345123,0.859164
186,1131.616577,188.336761,1202.885498,224.887222,0.812712
186,1066.957764,186.999664,1153.362427,222.534256,0.788270
186,601.089783,173.978622,636.636841,202.826248,0.771366
187,962.366150,184.936630,1061.028564,222.284943,0.901096
187,1131.672852,188.315063,1204.534180,224.890625,0.802316
187,600.951721,173.740204,636.324463,202.561005,0.759861
187,1084.135742,187.366470,1153.198730,221.866531,0.717207
187,590.343506,171.027191,600.994507,184.883209,0.603378
188,962.602600,184.777618,1064.245850,222.209595,0.883604
188,1131.920288,188.439590,1203.456421,224.989410,0.811956
188,600.510742,173.747253,636.447327,202.515305,0.754006
188,1051.560303,187.669647,1152.978516,221.922073,0.744948
188,590.186707,170.990540,600.680542,185.839767,0.525137
189,962.640381,184.631241,1064.900269,222.058136,0.886260
189,1051.954224,186.965729,1152.733154,224.211212,0.826277
189,1129.415039,187.981750,1202.846069,224.955322,0.803124
189,601.866943,173.972275,636.455566,202.710098,0.777277
189,589.899597,171.045151,600.679504,185.372269,0.571095
189,597.134766,173.337769,610.392639,190.089767,0.506283
190,962.536682,184.635864,1065.185303,222.075577,0.888281
190,602.050049,173.966049,634.913452,202.247879,0.730800
190,1134.164185,188.459045,1205.170044,224.679794,0.651099
190,1051.787109,186.725006,1119.332153,222.629227,0.595412
190,588.622253,170.294113,599.967834,183.908691,0.554103
191,962.280640,184.689575,1065.470459,222.251648,0.893369
191,1052.471680,186.626938,1133.984619,223.044846,0.791544
191,601.412842,173.762253,635.422180,202.667465,0.757727
192,962.375000,184.747711,1065.348999,222.176117,0.892965
192,1052.140137,186.559967,1144.307617,223.390381,0.841097
192,602.478516,173.787445,635.852478,202.596985,0.777631
193,962.255737,184.496841,1065.348999,222.140289,0.892912
193,1054.183228,186.858337,1154.377441,222.650894,0.843111
193,602.557251,173.902466,636.573730,202.696091,0.768378
194,962.372437,184.500793,1064.955811,222.133682,0.891104
194,1054.242676,186.749649,1154.106812,222.933411,0.850810
194,601.872620,173.901642,636.109741,202.540146,0.771320
195,962.462646,184.682632,1065.220459,222.078705,0.885103
195,1054.474365,186.863937,1153.764893,222.941956,0.856735
195,1130.964478,188.302673,1191.866943,223.838867,0.779056
195,602.047791,173.959351,636.309448,202.699005,0.771542
196,962.308899,184.662201,1065.110474,222.214844,0.887663
196,1053.835205,186.768066,1153.534058,222.902039,0.856501
196,1130.449219,188.056778,1201.170898,224.654297,0.827632
196,602.218750,173.812103,636.574097,202.813950,0.759316
197,962.155640,184.674622,1065.224731,222.189606,0.890142
197,1053.835205,186.827454,1153.337280,222.882324,0.855873
197,1129.442383,188.277283,1213.708130,224.942947,0.806589
197,601.884460,173.960770,636.495728,202.691330,0.769149
197,542.951843,170.455795,555.015076,180.047485,0.512961
198,962.303345,184.614304,1065.233521,222.222137,0.887577
198,1054.319946,186.864044,1153.387817,222.851151,0.855287
198,1130.883911,188.495392,1221.644409,225.048447,0.797826
198,600.631897,173.867691,635.575562,202.292313,0.729904
199,962.314819,184.725357,1065.264404,222.187408,0.889775
199,1054.026001,186.831131,1153.569702,222.747162,0.854121
199,1130.684082,188.112411,1203.819458,224.902283,0.823745
199,601.924255,173.746399,635.778442,202.731201,0.768153
200,962.232971,184.657455,1065.369019,222.202408,0.888785
200,1054.434692,186.796860,1153.569824,222.970963,0.856567
200,1131.224365,188.521133,1203.305664,224.865204,0.825485
200,601.350891,173.931381,635.388062,202.441071,0.726409
201,962.432007,184.642059,1065.381714,222.228394,0.888492
201,1054.372559,186.806259,1153.593872,222.796783,0.855627
201,1130.558838,188.431320,1202.860352,224.905716,0.820337
201,601.199036,173.941345,636.155823,202.568512,0.754637
202,962.224609,184.625168,1065.066772,222.226135,0.888400
202,1054.281982,186.780563,1153.508545,222.905685,0.857428
202,1131.156494,188.279800,1203.900635,224.853531,0.827755
202,601.326721,173.818604,635.000549,202.510193,0.726418
203,962.399658,184.735260,1065.290161,222.247406,0.888340
203,1053.964111,186.817154,1153.794434,222.920166,0.857456
203,1131.761230,188.349457,1204.411133,224.900864,0.829001
203,601.515442,173.905777,636.446350,202.641541,0.744860
203,542.825500,170.279724,554.755737,180.045837,0.553677
204,962.404175,184.832916,1065.455811,222.313950,0.886234
204,1053.783325,186.703430,1153.702881,222.944809,0.856166
204,1131.059204,188.411713,1204.096680,224.822495,0.824581
204,602.438904,174.052750,635.415588,202.471558,0.745750
205,962.353088,184.781174,1065.133911,222.078415,0.886465
205,1054.057251,186.802322,1153.670532,222.727600,0.855821
205,1131.858398,188.412567,1204.682983,224.842957,0.817190
205,602.137695,174.037064,636.138428,202.730133,0.750450
206,962.360168,184.584564,1065.083374,222.095795,0.887588
206,1054.395020,186.760941,1153.632690,222.755753,0.859073
206,1129.824341,188.372940,1220.568237,225.228195,0.789382
206,601.274841,173.865982,635.128540,202.430298,0.726927
207,962.423340,184.714371,1064.975098,222.070053,0.883492
207,1053.950439,186.827286,1154.100952,222.933517,0.861353
207,1129.879761,187.978867,1200.208252,223.257217,0.789971
207,601.727966,174.019119,636.114990,202.730713,0.753394
208,962.307617,184.783615,1064.961304,222.036560,0.885577
208,1052.125854,186.641617,1155.676025,223.312180,0.855474
208,601.282349,173.956924,635.904175,202.764465,0.755312
208,1132.334473,188.641739,1192.698242,221.016708,0.754364
