0,1.416581,230.551270,272.791504,370.303162,0.933905
0,914.520752,167.624832,1122.275879,236.599396,0.871952
0,505.026428,171.911911,519.281189,188.761002,0.584571
1,0.397580,232.393677,256.371948,369.844147,0.935615
1,925.131470,167.049026,1128.334229,238.529129,0.879121
1,504.290802,171.593216,520.979370,188.101791,0.642218
2,0.837207,235.978271,237.802933,369.779480,0.941269
2,935.230835,167.084625,1134.914673,238.845581,0.885322
2,504.532715,170.397171,520.708679,187.776321,0.675081
3,0.428714,241.945190,210.846756,370.552429,0.940468
3,946.000488,165.107391,1143.742432,235.325058,0.888542
3,503.824432,168.933929,520.774475,186.929871,0.716797
4,0.060763,247.488953,183.813293,370.913055,0.945518
4,955.447754,163.465042,1154.338745,233.065689,0.901336
4,503.288422,167.201797,521.120605,185.399506,0.742514
4,921.501709,167.326950,962.208191,212.371735,0.531104
5,0.250739,255.117355,156.814529,371.497742,0.940178
5,964.683594,161.500580,1164.421997,232.985641,0.903060
5,504.375916,167.021408,522.742981,184.911575,0.680667
5,926.498657,165.972641,972.573914,213.428680,0.643652
6,0.204615,264.752014,129.636749,372.567902,0.907355
6,977.127258,160.999649,1175.776245,231.571136,0.900623
6,505.693634,165.728058,525.086609,184.564926,0.735484
7,988.414673,160.378906,1181.025269,233.446014,0.900177
7,0.120411,297.804047,98.538750,373.039154,0.882823
7,505.935120,164.728973,526.283569,183.759064,0.733296
8,1001.318420,159.945938,1195.632690,236.557938,0.897941
8,507.035400,164.482132,528.604980,183.071762,0.728428
9,1014.474243,159.797989,1203.764526,238.362137,0.897586
9,508.922455,164.530853,531.692688,183.975433,0.734091
10,1026.299805,159.245346,1211.967285,235.750381,0.899357
10,510.156921,163.788940,535.129211,184.095612,0.782672
10,1153.209839,178.992416,1234.676880,239.490646,0.733876
11,1039.508545,158.502975,1217.857544,238.915588,0.913475
11,512.677063,163.890900,538.769897,183.106857,0.783922
11,1157.371826,170.603500,1237.271606,242.428894,0.757127
12,1050.682495,157.458466,1228.935913,234.358505,0.902240
12,514.417603,161.744797,540.485229,182.183029,0.827501
12,1160.854858,186.199219,1237.230347,240.799820,0.785911
13,1062.365112,156.204132,1235.694702,238.265182,0.909014
13,515.803284,161.909485,540.962708,181.651810,0.820136
13,1163.672485,186.285110,1237.005371,240.105209,0.807528
14,1072.495605,155.126434,1237.111938,236.694305,0.907192
14,517.351929,161.290970,543.603027,181.726730,0.803577
14,1166.448975,186.475433,1237.187378,243.589996,0.799096
15,1085.916504,154.347763,1236.663818,237.306274,0.896047
15,1168.590088,187.065598,1237.012573,242.079620,0.847957
15,519.817505,161.877319,545.279541,182.317474,0.827873
16,1098.376221,154.012177,1236.444336,235.231964,0.885614
16,521.448181,163.423752,548.072205,183.664383,0.853830
16,1166.708862,187.407394,1237.314209,243.233887,0.836886
17,1112.389160,153.803528,1237.049438,239.434265,0.879466
17,523.854797,163.587799,549.852234,183.899399,0.875701
17,1174.948853,190.260605,1237.236572,244.409805,0.856164
18,1128.987305,153.139786,1236.661865,234.640396,0.876886
18,527.093628,161.494598,554.140503,183.155960,0.858616
18,1180.870972,191.509247,1237.202148,254.587326,0.798448
19,531.312134,161.862534,557.027344,182.330551,0.843956
19,1145.964844,153.598618,1237.111206,228.545975,0.804277
19,1193.515503,191.849152,1237.045532,252.389450,0.700794
19,548.922791,158.040604,565.930115,169.943695,0.502279
20,535.110535,160.182861,561.451538,181.576538,0.868989
20,1188.900635,194.578766,1237.123779,244.564407,0.823651
20,1164.774780,154.481339,1237.333496,222.357178,0.792082
21,539.182617,159.038055,565.934326,181.009018,0.863671
21,1192.767334,198.052750,1237.314575,245.371216,0.766009
21,1185.088867,162.401321,1237.959595,223.270050,0.627756
22,542.983215,158.496429,569.783325,180.357712,0.876277
22,1200.489136,198.627914,1236.595093,247.201797,0.822682
23,546.710510,158.154495,574.337769,180.885101,0.868144
23,1204.639648,201.815491,1236.815186,248.193283,0.820893
24,550.982971,159.372971,578.325684,181.170486,0.881526
24,1210.311157,205.583099,1236.797363,249.136795,0.804524
25,554.489990,160.025558,581.964294,181.889877,0.874117
25,575.557983,155.134689,589.161621,166.645538,0.629719
25,1214.965210,209.033112,1236.854736,252.206482,0.551368
26,557.802429,159.869949,585.735901,182.243118,0.895312
26,579.187073,155.686859,592.912415,165.938324,0.506088
27,560.668823,159.965790,588.676331,183.145416,0.870887
28,562.635437,160.235901,591.182861,183.652863,0.888392
29,565.438416,159.922638,594.817261,183.535889,0.911315
29,587.997437,155.697311,601.425232,167.210526,0.617566
30,568.106628,159.396576,598.169495,183.056335,0.891886
31,570.879333,158.885864,600.989929,182.957504,0.896251
32,573.267273,159.690674,603.856873,184.063858,0.900060
33,575.443848,161.237534,607.042236,186.027313,0.888629
34,578.588013,161.867722,610.494812,186.879120,0.913032
34,604.383118,156.540787,617.188965,167.503265,0.557336
35,581.439148,162.820938,614.759583,187.894089,0.891483
35,609.571960,156.957916,620.845093,167.972443,0.506963
36,585.326904,163.811401,618.825745,189.521301,0.898710
37,589.514832,165.966980,623.598633,192.965515,0.895592
38,593.102173,169.570892,627.231750,196.704147,0.900437
39,596.920898,171.402405,632.174316,198.747086,0.895818
40,601.013245,170.274948,636.971375,198.245697,0.894462
40,593.445129,172.300781,605.882751,189.001740,0.529176
41,604.580872,168.108139,641.545654,196.914200,0.881607
42,607.952209,166.866547,645.976807,196.862976,0.903160
43,609.950806,166.547821,649.311401,197.009628,0.888255
44,612.053162,167.108246,652.664795,198.322754,0.883180
45,611.658569,167.616592,654.224426,200.413483,0.888812
46,611.899231,167.905502,655.263000,202.645767,0.899953
47,610.041504,168.711975,654.522278,203.720230,0.864904
48,606.895386,168.738129,652.601013,205.695068,0.910522
49,601.408997,171.445740,647.979248,209.499222,0.922809
50,595.167419,172.351776,643.830872,211.551010,0.917037
51,588.920593,173.290955,639.370605,213.712830,0.918672
51,955.890808,166.051819,1002.712036,205.843262,0.654958
52,582.677917,173.049576,634.282349,215.201157,0.921139
52,955.843750,165.243347,1011.858582,207.639771,0.840159
53,575.575806,173.194260,630.026489,217.381119,0.920204
53,956.101196,162.880768,1021.177917,207.009033,0.868562
54,568.399231,173.904739,624.985718,219.364822,0.923534
54,955.681396,159.883133,1028.535889,207.236267,0.857695
55,560.333679,174.072083,619.513550,221.558121,0.921052
55,960.889893,159.794785,1035.363647,208.402878,0.858530
56,552.908569,174.311264,614.611450,224.376328,0.917190
56,962.988708,160.749329,1047.081177,212.175888,0.883971
57,545.839783,174.810257,610.396667,227.141083,0.926876
57,970.614624,163.214233,1055.533813,215.863037,0.890881
58,537.708130,174.770569,605.391052,229.994095,0.927704
58,977.928406,163.744827,1068.121094,217.950974,0.889727
59,529.690186,175.015305,603.267517,232.656509,0.923247
59,987.274475,163.711868,1076.157837,220.129166,0.862204
60,522.068054,174.490082,599.657959,235.767914,0.935763
60,993.988892,161.689194,1096.359253,220.749527,0.712918
61,514.225708,175.305405,596.395752,240.253845,0.931484
61,1009.640503,159.833191,1113.062744,221.460037,0.842565
62,504.969940,176.046799,592.931213,244.783875,0.937130
62,1022.205261,157.258728,1126.925049,218.460190,0.680943
63,495.768219,176.057968,590.291626,249.184662,0.939371
63,1037.452515,154.938629,1143.831665,200.944824,0.653295
64,485.816956,176.459305,586.897461,255.533371,0.931405
65,473.743256,177.427002,582.708740,262.000458,0.938190
65,1072.659668,157.379669,1183.418457,209.426895,0.627681
66,460.387482,178.596954,577.970825,269.505432,0.942521
66,1090.829956,158.376740,1205.864502,230.364929,0.564484
67,444.782745,178.533646,572.802551,278.267456,0.938414
67,1107.939087,160.107788,1226.919922,235.920242,0.727964
68,426.077728,178.405563,566.242859,286.731720,0.939966
68,1129.998657,160.795349,1236.754639,238.784958,0.628471
69,404.890106,181.182144,558.775635,297.489868,0.939982
69,1152.809570,162.707794,1237.147095,241.436661,0.522369
70,382.283722,183.552414,552.492798,309.634888,0.946936
71,357.155426,184.482483,545.804504,322.172943,0.940243
72,326.272644,182.475845,538.131958,336.876373,0.938456
73,290.867249,187.980606,530.275330,352.024902,0.949012
74,248.637009,192.046844,524.159668,370.066071,0.945228
75,203.053040,188.387680,513.607239,370.820251,0.954821
76,147.094147,184.203796,504.335602,369.228455,0.962218
77,81.879532,186.916168,494.897675,369.835510,0.965589
78,7.332068,189.405411,486.222992,369.616241,0.961231
79,-0.025218,194.513794,474.907715,369.417297,0.960010
80,0.339282,193.965057,462.712769,369.720428,0.962296
81,0.689058,202.569641,447.683624,369.061737,0.961817
82,0.392880,207.088074,430.692139,370.164703,0.956373
83,-0.093767,215.480011,410.784729,370.418549,0.952976
84,0.685590,222.911331,386.719574,370.074127,0.958398
84,0.173447,210.500153,116.691551,308.077087,0.564750
85,0.172842,229.487091,356.795380,370.574738,0.951986
86,0.111304,244.336945,316.988678,371.103607,0.940466
87,-0.153526,267.932892,264.213440,370.831970,0.889133
88,0.577563,294.193298,180.508316,372.374847,0.893164
139,839.120056,-0.838021,1237.449707,370.929657,0.570264
140,854.466309,-0.431528,1239.656006,370.520874,0.604010
144,954.781067,2.739409,1238.435547,367.996002,0.832794
145,999.877625,63.139149,1238.481445,365.246704,0.840938
146,1095.213989,187.624878,1237.316650,370.376434,0.844396
182,529.008362,175.160629,541.598633,193.729324,0.554557
183,526.139771,175.538574,541.884827,194.414047,0.750650
184,524.457275,175.161102,541.483521,195.848557,0.782886
184,538.237183,172.125366,553.156860,183.918564,0.553123
185,521.921631,176.883362,541.933105,196.856888,0.836290
185,538.623047,172.967484,553.216614,184.886276,0.670158
186,522.514832,178.125565,543.668579,199.271378,0.845830
186,539.136597,174.589935,554.566284,186.524536,0.662454
187,523.468689,179.138382,544.579529,199.181961,0.864272
187,539.027710,176.156525,556.564697,187.496170,0.526424
188,523.014465,178.501694,545.434570,199.654205,0.877721
188,541.934937,175.788025,557.773193,187.693405,0.607692
189,521.553833,179.097198,546.308105,199.951447,0.883971
189,542.207642,175.795975,558.308838,188.192352,0.578386
190,520.996033,179.211838,547.448853,200.162216,0.884150
191,520.755859,179.459396,548.066833,200.482147,0.882843
191,543.472412,175.379898,559.862915,187.429352,0.514217
192,521.658752,178.955627,548.209290,200.534378,0.884373
193,521.527100,178.613861,549.232727,199.946930,0.890924
194,521.573425,177.922958,549.570618,198.962158,0.876281
195,522.395203,176.577866,550.042786,197.654388,0.882759
196,523.481506,175.095551,551.592346,196.665283,0.884232
197,525.174988,174.776611,553.855225,196.317886,0.884002
198,527.839172,174.310669,556.171326,195.840225,0.881608
199,529.814880,173.340302,558.971252,195.356812,0.894550
200,532.862427,172.721542,561.941650,194.622192,0.867627
201,536.214661,172.336258,564.031799,193.364624,0.861445
202,538.642334,170.391968,567.198853,192.959305,0.874695
203,541.532349,169.776367,570.214905,192.303253,0.870689
204,543.940002,170.260147,572.647034,192.808792,0.863632
205,546.431335,170.838547,575.432495,193.389313,0.870814
206,549.193237,171.407104,578.400269,193.667175,0.863495
207,551.416077,170.781952,580.600220,193.828522,0.868955
208,553.063477,170.580017,581.762024,194.134796,0.828474
209,553.853699,170.604263,583.097107,193.980972,0.862531
210,554.478943,170.332535,584.258972,193.903564,0.823473
211,554.441406,169.856277,584.226196,193.843567,0.808589
212,554.141541,170.276520,583.921326,194.078827,0.859367
213,554.070740,169.901978,584.148010,194.055878,0.846652
214,554.240479,169.740387,585.310242,193.651321,0.882438
215,555.229797,169.293457,586.397644,193.379333,0.881320
216,556.848633,169.276337,587.403198,193.445984,0.885670
217,558.748657,169.383347,589.816162,193.793610,0.872482
218,560.128906,168.833084,591.724854,194.190720,0.872026
219,561.732361,169.193253,593.272949,194.230530,0.881346
220,563.880310,168.737671,594.632019,194.317154,0.800364
221,565.210022,168.630615,597.020447,194.168137,0.843357
222,566.456360,169.140137,597.968567,194.312607,0.860043
223,567.396545,169.430862,599.679932,195.216537,0.853909
224,567.416382,170.611710,600.226440,195.926559,0.846624
224,597.978210,165.595032,618.127075,179.228500,0.522929
225,567.841736,171.052170,600.449646,196.712418,0.877668
226,568.522095,170.585022,601.669495,196.827072,0.872710
227,567.646118,170.470169,601.657104,197.201523,0.872793
228,567.236938,170.939438,599.806274,196.288254,0.876108
229,566.094666,170.239899,598.937805,196.229218,0.862566
230,564.535461,169.562988,598.180542,195.875763,0.851949
230,597.991272,164.372574,618.467590,177.827179,0.510152
231,562.675964,170.016617,596.731506,196.188705,0.877191
232,560.329590,171.134155,595.152588,197.693268,0.877281
233,557.260864,171.820862,592.545044,198.948242,0.875332
234,554.169373,172.869492,588.918030,199.871750,0.881621
235,550.555115,173.474213,585.659729,200.716110,0.871960
236,547.389282,174.229156,582.599609,201.847168,0.895846
237,544.067200,175.395309,579.608398,203.194473,0.890731
238,541.105835,176.365753,577.530762,204.052689,0.887205
239,539.258667,177.415680,575.006104,205.558914,0.887031
239,577.352356,172.609131,599.828247,186.035995,0.642202
240,537.277405,178.718567,574.187317,207.000854,0.890779
241,536.286255,180.231796,573.399536,208.423325,0.889292
242,536.135010,180.376511,573.350952,209.347855,0.884800
243,536.440735,180.918732,574.177124,210.174133,0.898065
244,537.336670,181.885544,575.315735,210.652145,0.905662
245,538.967712,180.892624,577.012756,210.078476,0.897388
246,540.610657,179.921722,578.917114,208.912033,0.898119
247,543.223938,180.176773,581.973511,209.954819,0.888470
248,547.903442,180.720825,585.895081,210.214920,0.878431
249,550.327271,181.332489,589.876709,211.052383,0.897653
250,554.913635,181.548584,593.738770,210.971985,0.895769
251,557.773010,181.998627,596.643372,211.655426,0.899594
252,559.807129,182.310501,599.823608,212.502533,0.883427
253,562.282715,182.229736,602.459045,212.895264,0.887054
254,563.346313,181.489243,603.038757,211.975479,0.897348
255,563.516602,181.816162,603.707275,212.448090,0.892152
256,562.931580,182.510773,603.601074,212.841980,0.886380
257,562.802124,182.370743,603.729187,213.715363,0.896115
258,561.963013,181.562790,602.416565,212.661255,0.890732
259,560.803650,180.190125,602.849243,211.575928,0.879675
260,559.594788,180.575745,602.620361,212.619858,0.899281
261,559.428711,180.941757,602.310181,213.189514,0.891678
262,558.263977,180.920578,601.108337,213.146072,0.892835
263,556.610229,179.660477,599.783997,212.455872,0.894998
264,555.914856,178.504868,599.560974,211.878632,0.899059
265,555.754272,177.581284,598.974243,211.037277,0.896726
265,599.734009,170.722961,620.436890,186.046875,0.543365
266,554.817139,177.467545,599.139282,211.300308,0.904901
267,554.046265,178.225708,598.640198,212.146866,0.901576
268,553.684631,179.778000,598.612000,213.337509,0.889263
269,551.599304,182.002228,598.093689,216.695343,0.898246
270,550.686951,183.400665,598.050781,218.490173,0.890855
271,550.398193,182.771530,598.318909,218.383881,0.889569
272,549.556702,184.403122,597.499817,220.455582,0.902748
273,549.503662,186.686203,597.359863,221.693634,0.898562
274,548.300049,186.417679,596.876404,221.807541,0.897629
275,547.828247,185.576889,597.101196,221.575043,0.888696
276,546.509766,185.663147,595.901794,221.953842,0.897330
277,546.118958,184.941956,595.940857,221.733932,0.899257
278,545.581299,184.385101,596.506958,221.955765,0.890469
279,544.497742,182.590912,596.240906,220.807007,0.901628
280,544.114990,178.157547,597.056702,217.311340,0.895382
281,544.158691,175.250977,597.161133,214.432541,0.894102
282,543.945740,171.957687,597.852844,210.720718,0.896939
283,542.441345,167.827255,597.173157,208.411392,0.894081
284,541.753113,167.739319,596.260071,208.011581,0.901691
285,540.104919,167.117889,595.565247,207.937408,0.910698
286,538.973328,164.723312,595.280518,206.118484,0.904361
287,538.010071,162.839127,594.441528,205.106552,0.902023
288,536.294739,161.082855,593.720032,203.076721,0.899992
289,534.532349,160.320068,590.975586,202.992218,0.897633
290,533.477478,160.855545,589.593140,204.029892,0.895760
291,532.147400,161.498077,586.040649,204.625122,0.892691
292,530.320862,163.131760,580.345032,205.328949,0.869129
293,529.460876,163.776993,578.194519,207.719025,0.865725
294,528.448853,165.874374,574.330261,210.074738,0.862502
295,528.007935,167.790359,568.027283,211.562210,0.864967
296,527.318359,170.685547,565.175293,215.213913,0.776506
297,526.990051,172.163589,560.610474,217.395828,0.636647
300,567.062927,177.299820,596.037537,216.464447,0.658016
301,566.484314,178.809601,598.509094,218.866943,0.763360
302,566.273499,180.421631,603.314209,221.022583,0.791528
303,563.671997,181.804901,604.792297,222.817581,0.757259
304,560.806519,182.677063,607.248535,229.418442,0.823699
305,558.384766,182.523422,608.531189,227.968231,0.857756
306,556.624390,180.989761,608.958191,227.223618,0.862925
307,553.013855,180.093613,607.545532,228.510788,0.827920
308,549.124146,178.129395,606.971252,229.184158,0.883965
309,545.345276,176.175858,606.008850,228.678116,0.847303
310,539.531738,175.875626,603.596436,227.868652,0.866645
311,535.361450,175.033707,601.801208,228.406082,0.891882
312,532.313293,174.733795,600.809875,228.207352,0.886331
313,526.996582,174.617157,598.865601,229.105347,0.890951
314,523.898560,174.707611,595.733459,228.425186,0.910740
315,522.559387,174.682602,595.180969,229.237930,0.901917
316,519.884827,173.674622,592.318481,230.865875,0.912560
316,703.506531,179.007767,734.870178,221.654007,0.559765
317,516.993591,174.004425,591.085205,229.484009,0.916910
317,702.148682,178.911407,731.208618,223.585632,0.667220
318,514.485596,174.673080,589.095154,229.727890,0.906947
319,511.979248,173.760559,587.664734,230.364380,0.912345
320,509.246429,173.912216,584.687134,230.735184,0.918820
321,507.032471,173.617081,582.989197,231.081131,0.924887
322,503.525085,174.622925,581.970764,231.744720,0.931449
323,500.947235,174.375366,579.428528,232.277176,0.926824
324,498.743134,174.366425,577.027161,232.571976,0.919085
325,496.601746,174.268967,574.673584,233.330566,0.922457
326,494.120178,174.797684,572.890686,233.388000,0.923671
327,491.121490,174.857819,568.237549,233.464050,0.918938
327,689.701904,178.631744,715.177307,211.294693,0.561180
328,489.154785,175.134674,563.378662,233.528854,0.915852
329,486.615479,175.164200,557.560425,234.439590,0.915094
330,483.822662,175.280701,550.898193,234.491364,0.912555
331,481.676941,174.804688,544.656677,234.566879,0.910401
332,479.074280,175.191452,539.637695,234.573929,0.907443
333,476.432648,174.694412,537.106262,234.155777,0.891232
334,473.211456,174.379883,555.362488,234.278122,0.838983
335,471.348724,174.997253,527.541931,234.755569,0.894738
336,468.884308,174.798111,521.039978,234.689224,0.898402
337,465.938873,175.032303,515.163208,234.938324,0.836380
342,497.739380,172.581665,540.213440,230.093475,0.836015
343,494.150360,172.889603,537.820068,233.805847,0.829458
343,663.701172,177.063736,686.717041,211.306458,0.660716
344,489.861633,173.967987,535.613953,234.606140,0.855697
345,481.928833,173.622253,532.735413,234.732727,0.829516
346,478.102875,173.732819,530.182373,235.399597,0.862395
347,471.274689,173.957092,521.909241,235.778397,0.800546
348,465.458862,174.073395,515.767700,234.322998,0.825788
349,459.100739,174.136810,508.388245,231.592209,0.788381
350,452.280212,173.516083,502.612946,233.000427,0.832519
351,449.108490,174.608704,492.605560,230.144867,0.779037
352,445.943604,176.084167,482.072296,233.769821,0.734028
353,440.478607,175.555191,471.468811,235.330658,0.605304
354,435.114288,176.633331,462.938690,231.701035,0.504126
363,409.453766,180.870453,441.205841,241.711838,0.685561
364,399.053833,181.281296,438.891541,249.479126,0.720875
365,390.307861,181.226044,430.084320,251.013474,0.780893
366,383.798828,181.641739,430.669434,249.518555,0.720234
367,378.213074,178.197159,432.945953,251.451370,0.704676
369,368.620697,184.036499,414.952637,264.891388,0.656931
371,360.878784,175.371445,393.431000,260.707092,0.650111
378,414.189972,181.779846,454.376343,268.649872,0.525282
379,402.283691,180.647552,452.305176,269.906311,0.667139
381,336.158539,183.781448,447.943359,276.268799,0.878189
382,320.334198,184.215332,443.590912,277.872314,0.895482
383,311.851776,183.357437,437.848114,279.022308,0.848820
384,340.235474,183.880203,431.485901,281.206207,0.907322
385,327.210602,184.305954,423.928131,283.973083,0.914860
386,309.761719,183.795914,415.841705,286.640442,0.919229
387,287.953979,184.123108,406.956024,289.486847,0.921927
388,266.966156,184.032501,397.528931,292.859894,0.926268
389,245.194153,184.825073,386.909302,296.322418,0.933638
390,220.585922,185.330963,376.389648,300.254089,0.938294
391,193.950928,184.701523,365.207825,303.342072,0.941383
392,165.597427,184.540863,355.106628,307.573242,0.934246
393,137.536179,184.143753,346.119141,310.760010,0.935703
394,108.485512,184.165512,336.849792,320.266937,0.943484
395,83.739700,185.622177,330.608917,326.959076,0.942431
396,62.729065,185.790817,322.222626,331.154144,0.944680
397,49.045361,186.427902,310.680206,336.067413,0.942930
398,32.559807,187.138565,304.561890,340.373322,0.937856
399,19.517384,187.614578,284.971466,346.343414,0.936480
400,9.937960,188.819046,260.342773,351.027374,0.897887
400,439.733246,168.267136,460.614014,188.106262,0.571389
402,0.682579,193.410965,315.840210,359.661652,0.939879
403,1.039716,193.719025,318.598511,367.377045,0.958306
403,457.904419,170.938324,480.803284,190.509521,0.510656
405,473.135437,173.153076,498.840149,192.672165,0.608058
406,78.310646,197.146484,333.734131,370.409119,0.947614
406,482.892181,173.365326,508.492798,193.446991,0.613711
407,10.061256,197.387573,339.394012,370.320984,0.953636
407,493.490692,173.557266,518.295898,193.395248,0.533246
408,0.055226,198.074738,346.479492,370.261932,0.963961
409,0.155686,199.644119,353.756317,370.395386,0.965648
409,514.217285,174.155594,540.639099,194.753128,0.596160
410,0.340179,202.712250,361.988037,370.633057,0.968574
410,525.327148,176.018738,552.216492,196.687180,0.516572
411,0.168827,205.308319,368.707245,370.424469,0.968031
411,0.045464,222.938797,58.740147,296.450531,0.739442
411,537.076050,177.519958,563.438354,198.415131,0.569007
412,-0.026891,205.939606,375.733978,370.654968,0.966200
413,0.173010,205.186066,384.362061,370.314148,0.965337
413,560.650513,178.127548,586.998230,198.581238,0.599569
414,0.443833,205.117767,393.084778,370.923004,0.966713
415,-0.000289,204.822723,399.746490,370.309357,0.970292
415,584.641785,176.639999,610.961975,197.708038,0.524722
416,-0.119746,205.020401,405.721741,369.856506,0.970557
416,596.181152,176.566162,622.872986,197.221649,0.501568
417,-0.070421,205.112411,410.037689,369.399475,0.969371
418,0.025643,205.898483,412.934448,369.702972,0.966202
419,-0.008015,206.120132,411.404083,370.023010,0.965856
419,620.025452,174.624802,647.814575,196.884644,0.552418
420,-0.043545,206.114609,408.223846,371.016815,0.966230
420,624.565002,174.171448,652.966553,196.254852,0.618520
421,-0.046983,206.735138,401.015503,370.314575,0.965017
422,0.281059,208.288071,392.576904,370.047699,0.962967
423,0.618820,210.758530,381.732086,370.529724,0.960650
424,0.210851,214.349213,367.335632,370.097870,0.960904
424,631.445679,173.887146,658.872192,195.680115,0.524517
425,0.025735,216.879807,350.661957,369.693695,0.961042
426,0.297212,218.958618,327.824219,370.000732,0.960208
426,628.717285,173.609802,657.073792,195.884567,0.593097
427,1.774616,223.988144,304.052917,369.421844,0.931326
427,624.522766,174.397995,653.507996,196.551849,0.724309
427,656.672546,175.558258,678.016357,192.775513,0.616761
428,-0.300527,229.099258,266.546234,370.852844,0.935621
428,653.117249,175.893509,675.628479,190.825180,0.648036
428,621.136902,174.523804,651.693787,197.140625,0.614595
429,0.066185,236.137238,225.716171,370.947754,0.937707
429,618.327271,174.905045,648.019043,197.700226,0.748203
429,651.748474,175.999084,673.534668,190.159790,0.554862
430,-0.040792,246.421936,172.069595,371.186676,0.928397
430,616.429626,175.128204,645.292786,197.636078,0.743155
430,651.903137,176.246323,671.994934,189.958725,0.603252
431,613.357727,175.107483,642.825623,197.912460,0.782377
431,-0.209212,276.393494,97.758705,372.401398,0.707819
431,648.557556,176.821686,670.372559,190.659485,0.671118
432,612.723267,176.297348,639.777710,198.413574,0.743253
432,646.849243,177.057541,668.314575,190.319077,0.658664
433,609.097656,175.463440,637.926758,198.174149,0.698309
433,643.025879,176.914719,665.140198,191.753799,0.606959
434,640.958435,176.567764,662.378479,191.322281,0.735687
434,605.271362,175.267532,633.583862,198.314651,0.717103
435,602.640381,174.767883,631.502441,198.053757,0.764996
435,638.267273,176.105484,659.731079,190.960342,0.722613
436,601.229492,174.196686,628.854492,197.578232,0.698700
436,637.474609,176.046188,656.986511,188.882706,0.578241
437,597.954590,174.182312,626.252930,197.883102,0.719067
437,634.100220,175.983536,654.070007,189.559921,0.678621
438,594.643738,173.598587,622.669006,197.272202,0.686875
438,633.240173,175.673447,651.096069,188.542633,0.644162
439,592.765808,173.580338,621.718323,196.701828,0.669799
439,630.514832,175.163788,648.529358,188.248276,0.620647
440,590.352661,173.332443,618.654175,197.235855,0.595110
440,626.280273,175.295502,645.681213,188.476761,0.563194
441,586.934021,172.009293,615.600098,196.557693,0.671366
442,584.806824,170.805527,612.281128,194.757370,0.648112
443,582.924316,169.780350,610.835754,193.871521,0.679885
444,580.616394,168.252731,607.937500,192.589020,0.654343
445,577.722473,167.767181,607.777710,192.178909,0.661033
446,576.998657,167.289825,605.370483,192.041550,0.679306
447,574.697205,166.731918,604.516968,191.976425,0.655125
448,572.570984,168.469528,605.896729,193.139175,0.647803
449,619.314697,170.273911,631.781738,183.637787,0.607312
449,571.354675,169.740082,606.143372,194.593979,0.558273
450,619.183960,169.555847,631.771240,182.994904,0.699141
450,573.458191,168.921509,606.104004,193.809235,0.601906
451,618.926453,168.374542,632.424927,181.286194,0.678847
451,574.544189,166.945068,604.523499,191.914505,0.608549
452,619.269836,166.455307,632.579773,180.089539,0.758046
453,618.968567,164.845993,633.076477,178.346497,0.776140
454,619.201355,164.836349,633.647949,178.245209,0.745685
455,619.623962,166.527161,633.856506,180.248291,0.775127
455,574.192993,165.462830,599.478577,188.585175,0.548461
456,620.860840,168.573532,634.381348,181.907211,0.766797
456,575.435852,166.944061,599.636841,193.045944,0.604352
457,621.239136,169.286423,635.403320,182.728333,0.775484
457,575.251831,168.108215,598.497253,194.102112,0.598982
458,622.512878,170.267090,635.910339,184.078232,0.770541
458,576.388367,169.463425,597.072998,196.597382,0.615123
459,623.185608,171.992325,637.078247,185.322693,0.713608
460,622.592957,172.491394,637.016113,186.506744,0.647932
466,615.125549,171.947617,629.275391,186.280182,0.602418
467,566.598022,170.835602,597.230347,201.228943,0.647017
467,611.312256,171.735535,625.100342,184.665039,0.512977
468,606.104980,171.626648,620.663330,185.421524,0.634898
469,600.989929,173.317154,616.013428,187.051773,0.688300
470,596.273376,173.837173,611.091064,188.008331,0.752292
470,550.338196,172.144714,579.313721,202.435516,0.585571
471,591.010864,172.640671,606.454773,187.524414,0.735002
471,543.271362,170.995590,575.085388,201.681320,0.581864
472,585.970337,172.486176,601.408020,187.340988,0.770068
473,580.804932,171.276550,597.121826,186.420578,0.778134
474,575.967590,170.977112,592.240662,185.920822,0.744836
475,571.546204,170.723740,587.805664,186.196548,0.691022
476,567.051453,170.167694,583.843994,185.648376,0.759721
477,563.131226,170.194305,579.533203,185.889450,0.613847
478,558.916626,170.107483,575.818970,185.724930,0.768154
479,555.383179,170.116852,572.085083,186.118820,0.641743
480,552.806091,170.254868,568.992310,185.881317,0.736830
480,502.371704,168.952271,532.983948,203.645538,0.652309
481,494.285248,169.700134,529.662659,202.826385,0.798979
481,549.149292,169.991959,566.912720,186.339203,0.722680
482,546.572998,170.255127,564.174927,187.026230,0.734250
482,487.608124,169.503662,526.693054,203.031860,0.728102
483,545.442261,170.077942,562.852905,186.398926,0.747764
483,482.075317,168.927673,524.910278,203.247711,0.726087
484,478.102539,169.149307,523.078186,203.543823,0.793049
484,543.715759,170.164627,561.525879,186.659698,0.739287
485,478.889740,170.039749,522.710388,204.508545,0.774935
485,543.083862,170.430099,561.229858,187.557144,0.750190
486,543.047913,170.744797,561.127563,188.291916,0.727309
486,478.009460,170.054382,521.889404,205.109756,0.688902
487,542.987610,171.370239,561.809570,189.132553,0.756522
487,477.320648,170.702286,522.199768,206.179337,0.719069
488,477.838989,171.166351,522.832397,207.114075,0.747891
488,543.708313,172.267487,562.287231,189.848724,0.712153
489,478.624237,172.075394,522.637573,208.140198,0.759681
489,545.024231,173.567642,563.226990,190.883331,0.685159
490,478.102509,172.324203,524.378235,209.378952,0.759693
490,546.044800,173.392426,564.455261,191.745331,0.619917
491,481.104340,172.974442,525.558472,209.828781,0.758376
491,547.583313,173.648056,566.762207,192.244370,0.734623
492,549.896240,174.319183,568.969482,193.004532,0.762388
492,482.825317,173.029678,528.033386,210.215073,0.715609
493,485.350647,173.787308,531.308472,211.346115,0.733937
493,553.185486,174.321884,572.107727,193.814667,0.688258
494,488.291901,173.748306,534.417664,211.200012,0.700392
494,556.082764,174.568665,575.477661,193.751312,0.649147
495,491.925629,173.621399,537.904053,211.039001,0.734844
495,560.108704,174.522339,579.226135,193.801147,0.661834
496,494.542297,173.150269,541.660950,211.178375,0.697746
496,562.898376,174.078262,582.703491,193.474792,0.678560
497,497.921967,172.844025,544.510803,210.571579,0.688820
497,565.775391,173.849548,586.742065,193.953140,0.687114
498,501.464630,172.806793,547.259399,210.732071,0.702567
498,569.795776,173.446518,590.525452,194.002319,0.698956
499,504.601868,173.137451,550.878235,211.716110,0.693932
499,573.147339,174.496109,593.299744,194.328491,0.611255
500,507.542236,172.452698,554.150330,211.267044,0.722979
500,575.997681,173.662064,596.946228,194.072617,0.680606
501,510.418304,171.226212,557.500061,210.072922,0.706001
501,579.283447,171.834412,599.791687,191.829315,0.701897
502,513.165649,170.086853,559.385376,209.006760,0.595819
502,582.815186,171.027328,603.297241,191.560074,0.588470
503,516.487305,169.743256,562.671143,208.617401,0.619914
504,519.334961,169.801590,565.639404,208.830963,0.675348
505,592.104065,169.698425,613.173828,190.991272,0.717681
505,522.362610,169.317703,569.899231,208.629776,0.664273
506,595.137817,169.771667,616.077332,191.006760,0.648085
506,525.812622,169.119949,571.871948,208.832611,0.531141
507,528.012573,169.254013,575.532654,209.187286,0.724516
507,598.103149,169.854355,619.689148,191.563324,0.637286
508,531.259460,169.347961,578.205688,209.427292,0.703065
509,533.721619,169.554077,581.368347,210.139771,0.742295
510,536.006287,169.419968,585.210327,210.310593,0.693583
510,606.692688,170.098648,629.028259,192.764389,0.567352
511,538.978882,169.480927,586.964722,209.963501,0.685422
511,609.371399,169.510178,632.251709,192.041779,0.600969
512,542.630798,169.350784,590.283875,210.098587,0.694482
512,612.076965,169.596710,634.923828,192.583084,0.533927
513,544.885559,169.788177,593.829468,211.144577,0.612891
513,615.093201,169.964828,638.279602,193.274155,0.564740
514,546.512939,170.393204,594.421753,212.094864,0.699241
515,548.357300,170.600143,598.052856,212.894409,0.650795
515,619.404358,171.161484,642.879456,194.994507,0.559666
516,549.780884,170.639252,599.646362,213.561386,0.679249
516,620.320251,171.886673,644.747559,195.176437,0.666896
517,550.508240,171.032013,601.749695,214.080246,0.693362
517,622.250549,172.330948,646.294312,195.978485,0.577334
518,551.628174,171.637634,602.383728,214.492935,0.569121
518,623.383362,172.710449,647.661560,197.091385,0.545167
519,553.025635,171.889862,602.973511,214.916733,0.565938
520,553.442078,171.922836,604.258240,215.157959,0.642574
520,625.084045,173.131912,649.939636,197.488190,0.560549
521,552.335571,171.869980,603.581482,215.606766,0.632860
521,624.751709,173.148300,649.882690,198.084610,0.518057
522,550.688293,172.348495,601.815308,216.343185,0.673221
522,623.385010,173.854202,648.199097,198.307663,0.606898
523,622.191284,173.698593,646.972778,198.686584,0.641893
523,548.893188,171.938492,601.032593,216.396683,0.593255
524,619.042542,173.841370,644.841064,199.074081,0.674973
524,545.957642,172.465790,599.420776,216.843826,0.608286
525,542.895447,172.663773,596.278442,217.484421,0.635314
525,616.460693,173.974030,642.081787,199.782364,0.616333
526,612.733582,174.279953,639.966309,201.028244,0.743563
526,539.874146,172.026413,593.402649,218.159103,0.705794
527,609.213135,174.356461,636.964905,201.123428,0.675045
527,535.733459,173.085922,590.205383,218.321198,0.526201
528,532.977417,173.806381,587.050476,219.359375,0.714288
528,607.257263,175.084930,633.261169,202.146896,0.691662
529,529.650085,174.742538,584.175415,220.350464,0.749802
529,603.231873,175.696075,630.415894,203.165283,0.722469
530,599.838135,175.840637,627.756836,203.545395,0.668245
530,526.556763,174.713211,580.788208,220.594482,0.654520
531,597.002380,175.590134,624.322449,204.127319,0.684836
531,523.737122,174.488510,578.088074,220.925690,0.608121
532,593.110291,175.487503,621.502808,204.030731,0.675056
532,519.549194,174.976990,575.781982,221.491791,0.572516
533,589.622498,175.039551,619.171814,204.002548,0.709895
533,517.241638,174.380539,571.396606,221.036194,0.678037
534,514.219360,173.754791,569.450073,221.171478,0.758870
534,583.776123,174.912628,616.638977,203.840103,0.706891
535,511.462433,174.080215,568.002991,221.572540,0.707415
535,581.298401,174.849838,613.639526,204.223404,0.662593
536,508.481476,174.153183,562.999878,221.094681,0.774640
536,575.573975,174.506546,611.785461,204.329712,0.693972
537,505.288513,173.256302,562.667847,221.290924,0.797569
537,572.897705,174.042877,608.809998,204.067490,0.709037
538,502.445831,173.421829,560.023499,221.534348,0.772829
538,570.163696,173.912613,604.844604,204.276535,0.640057
539,500.224426,172.781479,557.497803,221.186996,0.754786
539,565.195862,172.976929,602.449646,204.082870,0.710475
540,496.827972,172.682068,555.927185,221.118240,0.805086
541,493.938660,172.398773,553.488831,220.987503,0.697884
541,557.815857,173.751923,597.635681,203.954666,0.645134
542,492.717529,172.258194,549.512634,220.876282,0.743906
542,548.118591,172.202316,593.013184,204.322144,0.545580
543,489.244263,172.229950,547.192261,221.180862,0.740840
543,547.244263,172.454147,590.460938,202.989426,0.683164
543,586.705383,175.096405,601.509399,194.205383,0.518789
544,487.515320,171.648438,545.993103,220.736176,0.725798
544,584.233337,175.276520,600.111755,193.850113,0.643994
544,542.654175,171.759109,587.105164,204.655655,0.637501
545,580.630554,175.157288,597.715332,194.065170,0.618492
545,485.378937,171.427185,542.113464,221.099243,0.578250
546,577.695374,174.546799,596.104919,193.316010,0.717235
546,481.918182,170.910416,540.038269,220.759293,0.654683
546,537.165649,170.913956,581.331787,202.841309,0.637215
547,575.080139,174.134720,595.070923,193.360291,0.785064
547,535.150757,170.164215,577.995972,202.579590,0.699235
547,479.647400,170.957169,536.875610,220.871536,0.658930
548,572.634644,174.543411,593.030884,193.358047,0.789105
548,533.248352,170.779449,575.588257,203.184189,0.719094
548,477.924561,170.411087,535.347961,221.113632,0.632687
549,570.095764,173.821518,591.428528,193.389252,0.768269
549,476.105988,170.309875,532.402954,220.805222,0.700288
549,534.126343,170.255356,571.552979,202.559402,0.599195
550,568.016113,173.801926,590.545593,193.686203,0.819335
550,529.816833,170.110336,568.822144,203.863770,0.683904
550,475.868164,170.024445,531.073364,220.459213,0.654338
551,566.680115,173.671387,589.846252,193.608459,0.856738
551,472.880829,169.490616,530.052002,221.529938,0.703438
551,524.638794,170.761337,567.098145,203.878891,0.622496
552,566.082275,173.748611,589.664185,194.072769,0.866324
552,471.950684,170.243149,530.525574,221.714386,0.695256
552,524.790222,170.820084,565.510437,203.158768,0.589314
553,565.692749,174.079468,588.271729,194.256577,0.850530
553,471.247406,170.054657,528.259155,221.767181,0.542070
554,565.031799,173.941315,588.421631,194.540466,0.846962
554,471.160126,170.027023,527.682373,222.256912,0.548528
555,564.830078,173.880478,588.247375,194.363220,0.871009
556,564.173279,173.453262,588.143799,194.324341,0.884197
556,527.596558,170.886246,558.366394,203.576370,0.537768
557,563.774231,173.393250,587.974609,194.367233,0.881057
557,527.194458,170.676682,557.463074,201.568176,0.611826
557,469.952911,169.852066,526.688477,221.190186,0.512468
558,563.326599,173.234695,588.106384,194.493362,0.877932
559,563.304749,172.707077,588.019836,194.283356,0.865816
559,471.500732,169.171585,527.587891,220.632385,0.645270
560,562.942810,172.868149,588.007935,194.335297,0.854442
560,472.060333,168.912476,527.740295,220.680420,0.624970
561,562.864990,172.001358,590.155396,194.256744,0.848767
561,471.966736,168.315384,528.232178,220.477325,0.629524
561,525.747559,169.329224,551.377136,206.426178,0.609249
562,562.161133,171.256165,585.675110,193.237869,0.811282
562,469.222443,167.627762,527.239258,220.646149,0.703191
563,561.786865,170.075119,579.048035,192.641663,0.749866
563,464.642578,166.466125,529.335999,220.607132,0.714086
564,465.292267,166.767776,533.899841,219.142807,0.720573
564,523.289124,166.843079,548.034729,206.703751,0.671924
565,465.061890,166.925797,543.286438,219.814453,0.660645
566,467.630768,166.497025,544.169617,219.379013,0.622924
567,563.381714,170.093643,585.488892,192.449051,0.692979
567,463.767761,166.050751,540.312134,220.251877,0.635899
567,520.290039,166.962509,543.982056,206.717087,0.600855
568,561.296082,169.960342,585.077637,192.844437,0.791860
568,465.389435,165.660706,542.927673,219.333145,0.682919
569,557.139771,169.575302,584.574097,192.590485,0.755470
569,460.642029,165.305267,542.003906,220.095306,0.623577
570,557.728210,169.783463,584.526062,192.759308,0.806388
571,555.995239,170.260574,584.664062,193.929886,0.859418
572,555.993835,170.025024,584.339539,193.799744,0.867391
573,556.484131,169.479721,584.076965,193.767822,0.810546
574,556.416199,169.187820,583.930054,193.663162,0.795299
575,555.416138,169.439316,583.744263,194.116028,0.835888
575,515.486816,166.210617,540.570618,208.429306,0.729183
576,554.835083,169.294785,582.480042,194.536743,0.798841
577,552.590454,169.425873,581.029114,194.927094,0.859547
577,514.149841,166.552536,537.262207,207.843201,0.694564
578,550.947144,169.237839,579.792175,194.888565,0.777240
578,513.095703,166.175247,535.234131,208.919434,0.699032
579,548.555664,169.170731,577.635376,195.170227,0.758817
579,509.963837,165.963120,532.906738,208.287216,0.622250
580,547.176514,169.308182,575.687561,195.491837,0.842130
580,510.008881,165.760956,530.675354,208.447952,0.600293
581,543.617920,169.356857,573.808228,195.821701,0.868955
581,506.174713,165.145355,528.212524,209.317032,0.623001
581,458.079437,164.729385,514.151184,221.236130,0.518927
582,542.695374,169.337479,572.100952,196.180344,0.856162
582,505.550049,166.409576,526.054016,209.548508,0.729304
582,451.553406,164.329575,512.438782,220.955795,0.647364
583,540.316528,169.953995,570.656006,197.242905,0.850678
583,502.522583,166.544312,524.088196,209.798874,0.758169
583,439.804199,165.908585,509.678101,224.035675,0.699786
584,538.072266,170.173187,568.790405,198.107101,0.853910
584,500.131348,167.459778,522.551514,209.651733,0.733329
584,437.823853,166.068665,508.329407,223.139938,0.732627
585,536.284912,170.637497,567.207825,198.763107,0.820700
585,496.794067,167.324585,519.272522,211.553925,0.785765
585,434.571686,166.060532,506.149170,224.680939,0.763952
586,534.857544,170.794968,565.889465,199.080597,0.827020
586,492.431488,167.610886,517.067017,210.639191,0.751991
586,432.442322,165.400848,501.929169,223.952881,0.733095
587,533.001282,170.698471,564.919312,199.315109,0.766557
587,493.102417,167.455200,514.998718,211.578415,0.764770
587,436.736542,165.853973,500.841644,223.923370,0.755490
588,531.466370,170.910797,563.889221,200.226776,0.834186
588,489.845856,167.572906,512.862244,211.676712,0.749402
588,433.987518,165.091675,499.843628,225.700165,0.745717
589,529.895813,171.264694,562.633423,200.822845,0.835996
589,486.457153,167.510986,511.387360,211.360168,0.801098
589,427.177032,164.840591,497.027985,225.674240,0.771572
590,528.102478,171.135803,561.683167,201.293213,0.823666
590,484.832184,167.572052,509.648987,211.571548,0.786946
590,428.767700,165.379013,494.604919,225.349487,0.670625
591,526.946045,171.098251,560.608398,201.665222,0.849250
591,483.785278,167.976364,508.240326,211.376907,0.790101
591,414.945679,164.946381,493.675354,226.632355,0.730673
592,478.995209,166.835175,507.229309,212.677048,0.784450
592,525.788330,171.603790,559.936157,202.317719,0.750156
592,411.249481,164.987946,491.014648,226.776825,0.707856
593,480.250122,167.492249,505.025635,212.192413,0.784177
593,411.415710,165.084427,489.607300,226.571426,0.623146
594,480.392059,165.975494,503.713867,211.675766,0.779676
594,417.066620,163.538574,487.862915,227.014450,0.754231
594,522.873840,170.437286,558.928162,202.764236,0.734492
595,479.324646,164.654678,502.442810,210.754364,0.776328
595,522.078247,169.439667,558.284790,202.230606,0.762816
595,418.186829,162.781143,486.478943,226.044815,0.693853
596,476.744415,163.582809,501.136414,209.360199,0.794219
596,416.728943,161.326187,485.445312,224.629349,0.716421
597,474.726440,161.738403,500.109894,209.004959,0.825643
597,411.857697,159.952774,484.085907,223.714371,0.777318
598,473.294250,161.342957,499.984253,209.331116,0.813492
598,408.345764,159.498215,483.002075,223.607544,0.724424
599,473.683899,161.190933,499.605316,209.146973,0.814881
599,402.961517,159.081543,483.356567,223.959366,0.780100
600,473.300751,161.384476,499.650330,209.998093,0.816170
600,403.894287,159.386322,482.756958,224.368195,0.735009
601,476.104797,161.523132,500.875427,209.371506,0.806678
601,402.426971,159.489395,484.174133,225.237473,0.694720
602,476.200989,161.935852,501.470306,208.926453,0.830148
602,399.037170,159.772446,485.656097,226.444565,0.761697
603,476.138428,162.172073,502.003082,209.059555,0.803715
603,398.862030,159.671646,485.679688,226.951843,0.772999
604,479.152161,161.515533,503.316254,209.106003,0.821078
604,397.494171,159.042404,486.663879,226.689194,0.774349
605,477.447815,160.930939,504.238525,209.272583,0.809173
605,397.707245,158.325729,486.989441,226.627258,0.786530
606,477.477509,160.931931,504.366760,209.951828,0.817817
606,396.364594,158.556534,487.657196,227.140625,0.784295
607,477.473145,161.452728,504.533173,210.017563,0.815978
607,395.281433,159.073563,487.009033,227.615311,0.771771
608,475.520081,161.159927,502.966797,209.403473,0.816801
608,523.087891,164.993698,569.649475,207.945190,0.766251
608,393.269592,158.897812,485.881714,227.679672,0.763471
609,390.723602,156.710312,483.506714,227.639420,0.796503
609,475.436768,159.928711,501.621338,209.019821,0.783727
609,521.203613,164.272659,568.194580,207.265533,0.728969
610,389.051941,156.669083,482.079559,227.372772,0.778989
610,473.580780,159.262833,501.083405,210.250702,0.730785
610,520.267761,163.504486,568.039307,207.703445,0.661244
611,386.572205,156.468765,480.067169,227.621002,0.870780
611,470.766541,158.970169,500.128448,209.593414,0.784158
611,517.832153,163.580536,566.928040,209.672852,0.743943
612,384.587189,156.846664,478.921539,228.165176,0.861949
612,471.369354,159.555634,497.808868,209.484192,0.801717
612,516.268188,163.851486,565.386841,210.454514,0.629959
613,468.928131,159.923615,497.088928,209.726028,0.764396
613,383.071014,158.010422,478.461426,229.187592,0.699661
613,514.419922,163.708755,564.934082,211.555984,0.677701
614,466.676636,160.546356,495.509064,211.018204,0.750919
614,512.653992,163.696915,563.580750,212.435684,0.611675
615,467.088409,160.107819,494.562378,210.788376,0.743917
615,510.085419,163.154907,562.740112,212.663696,0.673171
615,378.868378,157.628723,475.209930,229.347290,0.664307
616,509.263702,162.840591,562.681030,213.190048,0.797880
616,464.475098,159.076019,494.486938,210.706161,0.737534
616,378.460449,156.518753,474.717377,228.877853,0.736554
617,507.862061,162.835632,562.157227,213.753418,0.879604
617,465.047424,159.384018,493.728912,209.867493,0.785273
617,377.517426,156.438629,474.212402,228.796021,0.764886
618,506.273621,162.768127,561.947388,214.470428,0.872545
618,376.647308,156.245071,474.202972,228.735580,0.798566
618,466.024475,159.042786,493.589874,210.321274,0.765228
619,505.496216,162.808899,562.088684,215.729218,0.892119
619,377.857819,156.980957,473.697266,229.050232,0.738955
619,464.281281,159.068817,493.697357,210.383453,0.734479
620,504.216553,164.623596,562.289917,218.663864,0.915305
620,464.010529,160.955795,493.623840,212.280716,0.775805
620,377.902954,158.923401,473.425110,230.679230,0.659430
621,502.709686,165.770142,562.225647,220.994003,0.920731
621,465.704712,162.274841,493.616821,212.766678,0.807822
621,377.976044,160.074234,473.630524,231.823975,0.787989
622,501.664581,165.278427,561.892517,221.541809,0.919103
622,461.637573,161.496567,494.000244,212.723236,0.791558
622,377.957001,159.297287,473.761230,231.259293,0.706957
623,500.379913,164.953308,561.904968,222.107941,0.923460
623,462.523102,161.139282,493.549927,212.268723,0.783051
623,378.061584,159.040497,473.294464,230.990616,0.722132
624,498.837830,165.237808,561.704163,223.195404,0.926610
624,459.143311,161.361465,493.893097,212.340637,0.798189
624,378.036072,159.542679,473.531494,231.275986,0.787048
625,497.356049,165.161514,561.923279,223.698853,0.924433
625,463.448578,160.972458,493.648254,212.129944,0.805406
625,378.030334,158.598633,473.084900,230.792648,0.771477
626,495.355255,164.748276,562.034729,225.296799,0.931449
626,463.830078,161.020889,493.634766,211.766251,0.804508
626,378.039093,158.593903,473.244354,230.776260,0.790117
627,493.158661,165.125961,561.768616,226.923080,0.930681
627,378.139862,159.333694,473.388336,231.002243,0.793235
627,461.968109,161.274719,493.914948,211.620773,0.790823
628,491.355530,164.618851,562.337708,227.770126,0.939142
628,378.017548,158.906036,473.322357,230.826904,0.784987
628,463.875610,161.110535,493.169403,211.911819,0.772600
629,487.862427,164.503815,561.437439,229.158447,0.935331
629,378.101654,158.874847,473.428741,230.475632,0.759916
629,463.591370,161.071060,492.214417,212.246048,0.758170
630,484.378937,164.757492,561.383301,230.305038,0.924748
630,378.070496,159.139359,473.174469,230.612381,0.782151
630,462.343109,161.099457,490.365021,212.344528,0.735944
631,483.040649,164.847626,560.869751,231.922424,0.930253
631,377.939087,158.819550,473.047607,230.585571,0.803476
631,463.203003,161.004700,489.870392,211.304672,0.721272
632,482.135529,164.648315,560.393738,232.841919,0.932111
632,378.071899,158.790115,473.170013,230.593338,0.777136
632,462.697357,161.022049,489.580841,210.479462,0.689569
633,479.753174,164.517120,559.938660,233.991135,0.928456
633,378.090454,158.926346,473.307220,230.598618,0.759795
633,462.538452,160.941467,488.816711,211.804947,0.641058
634,476.672180,164.581726,558.827881,234.656158,0.936255
634,378.041595,158.924591,473.609222,230.358521,0.766409
635,473.850250,164.531311,558.553650,236.705444,0.934339
635,377.811157,158.837708,473.590515,230.501053,0.808041
636,470.682678,164.095978,558.203247,238.737946,0.939194
636,378.005402,158.859940,473.502197,230.668518,0.832450
636,462.508240,161.265518,486.456909,195.449326,0.555232
637,467.660858,164.966476,557.698425,240.263565,0.940089
637,377.973328,158.849274,471.669922,231.343948,0.818781
638,463.273834,164.574417,556.654053,241.464600,0.938048
638,377.846008,158.599915,472.329590,230.745300,0.860203
639,459.536285,164.442398,556.212952,243.767181,0.939876
639,377.558533,158.629150,471.805786,231.001175,0.891207
640,455.271698,165.027924,554.412109,245.513870,0.940412
640,377.595306,158.889847,470.875946,230.988708,0.865154
641,450.568359,164.649292,553.246826,247.890976,0.943016
641,377.501343,158.732468,469.101685,230.828110,0.854469
642,446.415222,165.024033,552.137695,249.518127,0.944806
642,377.523804,158.831116,468.080505,230.460846,0.856005
643,441.514984,165.233459,551.114502,251.140091,0.948021
643,377.476990,158.689163,466.440887,230.779495,0.850273
644,436.761993,165.267899,549.232178,252.884583,0.943965
644,377.784607,158.633163,466.859344,230.545807,0.831404
645,431.315308,165.480652,547.582336,253.724442,0.943607
645,377.565399,158.842270,462.234528,230.731094,0.867868
646,427.141052,165.119980,546.246826,255.399063,0.946590
646,377.684174,159.232925,458.892975,230.562027,0.887107
647,421.566071,165.338654,544.272095,256.535706,0.943012
647,377.841583,159.095154,458.699402,230.537933,0.889807
648,416.068298,165.160034,542.956665,258.655426,0.942090
648,377.704620,159.264740,458.461487,230.635818,0.890816
649,411.034302,165.163452,541.302246,260.170746,0.941783
649,377.648773,159.279663,457.309113,231.019791,0.886635
650,405.160370,164.754929,540.011047,261.282135,0.941681
650,377.953522,159.373337,457.665649,231.336670,0.882752
651,399.924255,164.861252,537.959290,262.931671,0.941583
651,377.495209,159.188705,456.928864,231.460983,0.860569
652,394.347961,164.989456,536.229919,264.952026,0.943557
652,377.579498,159.095276,456.632843,231.759750,0.875450
653,387.920990,165.488281,533.982422,266.767059,0.942930
653,377.290588,159.542496,456.867401,230.792694,0.811095
654,381.517914,164.603958,531.978088,268.629730,0.942389
655,375.340973,164.414383,529.809387,271.325500,0.945321
655,379.049500,160.245682,456.343475,210.502853,0.656151
656,367.891144,164.349838,527.741089,273.580902,0.947812
657,361.170380,163.641495,525.756470,275.141113,0.947897
658,355.119659,163.850357,523.565857,277.957520,0.946244
659,347.947693,163.557175,521.062500,280.366119,0.943478
660,341.021484,163.699722,518.331360,282.730408,0.946745
661,334.266296,163.509018,515.881775,285.164246,0.950751
662,326.473297,162.958542,513.011902,287.912170,0.947977
663,318.758575,162.938202,510.416260,291.062653,0.949040
664,311.604462,163.106812,508.002960,293.681549,0.955359
665,303.591339,163.718933,505.146057,296.856262,0.949923
666,295.359192,163.905228,503.089417,299.324280,0.947490
667,287.599121,164.033844,500.987122,300.772858,0.950732
668,279.842896,163.636047,497.422821,303.729279,0.945401
669,271.153076,163.648880,495.035645,307.096558,0.948921
670,263.145477,163.707626,492.694397,310.818756,0.949408
671,254.485672,163.943924,489.387268,314.906647,0.948813
671,456.944855,161.249054,501.047852,202.340637,0.606039
672,244.477173,163.638123,486.409393,318.114746,0.947811
673,236.550659,163.890564,483.429382,322.343781,0.954046
674,226.106201,163.844452,480.442017,326.831207,0.948797
675,216.247955,164.117798,477.951691,331.009521,0.956556
676,205.064697,164.178818,474.732086,335.915253,0.953818
677,191.578873,164.836792,471.688721,341.478882,0.950560
678,177.428986,164.081085,468.845123,347.366028,0.951924
679,164.324768,164.250946,465.286560,353.571747,0.950258
679,455.936188,161.379211,488.879547,212.187576,0.517602
680,147.270889,165.143295,465.579529,358.929077,0.944430
680,459.647522,161.241440,487.838959,213.331680,0.641940
680,482.775452,163.494370,509.759613,199.979172,0.628854
681,134.977875,164.072433,458.894928,363.577393,0.954748
681,462.168213,161.285721,488.035736,212.436157,0.632495
681,483.222504,163.260788,509.768860,199.053482,0.598287
682,117.785278,163.283829,454.411224,368.568848,0.962686
682,462.698425,160.803467,488.279327,212.479385,0.672413
682,483.196594,163.473526,509.856598,199.346695,0.662657
682,397.710999,160.138412,474.078400,218.085510,0.520744
683,99.775215,163.100891,451.023499,368.628113,0.967304
683,482.493469,163.942856,510.142548,210.714523,0.658441
683,462.945862,161.200409,487.827789,212.398575,0.570521
683,397.817291,160.258286,473.685333,223.302094,0.554831
684,81.611328,163.207535,447.236786,370.266541,0.968197
684,482.891388,163.920029,510.165009,210.767532,0.685494
684,464.515259,161.424362,487.606262,212.483368,0.669389
684,405.018280,159.002060,473.036224,227.175354,0.613455
685,62.478107,163.231903,444.925415,370.322113,0.968007
685,405.817780,159.811157,472.992218,228.041168,0.759271
685,463.137299,161.238464,487.649780,212.517441,0.696822
685,483.081818,163.454208,510.199036,210.216415,0.656032
686,42.208439,163.725143,441.265045,370.390533,0.967630
686,405.759552,159.745850,472.338257,229.190079,0.707220
686,463.693176,161.357376,487.295166,212.744553,0.683111
686,483.237396,163.083313,510.020935,209.753693,0.535016
687,18.221901,163.255264,438.487457,370.901794,0.969552
687,402.669250,159.407532,472.355530,229.251663,0.797881
687,461.780731,161.144211,487.507904,212.301086,0.704212
687,482.637970,162.865570,510.339355,209.855316,0.640947
688,1.042287,163.275665,434.034302,368.602173,0.968567
688,402.688049,159.661285,472.474915,228.836761,0.782452
688,462.403656,161.269257,487.504791,212.200378,0.702230
689,0.841276,163.577393,430.648102,369.211090,0.967076
689,399.816376,159.644424,473.495819,228.539780,0.809278
689,462.895782,161.279083,487.102295,211.986923,0.676554
689,481.961426,162.957092,510.288361,210.141525,0.572378
690,0.783860,164.563858,427.668915,369.019531,0.965867
690,393.094818,158.923782,473.559814,228.903000,0.828267
690,462.946869,161.050751,501.994629,211.741333,0.687464
691,0.868136,164.272476,424.897705,369.457062,0.967085
691,389.802612,159.002640,472.950134,229.195129,0.812397
691,463.454376,161.287750,495.065125,211.888245,0.772127
692,1.198657,164.106186,421.983002,369.751617,0.966010
692,388.061157,158.799973,473.094391,228.565460,0.780987
692,461.782684,161.022324,487.764221,211.548798,0.635666
693,1.794982,163.326813,419.235748,369.189484,0.966345
693,388.837585,158.659729,472.792938,228.582703,0.817906
694,1.718720,163.279785,416.578583,369.268341,0.964818
694,387.598175,158.799423,474.858032,228.859558,0.801311
695,0.052899,162.490219,414.387878,369.905853,0.963964
695,386.111053,158.676758,470.010773,229.076645,0.828402
696,-0.225057,162.611221,411.750732,369.993164,0.962670
696,385.303772,159.081863,465.470459,224.894257,0.832697
696,508.514008,167.933929,536.965637,180.802750,0.672163
697,-0.084946,163.058472,409.258667,369.836182,0.962244
697,384.565491,158.846039,459.925690,227.186905,0.816972
697,512.915100,166.600922,541.035522,180.016922,0.712871
698,-0.232054,163.421509,408.757294,369.519562,0.962519
698,513.945801,166.537186,545.515442,179.527100,0.771329
698,385.029633,159.744873,458.222229,226.750488,0.739701
699,0.149207,163.221466,406.305420,370.062439,0.962314
699,518.265320,167.270996,550.006287,179.422775,0.733943
699,382.272949,159.639740,462.478699,224.356964,0.678787
700,-0.164097,163.719025,404.117004,369.920105,0.963314
700,519.909119,165.917953,555.418579,179.772598,0.783660
700,380.712952,159.750458,462.107483,225.245743,0.742713
700,455.868347,161.313629,488.546997,193.846848,0.541774
701,-0.311661,163.177414,402.157776,370.018677,0.964869
701,525.108459,166.183441,559.076233,178.957047,0.781695
701,379.639587,160.632721,457.101624,221.086258,0.731767
701,460.623383,161.001251,492.725403,210.237549,0.727299
702,-0.312604,163.612808,400.471436,369.666473,0.964757
702,530.088440,166.087723,559.564636,178.774780,0.784403
702,461.831970,161.189194,492.844604,213.574722,0.776456
702,378.877014,160.475708,456.635132,224.958313,0.665735
703,0.021795,163.728455,398.870728,369.647430,0.965271
703,534.144775,166.117905,561.617981,178.611588,0.793398
703,457.232117,161.562302,492.950928,212.094650,0.774172
704,-0.323783,163.988632,396.347443,369.862457,0.964934
704,539.111267,166.347366,562.161072,180.166306,0.799959
704,464.998199,162.049500,492.685730,212.786377,0.732420
705,0.160477,164.348495,394.485657,369.528320,0.962986
705,465.814209,162.757568,492.504089,212.461075,0.778610
705,544.476440,167.048630,561.349060,180.225784,0.708261
706,0.365290,164.185593,390.866302,369.284302,0.960978
706,464.590576,162.930878,492.354218,212.255157,0.769082
706,400.608826,161.838196,473.003021,228.206818,0.587013
707,0.242548,164.469696,387.509277,369.496582,0.959513
707,461.757385,163.365067,492.107452,212.562988,0.736964
707,392.207397,161.134872,471.372803,230.829910,0.643384
708,0.097798,164.549240,384.543091,369.017426,0.959461
708,461.353394,163.507568,491.786316,213.260818,0.726627
708,392.991455,161.017654,470.863434,229.653610,0.646444
709,0.202456,164.928436,381.393127,369.467712,0.963929
709,459.376373,163.952042,491.369843,213.795303,0.778455
709,397.971497,161.129013,470.716980,231.103729,0.664592
710,0.188463,166.341721,378.026855,369.288116,0.965782
710,461.389801,165.754623,491.554077,215.552017,0.793999
710,391.028839,162.649017,471.363129,233.023773,0.692865
711,0.691400,168.074951,373.703552,369.265411,0.965288
711,461.841400,167.982712,490.865356,217.968445,0.820421
711,390.904022,165.203964,470.828644,236.520081,0.713897
712,0.577936,169.239319,367.468048,369.288269,0.965305
712,458.291077,170.439423,490.347473,221.097046,0.790380
712,385.527039,167.701218,470.198547,238.760529,0.663847
713,0.596583,170.076004,363.109955,369.558441,0.962312
713,459.356689,172.671616,490.689575,223.288498,0.782508
714,-0.073767,171.442856,356.449310,369.175385,0.958561
714,460.159363,174.541916,489.988098,225.936829,0.794384
714,376.071716,171.743393,468.197052,245.077011,0.733702
715,-0.059591,173.362442,347.167450,369.666290,0.961600
715,458.658783,176.334747,489.941589,228.305527,0.807013
715,373.216827,173.748840,466.340118,247.136841,0.739125
716,0.260404,173.326065,336.942993,369.466766,0.962343
716,367.114716,174.328445,467.374207,248.620239,0.851927
716,460.973267,177.124924,490.519592,229.722397,0.831455
717,-0.021248,171.557220,335.343140,369.643494,0.962796
717,365.375427,174.675781,467.707916,249.933823,0.846371
717,458.410950,177.634506,490.674133,230.620407,0.802233
718,0.020776,169.472412,314.960297,369.907501,0.961709
718,462.412781,177.385727,491.750610,229.272705,0.807095
718,364.932892,173.815399,469.803711,250.288208,0.725909
719,-0.174303,170.895187,302.684235,369.199829,0.960123
719,462.464630,177.304596,493.338074,229.655167,0.807069
719,365.933258,174.047882,471.176331,250.885925,0.772878
720,0.000015,174.283447,284.159088,369.728851,0.961106
720,464.077667,177.067322,494.944122,231.287552,0.782870
720,365.488129,174.164444,472.201019,252.145386,0.698784
721,0.501918,176.732132,260.681152,369.528015,0.949731
721,465.499756,176.893936,496.263153,231.703415,0.763862
722,1.101391,179.559235,229.825836,369.044769,0.942267
722,468.045532,176.786514,498.898468,232.006332,0.714297
722,364.291962,173.464249,474.210846,254.247665,0.573914
723,0.165504,184.269974,197.604538,369.229614,0.945182
723,468.943512,176.271088,500.794434,231.226089,0.697565
723,363.870178,172.303192,476.204376,255.299225,0.659793
724,0.164203,192.009705,156.706619,369.631226,0.923203
724,469.641602,175.875610,502.523987,231.075806,0.728572
724,363.072693,172.031891,477.816925,256.088257,0.674604
725,0.177394,222.192032,104.239143,371.512482,0.868493
725,471.401337,175.970856,504.645874,232.677597,0.641123
726,470.747498,172.670502,506.042267,229.977829,0.731504
727,471.976379,165.577454,507.553619,223.671936,0.750411
728,474.812469,160.841888,508.436737,217.783203,0.744584
729,475.234528,158.441498,509.354614,216.882004,0.790467
729,358.903595,153.660126,482.201691,242.250443,0.701867
730,475.272461,156.810806,510.011475,215.808243,0.785165
731,474.741241,158.336609,511.754089,217.373581,0.746652
732,475.973083,161.317230,512.685547,219.805954,0.798347
733,477.713837,163.180496,512.274658,222.816299,0.765528
734,480.142090,164.083618,515.741333,224.040619,0.738395
735,482.839935,164.722031,517.339783,224.338425,0.775610
736,484.218292,165.101807,518.178772,225.106201,0.790249
737,486.847351,164.696518,521.227600,225.906418,0.781468
738,490.365448,164.873413,524.538757,224.889618,0.790108
738,555.510498,170.616684,578.641052,184.329758,0.671144
738,540.180054,172.433716,559.000854,191.610352,0.590520
739,556.162109,169.705933,589.731262,184.382660,0.777517
739,491.744415,164.811783,526.564148,225.671875,0.735029
740,561.071838,171.247574,600.919678,186.118652,0.649119
741,577.147461,172.781082,602.751892,188.363205,0.681814
741,497.959656,169.213211,533.973328,230.623352,0.649241
741,549.325684,179.890518,570.224365,196.313934,0.553752
742,587.909302,174.229401,612.036255,188.748672,0.673231
742,501.628693,170.556335,537.845337,231.716202,0.570665
742,555.326416,179.359406,575.299500,197.061813,0.568202
743,600.139893,174.806046,623.053772,189.924438,0.707102
743,505.944672,170.975403,540.980896,233.933182,0.661105
745,514.619507,172.583405,549.063293,235.978104,0.706378
746,518.708801,174.459351,551.959290,238.256577,0.595358
746,648.781677,176.707443,675.158020,202.925949,0.519176
747,523.765320,174.992157,557.595581,238.921066,0.703814
748,528.597900,175.598618,562.750977,241.394394,0.559799
749,665.938477,179.258881,691.124939,205.209335,0.535583
750,597.015076,178.835236,619.568909,201.589371,0.535981
751,678.228333,172.946014,705.507507,198.099121,0.700687
751,601.505432,174.336487,621.561462,196.597153,0.543841
752,681.753906,167.001297,709.080139,192.939835,0.680714
753,685.108582,164.459412,714.147461,190.263550,0.680832
753,548.593384,160.747131,581.153198,230.679871,0.537631
754,686.704895,164.309036,714.063110,190.065872,0.751145
755,549.692322,157.905548,579.267151,228.639465,0.588336
756,687.679749,164.208862,715.725098,190.004837,0.545055
756,547.801086,158.192505,580.061218,229.512512,0.544188
757,687.223328,164.747284,714.652039,190.210114,0.620465
759,684.192749,161.950455,712.968018,188.636047,0.541959
760,683.322571,161.566269,710.759766,188.780502,0.594119
762,680.339233,165.379135,711.701477,192.451263,0.503452
763,678.500793,165.524933,708.055176,194.068909,0.541509
764,676.212341,165.090775,709.663330,192.698532,0.553171
765,516.871948,156.785950,571.780457,235.756287,0.584317
767,669.332581,155.069153,704.521606,183.547821,0.520709
768,667.937195,155.457748,702.045837,184.393738,0.684748
769,667.018433,156.807358,697.328308,185.908005,0.600865
770,666.303650,156.594070,695.135010,185.162323,0.734481
770,653.609802,157.345276,671.539124,179.974579,0.557656
771,665.776489,155.444748,696.090088,185.146011,0.697742
771,652.368958,156.272507,670.896729,179.180222,0.504875
772,664.626099,154.689468,695.128784,185.549561,0.738739
773,663.520996,154.730560,693.069336,186.159805,0.680710
774,663.214966,156.994247,693.698608,188.034561,0.730732
775,662.909851,160.830139,694.353333,192.725952,0.668981
776,660.729980,164.094040,697.710205,195.651382,0.590791
777,659.998535,167.065338,692.032288,198.935593,0.693007
778,659.332825,174.129303,692.500916,206.285782,0.803673
779,658.202637,179.282700,693.291321,212.423019,0.782171
780,656.894958,182.853836,691.621460,215.782318,0.796108
781,655.635254,185.387650,691.054871,218.357697,0.748853
781,643.405701,187.535950,660.368225,211.242828,0.544429
782,654.260620,185.721237,689.010864,218.695831,0.834440
782,642.571289,187.894424,659.349243,212.031036,0.580248
783,653.448242,183.942917,689.130432,217.091949,0.807201
783,641.392090,186.763977,658.437012,209.515015,0.508357
784,652.712769,179.389969,687.859558,212.880997,0.742647
785,651.161316,174.698608,687.342651,208.830109,0.824074
786,649.655151,172.779037,685.776978,207.850632,0.783036
787,649.007324,173.061295,684.318787,208.323074,0.791054
788,648.053650,173.405701,683.928223,209.347748,0.786152
789,646.633606,174.006699,684.364441,209.665588,0.819625
790,0.527037,109.088646,223.057098,371.509644,0.853246
790,192.817459,158.485199,480.073944,369.712921,0.815837
790,644.979370,174.185028,683.550964,210.944168,0.780504
791,125.628174,156.389420,470.708344,368.609711,0.925785
791,0.220563,100.984474,132.299835,370.869537,0.875669
791,643.203125,172.993774,682.611694,210.068832,0.846483
792,61.176693,153.475327,462.258698,369.164154,0.968476
792,641.729065,172.763626,681.861267,210.538284,0.849904
793,4.285941,150.189743,451.366211,368.448547,0.966666
793,640.461670,172.297775,681.008484,210.590317,0.844798
794,0.450951,147.856506,440.104919,369.528564,0.962067
794,639.536560,171.537491,680.935730,209.943970,0.859945
794,624.512634,175.474045,644.017090,199.747696,0.509723
795,0.895270,146.100128,426.185791,370.103790,0.964749
795,637.590332,170.491760,681.125793,209.527298,0.830477
796,-0.307737,144.506622,412.464722,369.797241,0.938811
796,637.018921,170.023010,680.450378,209.914536,0.821751
797,0.084870,139.284454,395.800079,369.605652,0.944498
797,636.243408,169.515732,681.411926,210.569946,0.830650
798,-0.230776,135.212631,377.325775,368.981567,0.962130
798,636.451965,168.274475,681.299866,210.137253,0.825880
799,0.100627,127.407097,356.153687,369.479523,0.953787
799,636.770508,167.414505,682.793823,209.476135,0.854906
800,0.052823,121.132851,329.941681,369.032532,0.945133
800,638.703369,166.397964,685.384521,209.341888,0.846604
801,640.305664,166.157028,688.371277,209.856293,0.873721
801,0.505690,113.317871,299.231049,368.914337,0.722035
802,643.700317,166.018738,692.903992,210.776642,0.867891
802,0.516413,109.305107,261.712128,368.576385,0.720042
803,648.195557,166.421478,697.876343,212.474731,0.876755
803,0.581031,108.476624,210.702087,369.473419,0.775851
803,627.844177,169.854065,652.146790,199.113388,0.623688
804,651.754578,167.483810,702.710266,213.662491,0.871596
805,656.402893,166.400803,708.463928,213.949982,0.887616
806,660.133179,164.571030,714.564392,213.861420,0.869538
807,664.481873,164.037613,719.902039,213.970764,0.874453
808,668.523438,163.365768,726.140747,215.269058,0.903669
809,672.225037,163.004791,730.220032,215.755676,0.869244
810,675.357605,163.199265,735.640259,217.860535,0.896910
811,677.987000,163.344070,739.458313,219.320221,0.847697
812,679.521545,163.065704,743.581665,220.744781,0.840656
813,681.323547,164.799805,746.172852,223.480652,0.842739
814,682.435913,167.874298,751.707886,227.721451,0.839602
815,684.080322,170.044968,755.403503,230.553101,0.849345
816,686.461182,170.307587,759.314331,233.817322,0.899355
817,688.386475,169.031540,762.679749,234.147430,0.884535
818,689.214844,167.041885,767.729675,233.680847,0.908672
819,690.829895,164.413910,771.858398,233.852921,0.910240
820,692.337524,165.291550,776.917053,236.771317,0.923683
821,694.155273,165.105438,781.109192,239.208908,0.916233
822,696.024414,164.852020,786.051514,241.489380,0.931418
823,697.534912,164.343719,791.438782,243.756058,0.938350
824,699.012512,164.927704,797.750854,247.791458,0.933205
825,701.370361,165.734695,804.071960,250.837799,0.928113
826,703.878906,165.204926,812.294250,253.755020,0.933087
827,705.521729,164.917618,820.938293,257.549774,0.936207
828,708.552124,163.604202,828.561829,260.731750,0.918491
829,711.607422,162.046661,835.844116,264.395355,0.932867
830,714.925293,161.022980,844.619873,267.898743,0.942963
831,717.335632,160.406494,861.517334,272.453033,0.939057
832,722.072144,159.986298,873.159180,278.433624,0.941376
833,726.222412,158.981216,887.445251,283.796753,0.943351
834,731.113403,156.910416,905.927917,289.539215,0.937710
835,736.760742,155.898834,927.882935,296.337677,0.926538
836,743.253662,154.335312,951.204224,304.709778,0.939675
837,750.962036,152.410950,976.929810,314.496124,0.932333
838,759.551880,150.393097,1009.233459,323.774048,0.931959
839,769.202820,147.923431,1045.979004,336.018311,0.935282
840,779.041443,145.919327,1094.820801,351.103363,0.904350
841,793.570374,141.364578,1148.905396,365.645660,0.890907
842,807.606506,135.967270,1214.654175,370.705078,0.863778
843,822.614380,132.740036,1237.254028,370.317963,0.854241
844,839.804077,131.071045,1236.941162,369.986969,0.937168
845,859.637756,131.682404,1236.701172,370.378662,0.947396
846,881.444397,134.697754,1236.456543,369.989960,0.970613
847,906.014282,140.407425,1236.310791,369.294922,0.960365
848,934.332825,144.363983,1236.465454,370.008087,0.958565
849,966.401367,155.597900,1237.063354,370.174072,0.921480
850,1002.586609,188.159103,1236.620605,370.350586,0.936686
851,1050.345825,280.357788,1236.719482,371.342926,0.843546
935,0.042338,223.341003,34.629208,290.649933,0.751067
936,0.074139,219.403336,85.885635,302.452759,0.885596
937,0.128552,195.268890,136.176743,313.603516,0.912402
938,0.708671,179.169113,185.495468,309.079742,0.935392
939,0.111722,177.764526,233.888885,305.164581,0.937701
940,3.130297,175.990829,280.868530,302.756195,0.932696
941,-0.430859,174.432968,329.326965,311.461670,0.945943
942,4.639490,174.460709,375.651947,308.699890,0.947162
943,68.120384,172.663239,419.438263,304.294708,0.930609
944,126.711365,171.017746,464.851685,300.327545,0.938158
945,181.835617,169.693863,509.061066,297.375854,0.944085
946,237.363297,168.881287,553.773987,293.917755,0.944472
947,288.998383,167.976212,598.009827,291.664856,0.943899
948,339.539062,167.366425,637.414856,289.276428,0.941735
949,385.793182,167.666214,669.706360,286.797302,0.937167
950,429.805695,166.755066,665.215210,285.397766,0.928394
951,478.181854,166.407623,757.719238,283.545471,0.906454
952,514.242859,165.937439,794.643188,280.134247,0.942366
953,547.142883,164.810440,831.333252,273.388550,0.901140
954,580.301392,164.665878,839.083435,277.020996,0.930985
955,625.012146,162.965790,898.777649,274.924042,0.892907
956,655.415344,161.131592,936.158020,273.965271,0.929319
957,689.613770,162.630371,965.049622,272.138702,0.928985
958,724.541199,162.296478,996.207825,267.951447,0.924844
959,784.563965,162.018082,1026.352173,266.740997,0.908453
960,783.751099,161.903809,1053.802734,265.911041,0.927895
961,810.697388,161.359955,1064.420288,265.968994,0.929674
962,839.361816,160.653442,1066.635010,265.818024,0.933734
963,864.899780,159.409500,1069.076172,265.641327,0.930347
964,889.479004,157.412308,1073.371338,263.699738,0.926453
965,915.924622,156.851288,1078.083374,261.378235,0.747981
966,938.072998,156.779922,1080.101685,260.767029,0.794056
967,960.565674,156.965073,1218.563354,259.633392,0.852787
968,982.636963,157.572998,1088.632080,256.687195,0.779647
969,1002.395874,157.196930,1093.738647,247.148590,0.844803
970,1026.033203,156.359512,1098.059326,225.172394,0.877092
970,0.065394,243.696854,58.734177,311.672241,0.856333
971,0.163063,222.403137,114.776207,327.500702,0.938346
971,1042.955811,154.075821,1237.239502,249.889755,0.735572
971,1044.944336,155.640106,1102.245239,214.130600,0.732912
972,0.369199,208.656464,169.801971,324.120819,0.944353
972,1059.977417,156.896545,1107.907227,226.113098,0.834702
972,1059.888062,154.725403,1237.662354,248.173340,0.703181
973,-0.191649,205.498169,224.741928,322.210419,0.936828
973,1077.298462,157.042908,1115.335938,226.541443,0.791900
974,0.396356,204.675858,235.663452,322.897430,0.921414
974,1093.687988,167.695572,1122.421875,242.600189,0.716168
975,4.256709,204.698135,333.410950,334.785034,0.957070
976,69.346085,204.873016,384.752136,327.993896,0.946536
977,141.992676,202.911011,429.595123,325.731018,0.889155
978,193.141968,199.793060,490.590088,325.615997,0.952557
979,250.509567,197.182083,540.178223,319.859924,0.960022
980,309.488922,194.934418,589.952087,309.049347,0.936330
981,364.838104,194.552933,639.515137,314.308716,0.944185
982,415.149506,192.945969,686.059204,312.167725,0.951471
983,466.491394,191.936783,731.519592,310.214050,0.949439
984,513.449280,191.621918,774.156860,307.340729,0.944601
985,557.921143,188.818466,815.247437,303.876038,0.942004
986,598.659851,188.176727,853.171997,302.065063,0.938208
987,640.319214,189.343750,888.909058,301.510132,0.942281
988,675.364258,189.751617,921.930359,300.035187,0.937472
989,708.708008,188.749557,953.656921,296.579224,0.945951
990,739.777527,187.608398,983.731628,294.390594,0.941768
991,767.908264,187.386047,1007.785522,292.881012,0.945975
992,794.730774,185.944702,1032.005005,289.694733,0.946310
993,818.034485,186.431564,1054.197876,287.703461,0.949452
994,840.598877,185.974289,1074.006104,286.598572,0.949763
995,861.203552,184.273499,1091.694580,285.015167,0.946237
996,879.655029,183.821838,1108.672241,283.257294,0.947439
997,896.060425,183.508331,1123.363403,281.895325,0.945825
998,912.200317,183.299210,1136.993042,280.875916,0.946499
999,925.662537,182.550659,1149.370850,279.468994,0.948033
1000,938.456055,182.349716,1146.087646,278.320251,0.940802
1001,949.505249,182.798279,1130.260742,277.444641,0.937266
1002,958.628113,182.221390,1122.079956,276.838623,0.941074
1003,966.770752,182.053894,1104.434570,276.643097,0.841485
1005,979.043030,181.111694,1174.550171,268.656464,0.916023
1006,983.637390,182.088120,1174.591431,272.805450,0.924296
1007,986.582764,181.393967,1174.576538,273.814850,0.935620
1008,1021.004211,181.739563,1174.351440,273.654755,0.901759
1009,1011.891479,181.513199,1174.467163,273.862885,0.934423
1010,1000.874146,181.236649,1174.697510,273.909698,0.937563
1011,995.679077,180.584518,1174.732788,273.640686,0.939826
1012,996.062561,180.487137,1174.638184,273.593475,0.940933
1013,995.697693,180.626923,1174.903320,273.439240,0.941770
1014,995.290955,180.974716,1174.806396,273.663574,0.940810
1015,995.616516,180.892395,1174.595581,273.512848,0.941411
1016,995.542725,180.827942,1174.627930,273.597748,0.940251
1017,995.566711,180.797455,1174.589111,273.566467,0.940904
1018,995.515015,180.861679,1174.581421,273.559235,0.940565
1019,995.246887,181.045731,1174.931274,273.410309,0.940353
1020,995.425537,180.826202,1174.756470,273.629395,0.940922
1021,995.367859,181.129761,1174.935181,273.566589,0.939979
1022,995.321899,181.093170,1174.881348,273.469482,0.939774
1023,995.315613,181.209579,1174.724243,273.474365,0.939834
1024,995.374695,180.946655,1174.722046,273.503143,0.939997
1025,995.360535,181.052673,1174.816406,273.429016,0.939166
1026,995.304382,181.237686,1174.844116,273.496277,0.939945
1027,995.293091,181.037155,1174.943115,273.408051,0.940305
1028,995.393921,181.114029,1174.935669,273.468475,0.939719
1029,995.304382,181.170975,1174.938843,273.414062,0.940345
1030,995.381226,181.135544,1174.875244,273.503510,0.940265
1031,995.213501,181.074142,1174.887573,273.527466,0.939979
1032,995.288818,181.054047,1174.812988,273.468872,0.939141
1033,995.311951,181.016983,1174.865112,273.379547,0.940248
1034,995.304749,181.112778,1174.845947,273.537170,0.940086
1035,995.386230,181.022980,1174.942749,273.371002,0.940684
1036,995.263733,181.098419,1174.772583,273.428497,0.940410
1037,995.328064,181.235519,1174.734131,273.545685,0.940196
1038,995.345337,181.156876,1174.816040,273.469055,0.939741
1039,995.456665,181.312027,1174.792114,273.606812,0.939410
1040,995.452698,181.049683,1174.781250,273.506775,0.938919
1041,995.347900,181.014053,1174.738525,273.418365,0.939166
1042,995.320557,181.175064,1174.737427,273.515961,0.939351
1043,995.413391,181.120697,1174.830078,273.433746,0.939437
1044,995.348877,181.216370,1174.668823,273.504669,0.939061
1045,995.273193,181.406693,1174.667236,273.484406,0.939697
1046,995.188721,181.357925,1174.742188,273.770752,0.939934
1047,995.104431,181.615143,1175.030640,273.999847,0.940978
1048,995.188843,181.778580,1175.238770,274.203094,0.941307
1049,995.653564,182.404541,1175.205078,275.066711,0.940394
1050,995.842407,182.790100,1175.898804,275.522247,0.940517
1051,996.053528,182.912048,1176.899414,275.772797,0.941254
1052,996.580444,183.184128,1178.182129,276.301880,0.940537
1053,996.938721,183.303299,1179.827881,276.587067,0.941131
1054,997.198792,183.336014,1181.659424,277.008331,0.941972
1055,997.800293,183.998505,1182.802124,277.757446,0.941917
1056,998.264709,184.494949,1185.624023,278.065826,0.940335
1057,999.074341,184.714447,1188.717163,278.550842,0.941667
1058,999.819580,185.098511,1191.151611,279.449219,0.942680
