0,2,203.00,183.00,278.00,216.00,0.760
0,2,91.00,172.00,220.00,222.00,0.925
0,2,1.00,180.00,111.00,233.00,0.951
1,2,186.00,180.00,274.00,217.00,0.810
1,2,0.00,180.00,80.00,237.00,0.923
1,2,60.00,172.00,199.00,227.00,0.944
2,2,0.00,184.00,39.00,242.00,0.841
2,2,162.00,181.00,256.00,220.00,0.913
2,2,20.00,173.00,176.00,233.00,0.923
3,2,0.00,171.00,150.00,237.00,0.918
3,2,139.00,180.00,238.00,223.00,0.926
4,2,110.00,180.00,218.00,227.00,0.937
4,2,0.00,172.00,119.00,241.00,0.953
5,2,0.00,171.00,87.00,245.00,0.914
5,2,77.00,182.00,195.00,228.00,0.936
6,2,0.00,170.00,46.00,242.00,0.896
6,2,41.00,176.00,173.00,229.00,0.938
7,2,3.00,177.00,146.00,231.00,0.932
8,2,1.00,179.00,117.00,233.00,0.926
9,2,1.00,175.00,88.00,235.00,0.865
10,2,719.00,174.00,734.00,185.00,0.302
12,2,716.00,177.00,731.00,188.00,0.493
13,2,716.00,175.00,732.00,187.00,0.743
14,2,717.00,173.00,731.00,184.00,0.462
15,2,0.00,139.00,59.00,252.00,0.367
15,2,715.00,171.00,731.00,183.00,0.584
16,2,713.00,171.00,731.00,183.00,0.710
17,2,712.00,173.00,728.00,185.00,0.719
18,2,711.00,173.00,728.00,185.00,0.703
19,2,709.00,171.00,726.00,184.00,0.784
20,2,709.00,170.00,726.00,182.00,0.795
21,2,708.00,170.00,724.00,182.00,0.777
22,2,709.00,172.00,725.00,185.00,0.770
23,2,708.00,172.00,724.00,185.00,0.768
24,2,710.00,174.00,724.00,186.00,0.706
25,2,710.00,176.00,727.00,189.00,0.777
26,2,711.00,178.00,729.00,192.00,0.833
27,2,710.00,175.00,729.00,191.00,0.817
28,2,713.00,175.00,730.00,188.00,0.740
29,2,609.00,171.00,628.00,185.00,0.335
29,2,714.00,171.00,731.00,185.00,0.773
30,2,714.00,170.00,731.00,184.00,0.836
31,2,714.00,170.00,733.00,185.00,0.833
32,2,601.00,171.00,621.00,184.00,0.433
32,2,715.00,171.00,734.00,186.00,0.827
33,2,598.00,172.00,621.00,186.00,0.733
33,2,717.00,173.00,736.00,187.00,0.736
34,2,595.00,173.00,621.00,187.00,0.574
34,2,718.00,171.00,738.00,187.00,0.881
35,2,591.00,172.00,615.00,188.00,0.775
35,2,718.00,172.00,737.00,188.00,0.853
36,2,718.00,170.00,737.00,186.00,0.829
36,2,588.00,170.00,612.00,186.00,0.830
37,2,583.00,170.00,608.00,185.00,0.754
37,2,718.00,169.00,738.00,186.00,0.864
38,2,718.00,170.00,738.00,188.00,0.859
38,2,579.00,172.00,604.00,187.00,0.866
39,2,875.00,160.00,912.00,175.00,0.263
39,2,717.00,172.00,737.00,188.00,0.796
39,2,572.00,172.00,600.00,188.00,0.831
40,2,567.00,171.00,596.00,187.00,0.838
40,2,717.00,171.00,737.00,189.00,0.841
41,2,717.00,171.00,738.00,189.00,0.850
41,2,561.00,171.00,590.00,187.00,0.857
42,2,717.00,172.00,738.00,190.00,0.836
42,2,554.00,171.00,586.00,189.00,0.889
43,2,551.00,172.00,580.00,188.00,0.715
43,2,717.00,173.00,737.00,190.00,0.822
44,2,717.00,174.00,737.00,191.00,0.807
44,2,542.00,175.00,573.00,191.00,0.815
45,2,716.00,175.00,738.00,192.00,0.839
45,2,535.00,175.00,570.00,193.00,0.881
46,2,880.00,167.00,925.00,182.00,0.331
46,2,717.00,175.00,739.00,194.00,0.837
46,2,527.00,178.00,563.00,195.00,0.843
47,2,520.00,177.00,556.00,196.00,0.880
47,2,716.00,176.00,740.00,195.00,0.881
48,2,511.00,177.00,550.00,197.00,0.867
48,2,717.00,176.00,740.00,194.00,0.881
49,2,888.00,165.00,931.00,182.00,0.597
49,2,501.00,177.00,542.00,199.00,0.876
49,2,716.00,175.00,740.00,195.00,0.895
50,2,833.00,168.00,873.00,183.00,0.286
50,2,892.00,163.00,936.00,180.00,0.688
50,2,491.00,176.00,535.00,199.00,0.810
50,2,714.00,173.00,740.00,196.00,0.917
51,2,889.00,165.00,934.00,180.00,0.795
51,2,480.00,176.00,527.00,199.00,0.851
51,2,714.00,173.00,739.00,196.00,0.916
52,2,829.00,166.00,870.00,182.00,0.511
52,2,888.00,166.00,932.00,181.00,0.805
52,2,466.00,176.00,516.00,200.00,0.893
52,2,712.00,173.00,738.00,196.00,0.918
53,2,829.00,169.00,870.00,183.00,0.611
53,2,888.00,166.00,929.00,181.00,0.831
53,2,451.00,178.00,504.00,203.00,0.875
53,2,710.00,174.00,738.00,197.00,0.912
54,2,827.00,168.00,863.00,182.00,0.613
54,2,887.00,165.00,929.00,180.00,0.777
54,2,437.00,178.00,493.00,204.00,0.888
54,2,709.00,174.00,737.00,197.00,0.913
55,2,825.00,167.00,867.00,181.00,0.486
55,2,884.00,165.00,931.00,181.00,0.810
55,2,708.00,174.00,736.00,198.00,0.915
55,2,423.00,176.00,480.00,205.00,0.920
56,2,825.00,168.00,866.00,182.00,0.727
56,2,887.00,165.00,929.00,181.00,0.832
56,2,707.00,174.00,736.00,198.00,0.913
56,2,401.00,177.00,467.00,207.00,0.914
57,2,826.00,168.00,873.00,183.00,0.602
57,2,882.00,165.00,929.00,181.00,0.856
57,2,705.00,174.00,734.00,198.00,0.912
57,2,384.00,178.00,452.00,210.00,0.913
58,2,821.00,169.00,864.00,183.00,0.561
58,2,887.00,164.00,934.00,180.00,0.828
58,2,363.00,180.00,436.00,215.00,0.921
58,2,703.00,175.00,735.00,201.00,0.923
59,2,749.00,173.00,786.00,186.00,0.268
59,2,795.00,173.00,836.00,187.00,0.338
59,2,823.00,171.00,866.00,186.00,0.717
59,2,882.00,168.00,930.00,183.00,0.720
59,2,701.00,176.00,734.00,202.00,0.911
59,2,338.00,180.00,418.00,218.00,0.944
60,2,819.00,169.00,862.00,183.00,0.715
60,2,883.00,166.00,931.00,182.00,0.784
60,2,699.00,175.00,732.00,202.00,0.891
60,2,312.00,178.00,400.00,219.00,0.935
61,2,1032.00,158.00,1089.00,181.00,0.408
61,2,984.00,166.00,1033.00,184.00,0.539
61,2,698.00,174.00,731.00,202.00,0.840
61,2,879.00,163.00,930.00,182.00,0.851
61,2,818.00,170.00,864.00,186.00,0.858
61,2,279.00,178.00,378.00,221.00,0.926
62,2,983.00,163.00,1029.00,180.00,0.430
62,2,1038.00,159.00,1097.00,178.00,0.584
62,2,817.00,169.00,862.00,185.00,0.720
62,2,696.00,173.00,730.00,202.00,0.811
62,2,881.00,165.00,929.00,181.00,0.839
62,2,242.00,178.00,355.00,225.00,0.931
63,2,1042.00,160.00,1098.00,178.00,0.734
63,2,811.00,166.00,856.00,182.00,0.739
63,2,695.00,172.00,732.00,203.00,0.821
63,2,882.00,163.00,936.00,180.00,0.880
63,2,203.00,177.00,328.00,229.00,0.940
64,2,749.00,170.00,791.00,186.00,0.379
64,2,808.00,167.00,848.00,182.00,0.719
64,2,1052.00,158.00,1104.00,178.00,0.752
64,2,884.00,163.00,935.00,179.00,0.867
64,2,694.00,172.00,731.00,203.00,0.874
64,2,152.00,178.00,299.00,235.00,0.960
65,2,800.00,170.00,843.00,185.00,0.699
65,2,1051.00,159.00,1112.00,181.00,0.859
65,2,883.00,164.00,933.00,180.00,0.866
65,2,695.00,174.00,734.00,207.00,0.908
65,2,92.00,181.00,265.00,247.00,0.956
66,2,748.00,169.00,793.00,189.00,0.466
66,2,989.00,165.00,1040.00,183.00,0.516
66,2,792.00,170.00,839.00,186.00,0.659
66,2,888.00,165.00,936.00,181.00,0.843
66,2,1054.00,159.00,1116.00,182.00,0.856
66,2,18.00,185.00,221.00,259.00,0.929
66,2,695.00,175.00,735.00,208.00,0.931
67,2,800.00,167.00,844.00,182.00,0.677
67,2,884.00,162.00,937.00,181.00,0.848
67,2,1058.00,157.00,1119.00,179.00,0.866
67,2,696.00,174.00,738.00,208.00,0.929
67,2,0.00,185.00,174.00,269.00,0.945
68,2,785.00,165.00,840.00,181.00,0.455
68,2,886.00,161.00,941.00,179.00,0.797
68,2,1060.00,155.00,1123.00,178.00,0.839
68,2,0.00,187.00,119.00,272.00,0.913
68,2,696.00,172.00,739.00,207.00,0.930
69,2,1074.00,153.00,1133.00,176.00,0.627
69,2,0.00,187.00,33.00,276.00,0.638
69,2,784.00,167.00,837.00,184.00,0.648
69,2,883.00,160.00,940.00,178.00,0.863
69,2,696.00,171.00,742.00,208.00,0.935
70,2,778.00,165.00,832.00,184.00,0.437
70,2,1115.00,150.00,1169.00,172.00,0.472
70,2,1076.00,154.00,1135.00,175.00,0.694
70,2,885.00,159.00,942.00,179.00,0.845
70,2,697.00,171.00,745.00,209.00,0.940
71,2,391.00,176.00,439.00,193.00,0.265
71,2,584.00,172.00,606.00,184.00,0.456
71,2,1080.00,153.00,1145.00,178.00,0.838
71,2,886.00,160.00,941.00,179.00,0.868
71,2,697.00,172.00,747.00,211.00,0.943
72,2,605.00,172.00,629.00,185.00,0.299
72,2,585.00,173.00,609.00,185.00,0.357
72,2,389.00,178.00,432.00,195.00,0.534
72,2,892.00,162.00,948.00,179.00,0.820
72,2,1088.00,152.00,1154.00,178.00,0.844
72,2,699.00,173.00,751.00,213.00,0.938
73,2,751.00,171.00,804.00,190.00,0.381
73,2,385.00,180.00,430.00,196.00,0.427
73,2,580.00,175.00,603.00,188.00,0.560
73,2,895.00,163.00,949.00,181.00,0.804
73,2,1090.00,153.00,1164.00,181.00,0.895
73,2,702.00,175.00,755.00,217.00,0.937
74,2,587.00,177.00,609.00,187.00,0.259
74,2,598.00,177.00,624.00,188.00,0.285
74,2,577.00,177.00,601.00,189.00,0.338
74,2,745.00,172.00,800.00,190.00,0.480
74,2,375.00,180.00,424.00,200.00,0.765
74,2,887.00,163.00,945.00,184.00,0.798
74,2,1097.00,153.00,1166.00,181.00,0.904
74,2,703.00,175.00,762.00,219.00,0.938
75,2,758.00,170.00,811.00,194.00,0.291
75,2,778.00,168.00,826.00,196.00,0.370
75,2,705.00,168.00,741.00,191.00,0.409
75,2,604.00,176.00,627.00,188.00,0.429
75,2,738.00,172.00,783.00,189.00,0.516
75,2,887.00,160.00,946.00,185.00,0.612
75,2,578.00,176.00,602.00,189.00,0.744
75,2,371.00,180.00,424.00,201.00,0.836
75,2,1102.00,153.00,1177.00,180.00,0.862
75,2,706.00,177.00,766.00,221.00,0.962
76,2,600.00,175.00,632.00,187.00,0.359
76,2,707.00,169.00,736.00,186.00,0.411
76,2,577.00,176.00,601.00,188.00,0.450
76,2,743.00,167.00,797.00,186.00,0.563
76,2,877.00,162.00,945.00,183.00,0.737
76,2,367.00,182.00,416.00,201.00,0.810
76,2,1115.00,152.00,1186.00,180.00,0.860
76,2,708.00,175.00,772.00,221.00,0.951
77,2,750.00,165.00,804.00,189.00,0.375
77,2,735.00,166.00,782.00,183.00,0.512
77,2,600.00,171.00,623.00,185.00,0.536
77,2,858.00,166.00,912.00,184.00,0.574
77,2,574.00,172.00,599.00,185.00,0.647
77,2,367.00,178.00,416.00,197.00,0.777
77,2,876.00,163.00,937.00,182.00,0.791
77,2,1115.00,151.00,1193.00,181.00,0.925
77,2,711.00,173.00,777.00,222.00,0.928
78,2,726.00,164.00,781.00,186.00,0.555
78,2,572.00,171.00,598.00,184.00,0.627
78,2,598.00,170.00,621.00,183.00,0.649
78,2,874.00,161.00,934.00,180.00,0.817
78,2,360.00,175.00,412.00,196.00,0.868
78,2,1125.00,150.00,1200.00,179.00,0.914
78,2,712.00,171.00,784.00,224.00,0.938
79,2,709.00,166.00,738.00,183.00,0.269
79,2,723.00,165.00,783.00,189.00,0.571
79,2,573.00,172.00,601.00,185.00,0.617
79,2,599.00,171.00,622.00,185.00,0.751
79,2,360.00,176.00,412.00,197.00,0.796
79,2,866.00,166.00,927.00,185.00,0.831
79,2,1132.00,153.00,1206.00,181.00,0.858
79,2,713.00,174.00,789.00,227.00,0.947
80,2,708.00,171.00,749.00,189.00,0.574
80,2,598.00,175.00,621.00,187.00,0.620
80,2,717.00,168.00,780.00,190.00,0.636
80,2,570.00,174.00,594.00,188.00,0.646
80,2,359.00,180.00,412.00,200.00,0.793
80,2,1135.00,155.00,1218.00,183.00,0.856
80,2,865.00,166.00,927.00,185.00,0.868
80,2,715.00,175.00,794.00,231.00,0.938
81,2,566.00,175.00,590.00,189.00,0.575
81,2,597.00,174.00,622.00,187.00,0.631
81,2,702.00,169.00,765.00,192.00,0.731
81,2,861.00,166.00,924.00,187.00,0.844
81,2,366.00,181.00,414.00,200.00,0.874
81,2,1142.00,155.00,1225.00,184.00,0.883
81,2,719.00,177.00,803.00,235.00,0.945
82,2,605.00,174.00,643.00,187.00,0.271
82,2,593.00,175.00,623.00,187.00,0.605
82,2,565.00,176.00,590.00,189.00,0.738
82,2,691.00,171.00,751.00,193.00,0.783
82,2,860.00,167.00,920.00,188.00,0.838
82,2,357.00,180.00,417.00,202.00,0.880
82,2,1150.00,157.00,1230.00,185.00,0.902
82,2,721.00,178.00,810.00,238.00,0.956
83,2,754.00,169.00,823.00,191.00,0.304
83,2,607.00,175.00,645.00,188.00,0.473
83,2,595.00,175.00,624.00,188.00,0.555
83,2,564.00,176.00,587.00,190.00,0.705
83,2,839.00,168.00,910.00,191.00,0.768
83,2,681.00,171.00,745.00,193.00,0.837
83,2,1151.00,155.00,1237.00,187.00,0.877
83,2,361.00,180.00,419.00,201.00,0.889
83,2,724.00,178.00,819.00,242.00,0.953
84,2,604.00,173.00,642.00,188.00,0.253
84,2,743.00,165.00,825.00,189.00,0.305
84,2,595.00,175.00,622.00,188.00,0.587
84,2,563.00,176.00,588.00,190.00,0.602
84,2,835.00,166.00,909.00,192.00,0.764
84,2,1157.00,153.00,1240.00,187.00,0.896
84,2,366.00,180.00,420.00,202.00,0.904
84,2,673.00,171.00,738.00,193.00,0.904
84,2,727.00,177.00,831.00,243.00,0.952
85,2,604.00,174.00,634.00,189.00,0.287
85,2,594.00,175.00,621.00,188.00,0.526
85,2,831.00,165.00,906.00,191.00,0.694
85,2,562.00,176.00,586.00,191.00,0.706
85,2,369.00,182.00,420.00,202.00,0.879
85,2,663.00,170.00,729.00,194.00,0.884
85,2,1158.00,153.00,1241.00,189.00,0.914
85,2,732.00,178.00,839.00,248.00,0.957
86,2,568.00,176.00,595.00,189.00,0.253
86,2,604.00,174.00,631.00,188.00,0.324
86,2,588.00,176.00,610.00,189.00,0.603
86,2,823.00,166.00,897.00,193.00,0.647
86,2,560.00,177.00,583.00,190.00,0.706
86,2,984.00,165.00,1059.00,189.00,0.840
86,2,650.00,170.00,721.00,195.00,0.866
86,2,370.00,181.00,425.00,202.00,0.877
86,2,1162.00,152.00,1242.00,188.00,0.884
86,2,736.00,178.00,851.00,252.00,0.954
87,2,606.00,175.00,627.00,188.00,0.391
87,2,811.00,165.00,894.00,191.00,0.654
87,2,590.00,177.00,610.00,189.00,0.659
87,2,557.00,178.00,578.00,190.00,0.731
87,2,1166.00,157.00,1239.00,189.00,0.785
87,2,982.00,163.00,1064.00,189.00,0.839
87,2,373.00,182.00,429.00,202.00,0.876
87,2,643.00,171.00,710.00,196.00,0.901
87,2,740.00,178.00,862.00,257.00,0.952
88,2,607.00,176.00,634.00,189.00,0.300
88,2,630.00,175.00,669.00,194.00,0.338
88,2,590.00,176.00,611.00,188.00,0.646
88,2,973.00,165.00,1048.00,189.00,0.676
88,2,556.00,177.00,577.00,190.00,0.724
88,2,808.00,165.00,887.00,189.00,0.745
88,2,631.00,170.00,698.00,196.00,0.886
88,2,378.00,180.00,435.00,202.00,0.893
88,2,1169.00,152.00,1241.00,189.00,0.912
88,2,743.00,179.00,875.00,260.00,0.939
89,2,611.00,174.00,654.00,192.00,0.303
89,2,587.00,175.00,612.00,189.00,0.607
89,2,806.00,164.00,882.00,188.00,0.748
89,2,555.00,177.00,578.00,190.00,0.757
89,2,972.00,162.00,1053.00,188.00,0.826
89,2,617.00,170.00,686.00,196.00,0.888
89,2,1166.00,151.00,1242.00,188.00,0.913
89,2,378.00,180.00,438.00,202.00,0.916
89,2,748.00,178.00,888.00,266.00,0.945
90,2,821.00,163.00,891.00,183.00,0.277
90,2,596.00,174.00,634.00,192.00,0.341
90,2,0.00,184.00,19.00,231.00,0.346
90,2,18.00,187.00,112.00,221.00,0.635
90,2,584.00,173.00,609.00,189.00,0.640
90,2,801.00,164.00,874.00,191.00,0.678
90,2,554.00,176.00,574.00,190.00,0.745
90,2,607.00,170.00,677.00,198.00,0.877
90,2,968.00,162.00,1045.00,189.00,0.889
90,2,1171.00,152.00,1242.00,186.00,0.897
90,2,380.00,180.00,443.00,203.00,0.912
90,2,752.00,179.00,904.00,270.00,0.954
91,2,9.00,187.00,104.00,224.00,0.346
91,2,585.00,175.00,611.00,191.00,0.564
91,2,791.00,164.00,873.00,190.00,0.680
91,2,553.00,176.00,575.00,190.00,0.748
91,2,593.00,171.00,664.00,198.00,0.879
91,2,383.00,179.00,452.00,204.00,0.891
91,2,1172.00,151.00,1241.00,189.00,0.902
91,2,965.00,163.00,1045.00,190.00,0.910
91,2,758.00,176.00,920.00,277.00,0.930
92,2,3.00,187.00,93.00,224.00,0.566
92,2,579.00,177.00,617.00,195.00,0.683
92,2,241.00,181.00,296.00,207.00,0.687
92,2,549.00,176.00,574.00,190.00,0.774
92,2,779.00,165.00,857.00,189.00,0.777
92,2,584.00,171.00,654.00,200.00,0.803
92,2,389.00,180.00,457.00,203.00,0.882
92,2,1170.00,151.00,1242.00,189.00,0.911
92,2,972.00,163.00,1054.00,190.00,0.914
92,2,760.00,177.00,937.00,285.00,0.923
93,2,837.00,169.00,920.00,215.00,0.355
93,2,2.00,189.00,88.00,226.00,0.367
93,2,897.00,163.00,993.00,189.00,0.430
93,2,567.00,178.00,600.00,196.00,0.663
93,2,239.00,181.00,299.00,208.00,0.682
93,2,548.00,176.00,574.00,190.00,0.760
93,2,962.00,163.00,1046.00,191.00,0.829
93,2,569.00,172.00,640.00,200.00,0.846
93,2,769.00,165.00,848.00,191.00,0.859
93,2,394.00,179.00,468.00,204.00,0.897
93,2,1168.00,150.00,1242.00,189.00,0.905
93,2,764.00,179.00,955.00,290.00,0.942
94,2,591.00,172.00,638.00,193.00,0.629
94,2,545.00,176.00,573.00,192.00,0.635
94,2,555.00,172.00,631.00,201.00,0.804
94,2,235.00,181.00,297.00,209.00,0.808
94,2,948.00,165.00,1037.00,191.00,0.831
94,2,1172.00,152.00,1241.00,189.00,0.869
94,2,401.00,179.00,476.00,204.00,0.889
94,2,758.00,165.00,845.00,190.00,0.922
94,2,772.00,180.00,978.00,299.00,0.963
95,2,539.00,178.00,573.00,197.00,0.458
95,2,595.00,173.00,628.00,191.00,0.474
95,2,928.00,164.00,1033.00,190.00,0.514
95,2,231.00,181.00,294.00,208.00,0.786
95,2,538.00,172.00,620.00,203.00,0.850
95,2,1167.00,153.00,1242.00,189.00,0.855
95,2,406.00,178.00,481.00,204.00,0.865
95,2,747.00,164.00,828.00,192.00,0.927
95,2,781.00,181.00,1005.00,307.00,0.961
96,2,580.00,173.00,615.00,193.00,0.312
96,2,561.00,172.00,607.00,195.00,0.517
96,2,608.00,175.00,637.00,188.00,0.569
96,2,917.00,169.00,1019.00,193.00,0.740
96,2,417.00,178.00,487.00,204.00,0.842
96,2,232.00,181.00,295.00,208.00,0.856
96,2,524.00,172.00,606.00,204.00,0.873
96,2,1162.00,155.00,1242.00,190.00,0.883
96,2,740.00,166.00,820.00,194.00,0.938
96,2,791.00,183.00,1027.00,320.00,0.949
97,2,582.00,174.00,606.00,188.00,0.302
97,2,873.00,168.00,973.00,222.00,0.403
97,2,596.00,174.00,620.00,188.00,0.415
97,2,552.00,174.00,595.00,195.00,0.415
97,2,571.00,174.00,599.00,190.00,0.484
97,2,909.00,170.00,1008.00,194.00,0.735
97,2,423.00,176.00,491.00,202.00,0.759
97,2,509.00,174.00,590.00,205.00,0.871
97,2,1166.00,153.00,1242.00,190.00,0.872
97,2,229.00,181.00,297.00,208.00,0.881
97,2,730.00,165.00,811.00,195.00,0.934
97,2,796.00,184.00,1059.00,329.00,0.942
98,2,877.00,168.00,980.00,232.00,0.405
98,2,594.00,174.00,617.00,188.00,0.455
98,2,489.00,184.00,525.00,203.00,0.502
98,2,573.00,174.00,598.00,189.00,0.596
98,2,439.00,177.00,490.00,202.00,0.718
98,2,901.00,170.00,1008.00,196.00,0.722
98,2,226.00,181.00,295.00,209.00,0.835
98,2,1160.00,153.00,1241.00,191.00,0.849
98,2,494.00,175.00,578.00,206.00,0.888
98,2,720.00,166.00,802.00,194.00,0.917
98,2,802.00,184.00,1092.00,340.00,0.953
99,2,1221.00,166.00,1241.00,196.00,0.251
99,2,544.00,175.00,568.00,189.00,0.278
99,2,596.00,174.00,627.00,187.00,0.318
99,2,560.00,176.00,584.00,190.00,0.388
99,2,588.00,175.00,609.00,188.00,0.402
99,2,921.00,163.00,1026.00,189.00,0.526
99,2,610.00,174.00,637.00,186.00,0.545
99,2,572.00,175.00,596.00,189.00,0.616
99,2,897.00,168.00,982.00,198.00,0.653
99,2,444.00,178.00,500.00,205.00,0.685
99,2,1157.00,158.00,1240.00,190.00,0.775
99,2,223.00,181.00,296.00,209.00,0.848
99,2,476.00,174.00,564.00,208.00,0.863
99,2,709.00,167.00,791.00,195.00,0.919
99,2,809.00,187.00,1125.00,356.00,0.957
100,2,590.00,174.00,613.00,187.00,0.265
100,2,901.00,164.00,999.00,226.00,0.298
100,2,553.00,177.00,574.00,190.00,0.346
100,2,540.00,177.00,566.00,191.00,0.563
100,2,891.00,166.00,984.00,194.00,0.673
100,2,574.00,176.00,596.00,191.00,0.767
100,2,1150.00,160.00,1238.00,189.00,0.814
100,2,820.00,187.00,1163.00,369.00,0.865
100,2,224.00,181.00,298.00,209.00,0.890
100,2,456.00,175.00,550.00,211.00,0.897
100,2,699.00,167.00,781.00,197.00,0.936
101,2,616.00,176.00,637.00,188.00,0.282
101,2,593.00,174.00,619.00,188.00,0.283
101,2,554.00,177.00,576.00,191.00,0.434
101,2,534.00,177.00,557.00,192.00,0.645
101,2,572.00,175.00,595.00,191.00,0.765
101,2,882.00,169.00,974.00,194.00,0.822
101,2,1143.00,158.00,1236.00,189.00,0.888
101,2,442.00,175.00,536.00,212.00,0.905
101,2,218.00,180.00,299.00,211.00,0.913
101,2,688.00,168.00,769.00,198.00,0.916
101,2,831.00,189.00,1210.00,375.00,0.957
102,2,552.00,175.00,584.00,192.00,0.279
102,2,616.00,176.00,636.00,188.00,0.349
102,2,591.00,174.00,615.00,188.00,0.460
102,2,541.00,176.00,569.00,192.00,0.466
102,2,529.00,177.00,555.00,193.00,0.535
102,2,494.00,181.00,543.00,200.00,0.547
102,2,570.00,175.00,594.00,191.00,0.749
102,2,1134.00,157.00,1237.00,191.00,0.833
102,2,421.00,174.00,541.00,213.00,0.863
102,2,872.00,168.00,970.00,195.00,0.874
102,2,678.00,168.00,756.00,199.00,0.893
102,2,213.00,179.00,301.00,211.00,0.913
102,2,840.00,187.00,1239.00,375.00,0.962
103,2,552.00,175.00,584.00,191.00,0.304
103,2,543.00,177.00,570.00,191.00,0.525
103,2,591.00,175.00,614.00,189.00,0.591
103,2,525.00,176.00,558.00,195.00,0.639
103,2,569.00,174.00,593.00,191.00,0.754
103,2,404.00,175.00,498.00,218.00,0.822
103,2,1128.00,157.00,1235.00,190.00,0.842
103,2,486.00,176.00,553.00,204.00,0.863
103,2,667.00,170.00,748.00,199.00,0.886
103,2,867.00,167.00,962.00,196.00,0.895
103,2,221.00,180.00,300.00,211.00,0.909
103,2,851.00,186.00,1240.00,375.00,0.954
104,2,958.00,163.00,1069.00,190.00,0.285
104,2,418.00,176.00,455.00,220.00,0.362
104,2,587.00,176.00,608.00,189.00,0.379
104,2,699.00,170.00,734.00,192.00,0.432
104,2,554.00,176.00,577.00,191.00,0.449
104,2,544.00,177.00,571.00,193.00,0.624
104,2,569.00,175.00,592.00,190.00,0.649
104,2,1127.00,157.00,1239.00,195.00,0.857
104,2,373.00,177.00,481.00,220.00,0.867
104,2,494.00,176.00,561.00,204.00,0.876
104,2,654.00,169.00,736.00,200.00,0.901
104,2,864.00,188.00,1239.00,374.00,0.910
104,2,218.00,180.00,303.00,212.00,0.917
104,2,858.00,168.00,952.00,196.00,0.919
105,2,549.00,176.00,580.00,193.00,0.251
105,2,609.00,177.00,630.00,189.00,0.278
105,2,499.00,182.00,526.00,197.00,0.307
105,2,587.00,176.00,608.00,189.00,0.353
105,2,533.00,177.00,578.00,198.00,0.412
105,2,691.00,171.00,726.00,192.00,0.603
105,2,568.00,174.00,592.00,190.00,0.638
105,2,1139.00,158.00,1241.00,197.00,0.693
105,2,639.00,169.00,723.00,201.00,0.866
105,2,502.00,176.00,573.00,203.00,0.890
105,2,347.00,177.00,466.00,222.00,0.893
105,2,220.00,180.00,305.00,212.00,0.915
105,2,847.00,168.00,948.00,196.00,0.920
105,2,877.00,188.00,1242.00,375.00,0.939
106,2,582.00,174.00,606.00,190.00,0.257
106,2,618.00,176.00,647.00,192.00,0.266
106,2,597.00,176.00,620.00,190.00,0.300
106,2,978.00,161.00,1073.00,187.00,0.329
106,2,672.00,168.00,714.00,191.00,0.506
106,2,1145.00,152.00,1240.00,193.00,0.531
106,2,629.00,175.00,657.00,197.00,0.610
106,2,562.00,175.00,592.00,193.00,0.612
106,2,513.00,176.00,581.00,203.00,0.873
106,2,628.00,170.00,714.00,202.00,0.891
106,2,218.00,178.00,309.00,212.00,0.921
106,2,326.00,178.00,445.00,226.00,0.926
106,2,838.00,166.00,943.00,196.00,0.931
106,2,890.00,188.00,1242.00,375.00,0.967
107,2,1098.00,163.00,1200.00,192.00,0.303
107,2,612.00,176.00,638.00,191.00,0.321
107,2,1157.00,158.00,1241.00,193.00,0.372
107,2,587.00,172.00,609.00,190.00,0.395
107,2,670.00,171.00,701.00,192.00,0.399
107,2,524.00,175.00,553.00,193.00,0.516
107,2,565.00,175.00,596.00,193.00,0.612
107,2,527.00,174.00,594.00,201.00,0.721
107,2,617.00,169.00,704.00,202.00,0.900
107,2,834.00,165.00,935.00,196.00,0.904
107,2,224.00,178.00,314.00,213.00,0.915
107,2,297.00,178.00,428.00,228.00,0.943
107,2,905.00,191.00,1239.00,373.00,0.960
108,2,583.00,172.00,613.00,194.00,0.400
108,2,600.00,176.00,647.00,197.00,0.422
108,2,597.00,177.00,626.00,195.00,0.571
108,2,527.00,176.00,555.00,194.00,0.572
108,2,534.00,173.00,601.00,201.00,0.790
108,2,1089.00,165.00,1178.00,192.00,0.804
108,2,603.00,170.00,692.00,203.00,0.826
108,2,225.00,178.00,306.00,212.00,0.921
108,2,821.00,167.00,926.00,196.00,0.927
108,2,263.00,179.00,403.00,234.00,0.961
108,2,920.00,195.00,1240.00,373.00,0.962
109,2,230.00,178.00,309.00,211.00,0.305
109,2,638.00,169.00,680.00,192.00,0.335
109,2,1000.00,160.00,1088.00,180.00,0.368
109,2,583.00,172.00,614.00,195.00,0.436
109,2,593.00,176.00,629.00,197.00,0.613
109,2,525.00,176.00,549.00,193.00,0.763
109,2,541.00,173.00,603.00,201.00,0.848
109,2,594.00,170.00,681.00,206.00,0.853
109,2,1083.00,159.00,1184.00,192.00,0.863
109,2,811.00,167.00,915.00,198.00,0.923
109,2,234.00,179.00,379.00,240.00,0.950
109,2,933.00,200.00,1240.00,373.00,0.955
110,2,580.00,172.00,618.00,195.00,0.387
110,2,640.00,172.00,667.00,189.00,0.518
110,2,553.00,173.00,602.00,199.00,0.720
110,2,526.00,176.00,551.00,193.00,0.771
110,2,578.00,172.00,668.00,206.00,0.814
110,2,1078.00,159.00,1179.00,193.00,0.860
110,2,805.00,167.00,913.00,198.00,0.914
110,2,951.00,201.00,1241.00,373.00,0.946
110,2,193.00,179.00,358.00,246.00,0.956
111,2,1032.00,169.00,1127.00,194.00,0.279
111,2,554.00,176.00,582.00,192.00,0.290
111,2,607.00,171.00,658.00,194.00,0.466
111,2,563.00,175.00,598.00,197.00,0.665
111,2,1070.00,159.00,1171.00,193.00,0.796
111,2,525.00,176.00,551.00,193.00,0.812
111,2,245.00,178.00,342.00,212.00,0.820
111,2,565.00,172.00,656.00,207.00,0.836
111,2,798.00,167.00,905.00,198.00,0.917
111,2,156.00,181.00,327.00,252.00,0.947
111,2,968.00,199.00,1242.00,372.00,0.955
112,2,635.00,170.00,657.00,182.00,0.263
112,2,993.00,164.00,1128.00,240.00,0.294
112,2,555.00,174.00,607.00,199.00,0.320
112,2,573.00,171.00,627.00,197.00,0.422
112,2,1029.00,164.00,1136.00,196.00,0.424
112,2,548.00,176.00,582.00,193.00,0.460
112,2,1067.00,160.00,1169.00,195.00,0.648
112,2,524.00,176.00,552.00,193.00,0.810
112,2,550.00,173.00,644.00,208.00,0.857
112,2,250.00,178.00,350.00,213.00,0.907
112,2,786.00,166.00,895.00,200.00,0.933
112,2,106.00,183.00,296.00,261.00,0.947
112,2,986.00,204.00,1241.00,372.00,0.952
113,2,579.00,168.00,626.00,192.00,0.463
113,2,1051.00,162.00,1151.00,194.00,0.597
113,2,606.00,175.00,645.00,198.00,0.731
113,2,524.00,176.00,553.00,194.00,0.802
113,2,534.00,172.00,631.00,210.00,0.862
113,2,259.00,178.00,354.00,214.00,0.907
113,2,779.00,168.00,884.00,200.00,0.940
113,2,48.00,183.00,265.00,273.00,0.947
113,2,1003.00,206.00,1241.00,373.00,0.951
114,2,554.00,170.00,606.00,197.00,0.315
114,2,576.00,171.00,616.00,194.00,0.384
114,2,1042.00,166.00,1136.00,195.00,0.574
114,2,522.00,175.00,553.00,193.00,0.642
114,2,598.00,172.00,656.00,198.00,0.791
114,2,520.00,172.00,619.00,211.00,0.870
114,2,769.00,167.00,869.00,199.00,0.904
114,2,262.00,178.00,364.00,214.00,0.936
114,2,1027.00,213.00,1241.00,373.00,0.942
114,2,0.00,183.00,223.00,284.00,0.945
115,2,517.00,174.00,554.00,194.00,0.301
115,2,1017.00,163.00,1140.00,214.00,0.319
115,2,506.00,181.00,537.00,199.00,0.324
115,2,539.00,170.00,599.00,196.00,0.342
115,2,568.00,172.00,606.00,195.00,0.380
115,2,591.00,174.00,630.00,196.00,0.514
115,2,1033.00,164.00,1120.00,192.00,0.609
115,2,602.00,173.00,663.00,199.00,0.818
115,2,505.00,171.00,608.00,213.00,0.873
115,2,1050.00,220.00,1241.00,374.00,0.900
115,2,272.00,177.00,374.00,214.00,0.924
115,2,760.00,167.00,862.00,201.00,0.925
115,2,1.00,185.00,179.00,301.00,0.959
116,2,524.00,170.00,576.00,199.00,0.269
116,2,1026.00,165.00,1162.00,230.00,0.330
116,2,500.00,177.00,537.00,196.00,0.368
116,2,555.00,173.00,591.00,193.00,0.394
116,2,493.00,183.00,525.00,202.00,0.401
116,2,570.00,175.00,597.00,191.00,0.448
116,2,584.00,174.00,608.00,191.00,0.511
116,2,1020.00,160.00,1114.00,191.00,0.723
116,2,1070.00,215.00,1241.00,372.00,0.826
116,2,490.00,172.00,595.00,214.00,0.878
116,2,609.00,173.00,671.00,200.00,0.897
116,2,750.00,170.00,851.00,201.00,0.914
116,2,0.00,186.00,125.00,310.00,0.924
116,2,277.00,176.00,383.00,214.00,0.946
117,2,534.00,170.00,574.00,193.00,0.264
117,2,584.00,173.00,608.00,191.00,0.301
117,2,1018.00,157.00,1171.00,267.00,0.321
117,2,565.00,173.00,593.00,193.00,0.648
117,2,0.00,189.00,60.00,315.00,0.739
117,2,1008.00,156.00,1119.00,194.00,0.824
117,2,619.00,172.00,676.00,199.00,0.851
117,2,471.00,172.00,578.00,216.00,0.907
117,2,737.00,168.00,843.00,201.00,0.914
117,2,286.00,177.00,392.00,213.00,0.928
118,2,532.00,174.00,561.00,189.00,0.279
118,2,586.00,177.00,606.00,189.00,0.348
118,2,523.00,170.00,554.00,188.00,0.348
118,2,1032.00,162.00,1189.00,245.00,0.370
118,2,1038.00,156.00,1158.00,188.00,0.383
118,2,564.00,174.00,589.00,191.00,0.721
118,2,993.00,157.00,1112.00,196.00,0.894
118,2,629.00,173.00,684.00,199.00,0.903
118,2,724.00,169.00,830.00,202.00,0.904
118,2,456.00,171.00,566.00,217.00,0.926
118,2,298.00,179.00,396.00,213.00,0.931
119,2,526.00,175.00,552.00,192.00,0.280
119,2,1056.00,159.00,1161.00,188.00,0.355
119,2,582.00,174.00,607.00,190.00,0.383
119,2,611.00,176.00,631.00,188.00,0.475
119,2,543.00,177.00,568.00,192.00,0.499
119,2,566.00,174.00,592.00,191.00,0.726
119,2,637.00,173.00,691.00,197.00,0.884
119,2,306.00,176.00,398.00,211.00,0.895
119,2,714.00,170.00,820.00,203.00,0.909
119,2,982.00,158.00,1092.00,196.00,0.923
119,2,436.00,170.00,549.00,219.00,0.947
120,2,537.00,176.00,566.00,192.00,0.253
120,2,611.00,176.00,630.00,188.00,0.348
120,2,361.00,173.00,405.00,230.00,0.363
120,2,581.00,174.00,606.00,190.00,0.421
120,2,1062.00,149.00,1167.00,178.00,0.440
120,2,567.00,174.00,594.00,191.00,0.724
120,2,526.00,175.00,552.00,192.00,0.760
120,2,646.00,173.00,695.00,197.00,0.895
120,2,315.00,175.00,402.00,211.00,0.898
120,2,704.00,170.00,806.00,203.00,0.913
120,2,970.00,157.00,1080.00,196.00,0.936
120,2,417.00,170.00,536.00,220.00,0.954
121,2,361.00,171.00,404.00,218.00,0.378
121,2,1096.00,149.00,1223.00,184.00,0.414
121,2,611.00,176.00,630.00,188.00,0.429
121,2,578.00,174.00,606.00,191.00,0.439
121,2,566.00,174.00,593.00,191.00,0.730
121,2,524.00,176.00,551.00,193.00,0.800
121,2,327.00,174.00,412.00,210.00,0.803
121,2,653.00,174.00,694.00,198.00,0.805
121,2,692.00,171.00,792.00,205.00,0.883
121,2,958.00,156.00,1066.00,196.00,0.928
121,2,397.00,170.00,519.00,224.00,0.947
122,2,578.00,174.00,606.00,190.00,0.425
122,2,611.00,176.00,630.00,188.00,0.478
122,2,328.00,175.00,415.00,209.00,0.549
122,2,566.00,174.00,592.00,192.00,0.732
122,2,661.00,174.00,695.00,196.00,0.789
122,2,523.00,176.00,552.00,193.00,0.833
122,2,677.00,171.00,782.00,205.00,0.898
122,2,939.00,156.00,1051.00,197.00,0.937
122,2,381.00,170.00,502.00,224.00,0.946
123,2,714.00,170.00,770.00,196.00,0.380
123,2,581.00,174.00,606.00,190.00,0.445
123,2,611.00,176.00,631.00,188.00,0.578
123,2,340.00,175.00,422.00,213.00,0.583
123,2,666.00,174.00,700.00,196.00,0.649
123,2,566.00,174.00,592.00,192.00,0.731
123,2,523.00,176.00,550.00,193.00,0.821
123,2,666.00,171.00,768.00,206.00,0.856
123,2,353.00,170.00,485.00,229.00,0.942
123,2,934.00,155.00,1038.00,197.00,0.944
124,2,716.00,172.00,754.00,191.00,0.293
124,2,581.00,174.00,606.00,190.00,0.435
124,2,611.00,176.00,631.00,188.00,0.656
124,2,566.00,175.00,591.00,192.00,0.721
124,2,522.00,177.00,550.00,194.00,0.807
124,2,650.00,171.00,756.00,208.00,0.907
124,2,333.00,171.00,468.00,234.00,0.929
124,2,918.00,156.00,1027.00,198.00,0.943
125,2,582.00,172.00,606.00,190.00,0.455
125,2,705.00,174.00,743.00,194.00,0.526
125,2,611.00,176.00,631.00,189.00,0.573
125,2,566.00,174.00,592.00,192.00,0.709
125,2,522.00,177.00,549.00,194.00,0.807
125,2,635.00,172.00,744.00,208.00,0.888
125,2,306.00,170.00,452.00,238.00,0.910
125,2,909.00,157.00,1011.00,198.00,0.935
126,2,661.00,169.00,722.00,193.00,0.256
126,2,634.00,174.00,688.00,199.00,0.260
126,2,624.00,179.00,654.00,199.00,0.299
126,2,335.00,169.00,405.00,245.00,0.308
126,2,689.00,172.00,730.00,191.00,0.318
126,2,1164.00,159.00,1242.00,200.00,0.391
126,2,581.00,173.00,605.00,191.00,0.443
126,2,614.00,177.00,636.00,192.00,0.444
126,2,375.00,177.00,460.00,211.00,0.693
126,2,566.00,174.00,592.00,192.00,0.695
126,2,522.00,177.00,548.00,194.00,0.803
126,2,622.00,172.00,730.00,208.00,0.891
126,2,278.00,170.00,434.00,240.00,0.918
126,2,895.00,156.00,997.00,196.00,0.923
127,2,1179.00,152.00,1242.00,192.00,0.287
127,2,577.00,172.00,604.00,191.00,0.367
127,2,610.00,176.00,637.00,194.00,0.554
127,2,685.00,174.00,719.00,195.00,0.613
127,2,566.00,174.00,592.00,192.00,0.746
127,2,370.00,177.00,460.00,211.00,0.794
127,2,522.00,177.00,549.00,194.00,0.805
127,2,608.00,172.00,720.00,210.00,0.877
127,2,253.00,172.00,416.00,244.00,0.932
127,2,880.00,158.00,982.00,198.00,0.940
128,2,1093.00,162.00,1180.00,182.00,0.270
128,2,1191.00,154.00,1242.00,200.00,0.277
128,2,626.00,172.00,695.00,199.00,0.290
128,2,590.00,176.00,622.00,195.00,0.294
128,2,360.00,172.00,403.00,241.00,0.298
128,2,606.00,176.00,648.00,195.00,0.370
128,2,657.00,172.00,709.00,197.00,0.447
128,2,688.00,173.00,721.00,194.00,0.684
128,2,565.00,174.00,591.00,192.00,0.718
128,2,522.00,177.00,550.00,194.00,0.795
128,2,589.00,174.00,704.00,211.00,0.855
128,2,370.00,176.00,464.00,211.00,0.886
128,2,868.00,157.00,970.00,198.00,0.930
128,2,219.00,172.00,394.00,250.00,0.937
129,2,576.00,178.00,615.00,198.00,0.288
129,2,645.00,172.00,681.00,189.00,0.323
129,2,588.00,175.00,630.00,196.00,0.399
129,2,655.00,175.00,688.00,194.00,0.432
129,2,565.00,174.00,591.00,193.00,0.665
129,2,522.00,177.00,551.00,194.00,0.793
129,2,693.00,173.00,723.00,193.00,0.832
129,2,573.00,173.00,692.00,212.00,0.865
129,2,384.00,175.00,464.00,209.00,0.908
129,2,182.00,174.00,367.00,258.00,0.942
129,2,850.00,157.00,961.00,198.00,0.947
130,2,581.00,174.00,637.00,201.00,0.329
130,2,581.00,172.00,615.00,193.00,0.356
130,2,644.00,176.00,675.00,196.00,0.512
130,2,562.00,174.00,594.00,196.00,0.664
130,2,521.00,177.00,550.00,194.00,0.790
130,2,558.00,174.00,677.00,213.00,0.850
130,2,696.00,172.00,724.00,193.00,0.860
130,2,387.00,177.00,467.00,210.00,0.905
130,2,842.00,159.00,943.00,200.00,0.939
130,2,140.00,175.00,341.00,267.00,0.953
131,2,572.00,173.00,622.00,200.00,0.304
131,2,534.00,178.00,568.00,195.00,0.307
131,2,612.00,175.00,650.00,195.00,0.336
131,2,545.00,177.00,583.00,195.00,0.392
131,2,563.00,175.00,594.00,191.00,0.426
131,2,521.00,179.00,547.00,195.00,0.743
131,2,541.00,173.00,665.00,214.00,0.858
131,2,697.00,171.00,726.00,193.00,0.876
131,2,387.00,178.00,468.00,210.00,0.883
131,2,825.00,160.00,933.00,202.00,0.937
131,2,91.00,175.00,314.00,274.00,0.949
132,2,539.00,178.00,595.00,203.00,0.339
132,2,583.00,172.00,618.00,193.00,0.353
132,2,554.00,177.00,587.00,193.00,0.430
132,2,612.00,176.00,644.00,196.00,0.565
132,2,522.00,178.00,554.00,197.00,0.668
132,2,402.00,179.00,468.00,208.00,0.852
132,2,523.00,176.00,650.00,215.00,0.854
132,2,698.00,171.00,727.00,193.00,0.871
132,2,812.00,161.00,917.00,201.00,0.937
132,2,39.00,175.00,282.00,284.00,0.953
133,2,1189.00,135.00,1242.00,192.00,0.271
133,2,563.00,174.00,603.00,193.00,0.295
133,2,537.00,176.00,601.00,203.00,0.327
133,2,581.00,170.00,617.00,193.00,0.388
133,2,625.00,174.00,645.00,187.00,0.403
133,2,597.00,176.00,631.00,198.00,0.435
133,2,515.00,178.00,555.00,198.00,0.582
133,2,509.00,174.00,635.00,216.00,0.852
133,2,701.00,171.00,728.00,193.00,0.874
133,2,406.00,177.00,467.00,208.00,0.883
133,2,802.00,161.00,901.00,200.00,0.929
133,2,0.00,176.00,249.00,297.00,0.967
134,2,562.00,178.00,610.00,203.00,0.263
134,2,508.00,176.00,564.00,203.00,0.278
134,2,565.00,175.00,597.00,194.00,0.361
134,2,598.00,176.00,628.00,193.00,0.378
134,2,520.00,177.00,553.00,195.00,0.426
134,2,581.00,175.00,617.00,200.00,0.440
134,2,608.00,175.00,634.00,190.00,0.540
134,2,493.00,175.00,622.00,218.00,0.845
134,2,410.00,177.00,464.00,208.00,0.880
134,2,702.00,171.00,728.00,193.00,0.884
134,2,786.00,159.00,890.00,201.00,0.942
134,2,0.00,175.00,210.00,309.00,0.959
135,2,580.00,175.00,608.00,192.00,0.322
135,2,554.00,175.00,587.00,195.00,0.366
135,2,502.00,176.00,570.00,207.00,0.385
135,2,567.00,178.00,602.00,198.00,0.456
135,2,608.00,175.00,631.00,189.00,0.626
135,2,703.00,173.00,729.00,192.00,0.875
135,2,475.00,175.00,606.00,219.00,0.880
135,2,413.00,178.00,460.00,208.00,0.881
135,2,771.00,160.00,875.00,201.00,0.940
135,2,0.00,177.00,165.00,318.00,0.949
136,2,531.00,176.00,564.00,194.00,0.265
136,2,570.00,175.00,598.00,192.00,0.333
136,2,554.00,175.00,589.00,198.00,0.431
136,2,580.00,174.00,607.00,192.00,0.469
136,2,611.00,177.00,635.00,189.00,0.584
136,2,415.00,181.00,456.00,209.00,0.863
136,2,704.00,176.00,729.00,193.00,0.889
136,2,456.00,176.00,593.00,221.00,0.910
136,2,1.00,178.00,111.00,326.00,0.921
136,2,759.00,161.00,859.00,203.00,0.935
137,2,586.00,175.00,609.00,191.00,0.315
137,2,1090.00,122.00,1240.00,198.00,0.361
137,2,609.00,176.00,632.00,190.00,0.649
137,2,564.00,176.00,593.00,194.00,0.692
137,2,0.00,188.00,44.00,332.00,0.764
137,2,414.00,182.00,459.00,208.00,0.783
137,2,706.00,176.00,731.00,194.00,0.909
137,2,437.00,175.00,577.00,224.00,0.922
137,2,746.00,162.00,846.00,204.00,0.938
138,2,585.00,178.00,607.00,192.00,0.376
138,2,542.00,177.00,570.00,196.00,0.614
138,2,609.00,177.00,632.00,191.00,0.641
138,2,564.00,176.00,594.00,195.00,0.675
138,2,410.00,181.00,465.00,209.00,0.709
138,2,1078.00,115.00,1239.00,203.00,0.779
138,2,708.00,177.00,732.00,193.00,0.835
138,2,422.00,176.00,560.00,225.00,0.919
138,2,729.00,163.00,831.00,205.00,0.929
139,2,504.00,180.00,540.00,200.00,0.255
139,2,585.00,178.00,607.00,192.00,0.515
139,2,401.00,180.00,457.00,204.00,0.571
139,2,609.00,177.00,632.00,190.00,0.610
139,2,538.00,177.00,564.00,194.00,0.630
139,2,708.00,177.00,733.00,193.00,0.685
139,2,565.00,176.00,591.00,195.00,0.703
139,2,1050.00,125.00,1233.00,198.00,0.901
139,2,716.00,163.00,814.00,205.00,0.928
139,2,403.00,175.00,544.00,226.00,0.939
140,2,703.00,175.00,734.00,192.00,0.298
140,2,400.00,177.00,449.00,197.00,0.314
140,2,586.00,178.00,609.00,192.00,0.431
140,2,534.00,178.00,564.00,194.00,0.509
140,2,609.00,177.00,632.00,191.00,0.623
140,2,521.00,179.00,550.00,196.00,0.657
140,2,560.00,176.00,591.00,195.00,0.720
140,2,700.00,165.00,800.00,208.00,0.910
140,2,1032.00,125.00,1239.00,204.00,0.931
140,2,385.00,177.00,530.00,228.00,0.937
141,2,587.00,177.00,611.00,193.00,0.496
141,2,540.00,178.00,568.00,194.00,0.534
141,2,610.00,177.00,631.00,190.00,0.545
141,2,559.00,176.00,589.00,195.00,0.727
141,2,519.00,178.00,545.00,197.00,0.774
141,2,685.00,164.00,787.00,209.00,0.919
141,2,1014.00,122.00,1239.00,203.00,0.939
141,2,362.00,177.00,512.00,231.00,0.944
142,2,598.00,177.00,623.00,191.00,0.423
142,2,584.00,175.00,609.00,192.00,0.448
142,2,540.00,178.00,567.00,194.00,0.618
142,2,559.00,176.00,589.00,195.00,0.704
142,2,517.00,179.00,545.00,197.00,0.778
142,2,669.00,163.00,769.00,209.00,0.907
142,2,991.00,122.00,1235.00,201.00,0.944
142,2,346.00,177.00,489.00,233.00,0.960
143,2,604.00,177.00,625.00,191.00,0.463
143,2,588.00,177.00,610.00,192.00,0.488
143,2,540.00,179.00,566.00,194.00,0.511
143,2,559.00,176.00,589.00,195.00,0.724
143,2,516.00,179.00,545.00,197.00,0.765
143,2,654.00,163.00,755.00,211.00,0.920
143,2,968.00,122.00,1237.00,202.00,0.941
143,2,320.00,178.00,476.00,237.00,0.942
144,2,710.00,186.00,740.00,203.00,0.282
144,2,585.00,178.00,607.00,192.00,0.408
144,2,605.00,178.00,625.00,191.00,0.433
144,2,537.00,178.00,565.00,194.00,0.529
144,2,559.00,175.00,590.00,194.00,0.732
144,2,515.00,178.00,545.00,197.00,0.736
144,2,290.00,177.00,458.00,242.00,0.861
144,2,637.00,163.00,739.00,211.00,0.903
144,2,945.00,125.00,1230.00,203.00,0.936
145,2,606.00,178.00,631.00,192.00,0.338
145,2,582.00,175.00,606.00,193.00,0.394
145,2,615.00,178.00,639.00,193.00,0.421
145,2,536.00,178.00,564.00,194.00,0.558
145,2,694.00,168.00,733.00,193.00,0.653
145,2,515.00,178.00,545.00,197.00,0.734
145,2,558.00,175.00,590.00,194.00,0.749
145,2,247.00,176.00,440.00,248.00,0.875
145,2,926.00,123.00,1229.00,203.00,0.932
145,2,622.00,162.00,726.00,213.00,0.943
146,2,606.00,180.00,643.00,196.00,0.254
146,2,582.00,174.00,608.00,193.00,0.434
146,2,600.00,177.00,625.00,193.00,0.470
146,2,538.00,178.00,564.00,194.00,0.665
146,2,558.00,176.00,590.00,195.00,0.694
146,2,706.00,172.00,733.00,191.00,0.729
146,2,366.00,181.00,426.00,207.00,0.744
146,2,515.00,179.00,543.00,197.00,0.748
146,2,217.00,179.00,421.00,250.00,0.887
146,2,604.00,162.00,709.00,214.00,0.926
146,2,911.00,123.00,1232.00,203.00,0.936
147,2,667.00,184.00,692.00,202.00,0.343
147,2,582.00,173.00,609.00,195.00,0.469
147,2,539.00,178.00,564.00,194.00,0.538
147,2,559.00,176.00,587.00,195.00,0.723
147,2,356.00,182.00,419.00,209.00,0.742
147,2,514.00,179.00,544.00,197.00,0.749
147,2,714.00,175.00,734.00,191.00,0.776
147,2,185.00,181.00,396.00,253.00,0.904
147,2,881.00,122.00,1232.00,203.00,0.918
147,2,585.00,163.00,694.00,215.00,0.936
148,2,648.00,190.00,675.00,207.00,0.309
148,2,579.00,169.00,609.00,191.00,0.339
148,2,540.00,179.00,565.00,194.00,0.384
148,2,559.00,176.00,588.00,195.00,0.635
148,2,715.00,175.00,735.00,191.00,0.759
148,2,515.00,178.00,545.00,197.00,0.769
148,2,348.00,181.00,412.00,208.00,0.802
148,2,150.00,182.00,356.00,258.00,0.909
148,2,875.00,126.00,1203.00,201.00,0.913
148,2,567.00,162.00,674.00,217.00,0.915
149,2,635.00,185.00,659.00,203.00,0.258
149,2,538.00,178.00,569.00,195.00,0.400
149,2,648.00,173.00,667.00,187.00,0.475
149,2,553.00,176.00,586.00,193.00,0.487
149,2,516.00,178.00,549.00,197.00,0.730
149,2,343.00,180.00,403.00,208.00,0.733
149,2,716.00,175.00,735.00,189.00,0.770
149,2,859.00,124.00,1215.00,204.00,0.905
149,2,549.00,162.00,660.00,217.00,0.927
149,2,106.00,182.00,343.00,265.00,0.946
150,2,318.00,179.00,368.00,238.00,0.360
150,2,637.00,171.00,661.00,184.00,0.480
150,2,515.00,178.00,547.00,197.00,0.666
150,2,331.00,180.00,393.00,209.00,0.743
150,2,717.00,175.00,736.00,189.00,0.756
150,2,839.00,126.00,1175.00,202.00,0.878
150,2,528.00,164.00,642.00,218.00,0.939
150,2,59.00,184.00,322.00,272.00,0.946
151,2,622.00,174.00,648.00,188.00,0.285
151,2,632.00,172.00,653.00,186.00,0.341
151,2,512.00,181.00,539.00,201.00,0.655
151,2,717.00,175.00,736.00,189.00,0.766
151,2,322.00,182.00,390.00,212.00,0.792
151,2,509.00,163.00,629.00,219.00,0.937
151,2,819.00,127.00,1126.00,203.00,0.946
151,2,17.00,183.00,293.00,280.00,0.959
152,2,511.00,174.00,558.00,205.00,0.281
152,2,305.00,183.00,351.00,210.00,0.339
152,2,315.00,177.00,349.00,258.00,0.349
152,2,493.00,187.00,525.00,207.00,0.450
152,2,602.00,177.00,626.00,193.00,0.589
152,2,315.00,182.00,389.00,213.00,0.722
152,2,718.00,175.00,736.00,189.00,0.757
152,2,490.00,165.00,609.00,221.00,0.931
152,2,805.00,129.00,1107.00,205.00,0.948
152,2,1.00,185.00,259.00,286.00,0.963
153,2,314.00,176.00,347.00,260.00,0.311
153,2,609.00,178.00,630.00,190.00,0.388
153,2,578.00,172.00,607.00,195.00,0.560
153,2,299.00,183.00,351.00,208.00,0.660
153,2,323.00,183.00,386.00,211.00,0.719
153,2,719.00,175.00,736.00,189.00,0.733
153,2,785.00,128.00,1093.00,204.00,0.934
153,2,468.00,165.00,592.00,222.00,0.938
153,2,0.00,186.00,224.00,296.00,0.959
154,2,770.00,174.00,799.00,188.00,0.277
154,2,1137.00,150.00,1240.00,184.00,0.295
154,2,311.00,173.00,347.00,259.00,0.325
154,2,608.00,178.00,627.00,190.00,0.448
154,2,585.00,177.00,607.00,192.00,0.502
154,2,287.00,183.00,342.00,207.00,0.524
154,2,561.00,176.00,587.00,196.00,0.582
154,2,307.00,180.00,361.00,208.00,0.666
154,2,324.00,183.00,384.00,209.00,0.680
154,2,719.00,175.00,737.00,189.00,0.712
154,2,773.00,128.00,1070.00,205.00,0.936
154,2,0.00,187.00,184.00,299.00,0.937
154,2,443.00,164.00,572.00,225.00,0.950
155,2,309.00,174.00,343.00,257.00,0.304
155,2,531.00,174.00,557.00,196.00,0.432
155,2,608.00,177.00,628.00,190.00,0.440
155,2,582.00,174.00,609.00,193.00,0.588
155,2,719.00,175.00,737.00,188.00,0.720
155,2,557.00,177.00,585.00,196.00,0.747
155,2,276.00,184.00,333.00,211.00,0.808
155,2,422.00,162.00,551.00,228.00,0.942
155,2,754.00,128.00,1054.00,206.00,0.949
155,2,0.00,189.00,143.00,300.00,0.953
156,2,1149.00,150.00,1240.00,181.00,0.307
156,2,606.00,177.00,627.00,190.00,0.431
156,2,731.00,173.00,770.00,186.00,0.460
156,2,518.00,176.00,544.00,197.00,0.561
156,2,534.00,178.00,561.00,194.00,0.572
156,2,581.00,175.00,609.00,193.00,0.572
156,2,722.00,173.00,744.00,189.00,0.659
156,2,556.00,177.00,585.00,196.00,0.797
156,2,269.00,184.00,327.00,209.00,0.802
156,2,0.00,193.00,95.00,304.00,0.927
156,2,736.00,128.00,1035.00,205.00,0.945
156,2,396.00,166.00,531.00,230.00,0.946
157,2,1155.00,152.00,1241.00,185.00,0.306
157,2,724.00,169.00,751.00,183.00,0.369
157,2,596.00,177.00,623.00,191.00,0.423
157,2,584.00,176.00,610.00,192.00,0.523
157,2,515.00,178.00,545.00,197.00,0.620
157,2,536.00,179.00,562.00,195.00,0.621
157,2,0.00,196.00,34.00,302.00,0.675
157,2,253.00,183.00,314.00,210.00,0.766
157,2,557.00,177.00,585.00,196.00,0.807
157,2,727.00,129.00,1015.00,207.00,0.936
157,2,371.00,165.00,509.00,234.00,0.947
158,2,603.00,177.00,626.00,191.00,0.493
158,2,585.00,176.00,610.00,192.00,0.595
158,2,510.00,177.00,543.00,197.00,0.666
158,2,533.00,178.00,562.00,195.00,0.685
158,2,557.00,177.00,586.00,195.00,0.806
158,2,246.00,184.00,310.00,211.00,0.837
158,2,708.00,129.00,995.00,207.00,0.937
158,2,346.00,165.00,487.00,237.00,0.959
159,2,692.00,173.00,716.00,186.00,0.343
159,2,604.00,177.00,626.00,191.00,0.487
159,2,585.00,177.00,609.00,192.00,0.556
159,2,534.00,179.00,562.00,195.00,0.712
159,2,511.00,177.00,542.00,197.00,0.737
159,2,557.00,177.00,585.00,195.00,0.802
159,2,236.00,183.00,305.00,210.00,0.864
159,2,691.00,130.00,985.00,207.00,0.946
159,2,314.00,166.00,466.00,241.00,0.949
160,2,677.00,175.00,700.00,189.00,0.386
160,2,604.00,178.00,626.00,191.00,0.501
160,2,584.00,177.00,609.00,193.00,0.579
160,2,534.00,179.00,562.00,195.00,0.706
160,2,510.00,178.00,541.00,197.00,0.755
160,2,557.00,177.00,585.00,195.00,0.801
160,2,229.00,185.00,295.00,212.00,0.862
160,2,284.00,164.00,442.00,249.00,0.936
160,2,676.00,129.00,967.00,206.00,0.946
161,2,665.00,178.00,690.00,191.00,0.334
161,2,604.00,177.00,626.00,191.00,0.457
161,2,584.00,177.00,608.00,193.00,0.590
161,2,219.00,183.00,291.00,213.00,0.598
161,2,535.00,179.00,563.00,195.00,0.718
161,2,510.00,178.00,540.00,197.00,0.792
161,2,557.00,177.00,585.00,195.00,0.799
161,2,667.00,130.00,950.00,208.00,0.920
161,2,248.00,165.00,424.00,252.00,0.928
162,2,594.00,177.00,619.00,192.00,0.354
162,2,605.00,178.00,625.00,191.00,0.373
162,2,584.00,177.00,608.00,193.00,0.587
162,2,535.00,179.00,563.00,195.00,0.734
162,2,557.00,177.00,585.00,195.00,0.791
162,2,510.00,178.00,540.00,198.00,0.808
162,2,215.00,166.00,398.00,259.00,0.905
162,2,645.00,131.00,941.00,208.00,0.923
163,2,595.00,177.00,620.00,192.00,0.297
163,2,605.00,178.00,626.00,191.00,0.375
163,2,584.00,177.00,608.00,193.00,0.607
163,2,535.00,179.00,563.00,195.00,0.731
163,2,556.00,177.00,585.00,196.00,0.789
163,2,510.00,178.00,540.00,198.00,0.791
163,2,634.00,133.00,915.00,208.00,0.906
163,2,176.00,165.00,380.00,260.00,0.927
164,2,665.00,182.00,698.00,200.00,0.265
164,2,680.00,149.00,855.00,198.00,0.267
164,2,625.00,179.00,648.00,192.00,0.328
164,2,612.00,179.00,637.00,192.00,0.329
164,2,674.00,179.00,708.00,194.00,0.351
164,2,607.00,178.00,626.00,192.00,0.370
164,2,584.00,176.00,609.00,193.00,0.571
164,2,535.00,179.00,563.00,195.00,0.729
164,2,556.00,177.00,585.00,196.00,0.785
164,2,510.00,177.00,541.00,198.00,0.802
164,2,619.00,129.00,900.00,210.00,0.915
164,2,133.00,164.00,341.00,269.00,0.962
165,2,653.00,177.00,691.00,192.00,0.306
165,2,582.00,177.00,607.00,193.00,0.504
165,2,604.00,179.00,629.00,195.00,0.596
165,2,535.00,179.00,563.00,195.00,0.731
165,2,556.00,177.00,585.00,196.00,0.790
165,2,510.00,177.00,540.00,198.00,0.803
165,2,614.00,133.00,890.00,211.00,0.907
165,2,83.00,164.00,321.00,275.00,0.953
166,2,670.00,151.00,811.00,196.00,0.279
166,2,614.00,178.00,646.00,191.00,0.315
166,2,634.00,174.00,662.00,187.00,0.367
166,2,592.00,179.00,621.00,194.00,0.464
166,2,536.00,179.00,562.00,195.00,0.731
166,2,556.00,177.00,587.00,196.00,0.774
166,2,510.00,178.00,540.00,197.00,0.795
166,2,594.00,134.00,877.00,210.00,0.916
166,2,27.00,165.00,278.00,285.00,0.961
167,2,616.00,184.00,650.00,198.00,0.262
167,2,642.00,174.00,671.00,189.00,0.284
167,2,598.00,178.00,629.00,192.00,0.297
167,2,768.00,170.00,797.00,185.00,0.299
167,2,578.00,178.00,605.00,192.00,0.346
167,2,619.00,177.00,654.00,189.00,0.356
167,2,536.00,179.00,561.00,195.00,0.640
167,2,510.00,178.00,540.00,197.00,0.787
167,2,558.00,178.00,582.00,196.00,0.816
167,2,579.00,135.00,857.00,212.00,0.919
167,2,1.00,165.00,245.00,296.00,0.972
168,2,738.00,171.00,763.00,185.00,0.258
168,2,608.00,182.00,644.00,196.00,0.271
168,2,769.00,173.00,803.00,187.00,0.273
168,2,751.00,173.00,779.00,187.00,0.288
168,2,633.00,173.00,666.00,187.00,0.293
168,2,644.00,151.00,772.00,193.00,0.305
168,2,592.00,178.00,627.00,192.00,0.312
168,2,612.00,177.00,645.00,189.00,0.332
168,2,555.00,180.00,586.00,195.00,0.365
168,2,582.00,179.00,612.00,194.00,0.371
168,2,539.00,180.00,565.00,195.00,0.631
168,2,566.00,181.00,595.00,199.00,0.637
168,2,510.00,178.00,540.00,197.00,0.768
168,2,565.00,134.00,840.00,213.00,0.916
168,2,0.00,162.00,202.00,308.00,0.957
169,2,575.00,179.00,607.00,191.00,0.255
169,2,596.00,184.00,629.00,198.00,0.268
169,2,769.00,169.00,798.00,183.00,0.282
169,2,750.00,171.00,779.00,183.00,0.298
169,2,597.00,179.00,631.00,191.00,0.300
169,2,612.00,177.00,644.00,189.00,0.302
169,2,740.00,170.00,765.00,182.00,0.311
169,2,534.00,180.00,562.00,196.00,0.418
169,2,555.00,179.00,582.00,195.00,0.629
169,2,510.00,178.00,542.00,197.00,0.694
169,2,555.00,136.00,827.00,214.00,0.918
169,2,0.00,164.00,156.00,321.00,0.939
170,2,722.00,171.00,752.00,187.00,0.257
170,2,748.00,172.00,782.00,187.00,0.258
170,2,658.00,168.00,717.00,194.00,0.278
170,2,612.00,177.00,643.00,189.00,0.278
170,2,594.00,176.00,627.00,189.00,0.288
170,2,579.00,183.00,610.00,196.00,0.306
170,2,585.00,178.00,613.00,190.00,0.327
170,2,739.00,170.00,764.00,183.00,0.337
170,2,563.00,181.00,596.00,197.00,0.403
170,2,540.00,181.00,569.00,199.00,0.666
170,2,511.00,178.00,542.00,198.00,0.754
170,2,0.00,167.00,103.00,333.00,0.905
170,2,540.00,138.00,817.00,215.00,0.906
171,2,597.00,181.00,629.00,195.00,0.260
171,2,688.00,179.00,724.00,202.00,0.272
171,2,638.00,159.00,716.00,191.00,0.285
171,2,585.00,172.00,612.00,184.00,0.285
171,2,581.00,180.00,611.00,193.00,0.285
171,2,668.00,171.00,704.00,192.00,0.286
171,2,594.00,176.00,629.00,189.00,0.289
171,2,589.00,161.00,736.00,197.00,0.311
171,2,709.00,173.00,738.00,187.00,0.319
171,2,567.00,180.00,599.00,194.00,0.363
171,2,722.00,170.00,748.00,183.00,0.373
171,2,573.00,176.00,605.00,190.00,0.403
171,2,532.00,180.00,566.00,196.00,0.431
171,2,548.00,180.00,579.00,194.00,0.442
171,2,0.00,152.00,33.00,335.00,0.589
171,2,511.00,181.00,538.00,198.00,0.714
171,2,114.00,189.00,178.00,219.00,0.870
171,2,522.00,136.00,808.00,219.00,0.900
172,2,693.00,175.00,727.00,189.00,0.268
172,2,563.00,183.00,597.00,196.00,0.274
172,2,719.00,171.00,748.00,183.00,0.306
172,2,562.00,177.00,598.00,188.00,0.320
172,2,583.00,181.00,612.00,195.00,0.324
172,2,598.00,164.00,719.00,198.00,0.346
172,2,709.00,172.00,735.00,184.00,0.387
172,2,588.00,176.00,615.00,188.00,0.398
172,2,532.00,180.00,563.00,194.00,0.414
172,2,520.00,179.00,549.00,195.00,0.429
172,2,555.00,178.00,585.00,191.00,0.433
172,2,509.00,181.00,538.00,198.00,0.494
172,2,105.00,189.00,181.00,221.00,0.863
172,2,510.00,134.00,801.00,220.00,0.912
173,2,656.00,180.00,690.00,203.00,0.264
173,2,587.00,172.00,614.00,183.00,0.283
173,2,689.00,176.00,717.00,189.00,0.289
173,2,571.00,177.00,603.00,190.00,0.296
173,2,534.00,181.00,568.00,196.00,0.302
173,2,707.00,175.00,738.00,187.00,0.306
173,2,580.00,181.00,613.00,196.00,0.306
173,2,585.00,163.00,712.00,200.00,0.325
173,2,584.00,176.00,612.00,189.00,0.369
173,2,554.00,179.00,583.00,192.00,0.375
173,2,498.00,180.00,523.00,195.00,0.422
173,2,517.00,179.00,546.00,194.00,0.479
173,2,91.00,190.00,167.00,218.00,0.595
173,2,496.00,136.00,789.00,221.00,0.904
174,2,552.00,181.00,583.00,193.00,0.270
174,2,707.00,176.00,740.00,189.00,0.300
174,2,570.00,175.00,602.00,189.00,0.310
174,2,539.00,179.00,570.00,193.00,0.328
174,2,515.00,183.00,549.00,196.00,0.341
174,2,535.00,184.00,567.00,198.00,0.359
174,2,558.00,178.00,588.00,190.00,0.365
174,2,684.00,175.00,712.00,188.00,0.399
174,2,578.00,166.00,621.00,186.00,0.403
174,2,492.00,181.00,525.00,199.00,0.625
174,2,86.00,189.00,156.00,219.00,0.830
174,2,490.00,133.00,776.00,219.00,0.902
175,2,703.00,177.00,742.00,191.00,0.267
175,2,659.00,177.00,690.00,190.00,0.270
175,2,573.00,175.00,602.00,189.00,0.301
175,2,685.00,177.00,721.00,191.00,0.302
175,2,685.00,183.00,725.00,198.00,0.309
175,2,540.00,179.00,574.00,194.00,0.338
175,2,676.00,176.00,704.00,188.00,0.344
175,2,578.00,166.00,625.00,187.00,0.354
175,2,518.00,184.00,551.00,198.00,0.361
175,2,556.00,177.00,585.00,192.00,0.396
175,2,499.00,182.00,535.00,198.00,0.450
175,2,479.00,182.00,516.00,200.00,0.483
175,2,76.00,190.00,145.00,217.00,0.669
175,2,478.00,136.00,761.00,221.00,0.888
176,2,474.00,181.00,508.00,197.00,0.251
176,2,579.00,170.00,607.00,184.00,0.252
176,2,688.00,175.00,724.00,189.00,0.262
176,2,677.00,175.00,708.00,188.00,0.265
176,2,587.00,172.00,641.00,194.00,0.268
176,2,570.00,177.00,603.00,194.00,0.294
176,2,535.00,183.00,569.00,197.00,0.303
176,2,654.00,175.00,683.00,189.00,0.334
176,2,579.00,166.00,619.00,187.00,0.349
176,2,521.00,184.00,553.00,198.00,0.377
176,2,501.00,183.00,536.00,198.00,0.397
176,2,558.00,178.00,586.00,191.00,0.414
176,2,491.00,182.00,519.00,195.00,0.517
176,2,67.00,190.00,130.00,216.00,0.622
176,2,462.00,130.00,754.00,222.00,0.866
177,2,599.00,182.00,629.00,202.00,0.255
177,2,627.00,186.00,660.00,203.00,0.258
177,2,490.00,183.00,526.00,196.00,0.260
177,2,646.00,186.00,675.00,201.00,0.271
177,2,539.00,182.00,570.00,197.00,0.275
177,2,706.00,173.00,745.00,190.00,0.285
177,2,579.00,166.00,613.00,187.00,0.289
177,2,655.00,176.00,685.00,189.00,0.295
177,2,571.00,175.00,601.00,195.00,0.300
177,2,519.00,181.00,549.00,196.00,0.315
177,2,553.00,178.00,584.00,195.00,0.328
177,2,646.00,176.00,672.00,190.00,0.355
177,2,508.00,182.00,537.00,197.00,0.405
177,2,444.00,134.00,748.00,226.00,0.844
177,2,60.00,191.00,118.00,218.00,0.846
178,2,507.00,183.00,539.00,198.00,0.262
178,2,653.00,185.00,685.00,199.00,0.265
178,2,597.00,182.00,627.00,201.00,0.275
178,2,585.00,177.00,614.00,194.00,0.278
178,2,559.00,171.00,587.00,186.00,0.279
178,2,541.00,178.00,568.00,194.00,0.298
178,2,628.00,188.00,658.00,204.00,0.299
178,2,644.00,188.00,677.00,203.00,0.302
178,2,569.00,169.00,598.00,187.00,0.317
178,2,456.00,181.00,484.00,195.00,0.327
178,2,647.00,178.00,675.00,192.00,0.331
178,2,708.00,173.00,738.00,187.00,0.369
178,2,494.00,184.00,523.00,198.00,0.380
178,2,553.00,175.00,582.00,193.00,0.384
178,2,519.00,180.00,549.00,197.00,0.384
178,2,48.00,189.00,107.00,215.00,0.437
178,2,426.00,133.00,739.00,226.00,0.798
179,2,456.00,183.00,488.00,196.00,0.256
179,2,616.00,186.00,644.00,202.00,0.257
179,2,644.00,178.00,675.00,192.00,0.268
179,2,567.00,175.00,596.00,194.00,0.270
179,2,581.00,180.00,612.00,198.00,0.272
179,2,552.00,177.00,584.00,194.00,0.292
179,2,595.00,184.00,628.00,202.00,0.307
179,2,641.00,186.00,676.00,201.00,0.314
179,2,630.00,179.00,659.00,192.00,0.327
179,2,629.00,186.00,661.00,202.00,0.330
179,2,481.00,181.00,512.00,195.00,0.341
179,2,508.00,180.00,538.00,194.00,0.369
179,2,494.00,181.00,522.00,195.00,0.383
179,2,540.00,178.00,569.00,194.00,0.385
179,2,699.00,172.00,724.00,185.00,0.387
179,2,522.00,178.00,554.00,193.00,0.390
179,2,428.00,182.00,462.00,197.00,0.529
179,2,413.00,129.00,728.00,227.00,0.833
180,2,645.00,184.00,682.00,200.00,0.251
180,2,595.00,186.00,628.00,203.00,0.269
180,2,579.00,181.00,611.00,200.00,0.270
180,2,615.00,180.00,642.00,193.00,0.272
180,2,564.00,177.00,596.00,194.00,0.291
180,2,433.00,184.00,470.00,198.00,0.292
180,2,511.00,181.00,543.00,195.00,0.296
180,2,477.00,183.00,507.00,198.00,0.307
180,2,554.00,176.00,582.00,193.00,0.315
180,2,539.00,177.00,569.00,194.00,0.325
180,2,681.00,174.00,709.00,188.00,0.337
180,2,521.00,177.00,554.00,193.00,0.338
180,2,494.00,184.00,523.00,199.00,0.374
180,2,695.00,170.00,720.00,182.00,0.415
180,2,413.00,182.00,457.00,200.00,0.477
180,2,406.00,124.00,709.00,223.00,0.838
181,2,510.00,179.00,541.00,197.00,0.258
181,2,462.00,183.00,490.00,197.00,0.260
181,2,520.00,175.00,552.00,196.00,0.264
181,2,406.00,182.00,439.00,195.00,0.266
181,2,492.00,182.00,523.00,199.00,0.270
181,2,597.00,186.00,628.00,204.00,0.273
181,2,641.00,181.00,678.00,198.00,0.289
181,2,537.00,175.00,568.00,197.00,0.292
181,2,659.00,175.00,694.00,191.00,0.307
181,2,429.00,181.00,456.00,192.00,0.334
181,2,552.00,178.00,581.00,197.00,0.350
181,2,564.00,179.00,595.00,199.00,0.351
181,2,386.00,126.00,698.00,224.00,0.847
182,2,610.00,185.00,644.00,199.00,0.255
182,2,644.00,175.00,680.00,192.00,0.263
182,2,534.00,176.00,568.00,197.00,0.263
182,2,581.00,184.00,614.00,201.00,0.284
182,2,551.00,180.00,580.00,199.00,0.305
182,2,569.00,174.00,596.00,188.00,0.339
182,2,669.00,169.00,692.00,182.00,0.345
182,2,566.00,180.00,598.00,197.00,0.353
182,2,675.00,166.00,695.00,179.00,0.532
182,2,366.00,122.00,686.00,224.00,0.896
183,2,459.00,181.00,492.00,199.00,0.253
183,2,532.00,180.00,565.00,199.00,0.261
183,2,550.00,186.00,581.00,204.00,0.264
183,2,566.00,187.00,600.00,203.00,0.276
183,2,645.00,173.00,671.00,188.00,0.287
183,2,582.00,180.00,613.00,193.00,0.307
183,2,433.00,177.00,462.00,190.00,0.339
183,2,584.00,186.00,615.00,201.00,0.349
183,2,355.00,120.00,672.00,225.00,0.924
184,2,551.00,186.00,585.00,204.00,0.252
184,2,581.00,186.00,619.00,201.00,0.255
184,2,566.00,188.00,598.00,204.00,0.282
184,2,567.00,178.00,598.00,192.00,0.292
184,2,533.00,184.00,565.00,202.00,0.303
184,2,642.00,171.00,663.00,185.00,0.502
184,2,343.00,119.00,653.00,223.00,0.903
185,2,534.00,184.00,568.00,202.00,0.269
185,2,568.00,180.00,599.00,193.00,0.280
185,2,568.00,187.00,600.00,202.00,0.287
185,2,554.00,181.00,581.00,195.00,0.302
185,2,582.00,185.00,618.00,200.00,0.313
185,2,620.00,174.00,653.00,190.00,0.341
185,2,555.00,187.00,581.00,204.00,0.351
185,2,639.00,170.00,662.00,185.00,0.700
185,2,331.00,118.00,642.00,224.00,0.921
186,2,518.00,182.00,551.00,202.00,0.251
186,2,502.00,180.00,533.00,198.00,0.280
186,2,536.00,186.00,566.00,203.00,0.305
186,2,554.00,180.00,582.00,193.00,0.335
186,2,555.00,186.00,586.00,201.00,0.338
186,2,566.00,185.00,599.00,200.00,0.342
186,2,596.00,177.00,634.00,196.00,0.351
186,2,578.00,183.00,618.00,202.00,0.358
186,2,610.00,174.00,641.00,189.00,0.404
186,2,640.00,171.00,661.00,184.00,0.628
186,2,303.00,119.00,633.00,227.00,0.919
187,2,503.00,185.00,535.00,202.00,0.289
187,2,563.00,185.00,599.00,201.00,0.323
187,2,550.00,186.00,582.00,201.00,0.338
187,2,521.00,186.00,553.00,203.00,0.355
187,2,578.00,181.00,616.00,198.00,0.359
187,2,539.00,187.00,570.00,202.00,0.373
187,2,595.00,177.00,631.00,194.00,0.445
187,2,1166.00,154.00,1241.00,198.00,0.463
187,2,637.00,173.00,661.00,186.00,0.562
187,2,278.00,118.00,623.00,230.00,0.942
188,2,490.00,183.00,517.00,201.00,0.275
188,2,564.00,182.00,600.00,198.00,0.276
188,2,530.00,183.00,563.00,198.00,0.309
188,2,505.00,185.00,537.00,202.00,0.335
188,2,548.00,184.00,583.00,200.00,0.345
188,2,583.00,179.00,615.00,194.00,0.381
188,2,638.00,174.00,663.00,186.00,0.422
188,2,524.00,186.00,553.00,203.00,0.422
188,2,604.00,178.00,628.00,191.00,0.656
188,2,1149.00,160.00,1242.00,200.00,0.779
188,2,265.00,120.00,607.00,227.00,0.936
189,2,544.00,181.00,580.00,198.00,0.282
189,2,574.00,179.00,607.00,194.00,0.358
189,2,533.00,184.00,565.00,199.00,0.364
189,2,509.00,187.00,538.00,203.00,0.383
189,2,521.00,185.00,553.00,201.00,0.384
189,2,640.00,174.00,663.00,186.00,0.514
189,2,607.00,178.00,627.00,191.00,0.557
189,2,588.00,177.00,609.00,191.00,0.625
189,2,1140.00,160.00,1242.00,203.00,0.710
189,2,249.00,119.00,591.00,228.00,0.938
190,2,503.00,184.00,534.00,199.00,0.285
190,2,548.00,177.00,586.00,195.00,0.305
190,2,520.00,183.00,555.00,200.00,0.392
190,2,496.00,184.00,519.00,198.00,0.410
190,2,638.00,174.00,663.00,186.00,0.451
190,2,569.00,175.00,601.00,192.00,0.549
190,2,606.00,178.00,628.00,192.00,0.615
190,2,1128.00,157.00,1242.00,200.00,0.817
190,2,234.00,120.00,581.00,232.00,0.930
191,2,519.00,181.00,554.00,198.00,0.275
191,2,533.00,179.00,568.00,196.00,0.279
191,2,638.00,174.00,663.00,186.00,0.443
191,2,582.00,177.00,606.00,192.00,0.620
191,2,607.00,178.00,628.00,192.00,0.623
191,2,558.00,176.00,588.00,195.00,0.641
191,2,1114.00,164.00,1236.00,199.00,0.888
191,2,209.00,116.00,575.00,234.00,0.927
192,2,461.00,183.00,488.00,201.00,0.263
192,2,502.00,183.00,534.00,200.00,0.284
192,2,536.00,178.00,566.00,193.00,0.291
192,2,519.00,179.00,549.00,195.00,0.333
192,2,638.00,173.00,663.00,186.00,0.475
192,2,607.00,177.00,628.00,192.00,0.637
192,2,582.00,177.00,607.00,193.00,0.648
192,2,555.00,176.00,586.00,196.00,0.759
192,2,1104.00,162.00,1236.00,197.00,0.912
192,2,184.00,117.00,555.00,235.00,0.923
193,2,501.00,180.00,534.00,198.00,0.297
193,2,472.00,183.00,503.00,197.00,0.300
193,2,462.00,183.00,492.00,200.00,0.309
193,2,488.00,181.00,522.00,198.00,0.361
193,2,637.00,174.00,662.00,186.00,0.439
193,2,606.00,177.00,628.00,192.00,0.645
193,2,582.00,176.00,608.00,193.00,0.671
193,2,535.00,178.00,561.00,194.00,0.753
193,2,557.00,177.00,586.00,195.00,0.794
193,2,1090.00,162.00,1228.00,199.00,0.916
193,2,157.00,117.00,543.00,241.00,0.923
194,2,517.00,177.00,548.00,196.00,0.310
194,2,638.00,174.00,662.00,186.00,0.419
194,2,606.00,177.00,628.00,192.00,0.635
194,2,582.00,177.00,608.00,193.00,0.649
194,2,528.00,178.00,560.00,196.00,0.698
194,2,556.00,177.00,586.00,196.00,0.815
194,2,1079.00,163.00,1222.00,199.00,0.893
194,2,129.00,122.00,532.00,242.00,0.914
195,2,639.00,174.00,662.00,186.00,0.371
195,2,260.00,148.00,378.00,264.00,0.380
195,2,607.00,177.00,628.00,192.00,0.607
195,2,581.00,176.00,607.00,193.00,0.629
195,2,510.00,178.00,539.00,197.00,0.751
195,2,534.00,178.00,561.00,195.00,0.767
195,2,556.00,177.00,586.00,196.00,0.804
195,2,1070.00,164.00,1205.00,199.00,0.853
195,2,109.00,115.00,520.00,243.00,0.884
196,2,251.00,153.00,379.00,267.00,0.412
196,2,639.00,174.00,662.00,186.00,0.436
196,2,607.00,177.00,628.00,192.00,0.604
196,2,582.00,176.00,607.00,193.00,0.616
196,2,534.00,178.00,562.00,195.00,0.761
196,2,556.00,177.00,586.00,195.00,0.790
196,2,1057.00,163.00,1202.00,200.00,0.801
196,2,510.00,178.00,540.00,197.00,0.818
196,2,70.00,107.00,500.00,255.00,0.925
197,2,640.00,174.00,662.00,186.00,0.465
197,2,607.00,178.00,628.00,192.00,0.613
197,2,582.00,176.00,607.00,193.00,0.627
197,2,534.00,178.00,562.00,195.00,0.760
197,2,556.00,177.00,586.00,195.00,0.800
197,2,509.00,177.00,541.00,197.00,0.827
197,2,1049.00,165.00,1188.00,201.00,0.833
197,2,30.00,101.00,481.00,261.00,0.923
198,2,639.00,174.00,661.00,186.00,0.448
198,2,607.00,178.00,628.00,192.00,0.609
198,2,582.00,176.00,607.00,193.00,0.632
198,2,533.00,178.00,562.00,195.00,0.762
198,2,556.00,177.00,586.00,196.00,0.801
198,2,509.00,177.00,541.00,198.00,0.817
198,2,1040.00,165.00,1165.00,200.00,0.877
198,2,10.00,100.00,472.00,264.00,0.951
199,2,641.00,173.00,661.00,185.00,0.539
199,2,607.00,177.00,628.00,192.00,0.609
199,2,582.00,176.00,607.00,193.00,0.621
199,2,534.00,178.00,561.00,195.00,0.755
199,2,556.00,177.00,586.00,196.00,0.801
199,2,509.00,178.00,540.00,198.00,0.814
199,2,1031.00,165.00,1156.00,201.00,0.921
199,2,6.00,99.00,459.00,265.00,0.951
200,2,640.00,173.00,661.00,185.00,0.567
200,2,607.00,178.00,628.00,192.00,0.610
200,2,582.00,176.00,607.00,193.00,0.644
200,2,534.00,178.00,562.00,195.00,0.750
200,2,557.00,177.00,586.00,196.00,0.800
200,2,509.00,178.00,540.00,198.00,0.820
200,2,1025.00,165.00,1152.00,200.00,0.930
200,2,0.00,97.00,440.00,272.00,0.950
201,2,640.00,173.00,660.00,186.00,0.587
201,2,607.00,178.00,628.00,192.00,0.634
201,2,583.00,176.00,607.00,193.00,0.637
201,2,534.00,178.00,561.00,195.00,0.760
201,2,557.00,177.00,585.00,196.00,0.799
201,2,509.00,178.00,540.00,198.00,0.819
201,2,1019.00,165.00,1148.00,201.00,0.934
201,2,0.00,96.00,434.00,277.00,0.958
202,2,641.00,173.00,661.00,186.00,0.640
202,2,607.00,178.00,628.00,192.00,0.640
202,2,583.00,177.00,607.00,193.00,0.641
202,2,534.00,178.00,562.00,195.00,0.765
202,2,557.00,177.00,585.00,196.00,0.797
202,2,509.00,178.00,540.00,198.00,0.817
202,2,1010.00,165.00,1144.00,201.00,0.938
202,2,0.00,95.00,411.00,280.00,0.954
203,2,640.00,173.00,660.00,185.00,0.570
203,2,608.00,178.00,628.00,192.00,0.623
203,2,583.00,177.00,606.00,193.00,0.631
203,2,534.00,178.00,561.00,195.00,0.751
203,2,557.00,177.00,585.00,196.00,0.801
203,2,510.00,178.00,539.00,198.00,0.808
203,2,1006.00,164.00,1141.00,201.00,0.930
203,2,0.00,95.00,383.00,283.00,0.952
204,2,640.00,173.00,660.00,185.00,0.517
204,2,608.00,178.00,628.00,192.00,0.619
204,2,583.00,177.00,607.00,193.00,0.633
204,2,534.00,178.00,561.00,195.00,0.757
204,2,557.00,177.00,585.00,196.00,0.795
204,2,510.00,178.00,539.00,198.00,0.813
204,2,1003.00,165.00,1134.00,201.00,0.926
204,2,0.00,87.00,339.00,285.00,0.965
205,2,641.00,173.00,661.00,185.00,0.542
205,2,607.00,178.00,628.00,192.00,0.625
205,2,583.00,177.00,606.00,193.00,0.627
205,2,534.00,178.00,561.00,195.00,0.749
205,2,557.00,177.00,585.00,196.00,0.793
205,2,510.00,178.00,539.00,198.00,0.812
205,2,999.00,165.00,1128.00,201.00,0.941
205,2,0.00,88.00,339.00,287.00,0.965
206,2,641.00,173.00,660.00,185.00,0.482
206,2,608.00,178.00,628.00,192.00,0.630
206,2,583.00,177.00,606.00,193.00,0.635
206,2,534.00,178.00,561.00,195.00,0.755
206,2,557.00,177.00,585.00,196.00,0.800
206,2,509.00,178.00,539.00,198.00,0.818
206,2,997.00,165.00,1124.00,201.00,0.949
206,2,0.00,90.00,339.00,287.00,0.955
207,2,640.00,173.00,660.00,186.00,0.526
207,2,583.00,177.00,606.00,193.00,0.631
207,2,608.00,178.00,628.00,192.00,0.633
207,2,535.00,178.00,561.00,195.00,0.758
207,2,557.00,177.00,585.00,196.00,0.799
207,2,510.00,178.00,539.00,198.00,0.817
207,2,994.00,165.00,1122.00,201.00,0.937
207,2,0.00,92.00,325.00,291.00,0.948
208,2,640.00,173.00,660.00,185.00,0.483
208,2,608.00,178.00,628.00,192.00,0.627
208,2,583.00,177.00,607.00,193.00,0.640
208,2,535.00,178.00,561.00,195.00,0.757
208,2,557.00,177.00,585.00,196.00,0.790
208,2,510.00,178.00,539.00,198.00,0.808
208,2,992.00,166.00,1118.00,201.00,0.919
208,2,0.00,91.00,308.00,294.00,0.942
209,2,639.00,173.00,660.00,186.00,0.501
209,2,583.00,177.00,606.00,193.00,0.630
209,2,608.00,178.00,628.00,192.00,0.635
209,2,535.00,178.00,561.00,195.00,0.757
209,2,557.00,177.00,585.00,196.00,0.793
209,2,510.00,178.00,539.00,198.00,0.811
209,2,990.00,166.00,1117.00,201.00,0.942
209,2,1.00,90.00,279.00,296.00,0.949
210,2,640.00,173.00,660.00,185.00,0.489
210,2,583.00,177.00,607.00,193.00,0.637
210,2,607.00,178.00,628.00,192.00,0.640
210,2,534.00,178.00,561.00,195.00,0.756
210,2,557.00,177.00,585.00,196.00,0.789
210,2,510.00,178.00,539.00,198.00,0.811
210,2,990.00,166.00,1116.00,201.00,0.946
210,2,1.00,93.00,255.00,294.00,0.955
211,2,638.00,174.00,658.00,186.00,0.531
211,2,608.00,178.00,628.00,192.00,0.625
211,2,583.00,177.00,606.00,193.00,0.643
211,2,534.00,178.00,561.00,195.00,0.757
211,2,557.00,177.00,585.00,196.00,0.791
211,2,510.00,178.00,539.00,198.00,0.810
211,2,0.00,92.00,230.00,297.00,0.950
211,2,989.00,166.00,1115.00,201.00,0.954
212,2,637.00,174.00,658.00,186.00,0.514
212,2,583.00,177.00,606.00,193.00,0.633
212,2,607.00,178.00,628.00,192.00,0.636
212,2,535.00,178.00,561.00,195.00,0.761
212,2,557.00,177.00,585.00,196.00,0.792
212,2,509.00,178.00,539.00,198.00,0.815
212,2,989.00,166.00,1114.00,201.00,0.954
212,2,0.00,94.00,202.00,297.00,0.955
213,2,638.00,173.00,658.00,186.00,0.525
213,2,607.00,177.00,628.00,192.00,0.636
213,2,583.00,177.00,607.00,193.00,0.637
213,2,534.00,178.00,561.00,195.00,0.761
213,2,557.00,177.00,585.00,196.00,0.794
213,2,510.00,178.00,540.00,198.00,0.816
213,2,1.00,93.00,174.00,305.00,0.953
213,2,987.00,166.00,1114.00,201.00,0.957
214,2,638.00,173.00,658.00,186.00,0.539
214,2,607.00,178.00,628.00,192.00,0.625
214,2,583.00,177.00,607.00,193.00,0.650
214,2,534.00,178.00,561.00,195.00,0.759
214,2,557.00,177.00,585.00,196.00,0.796
214,2,510.00,178.00,540.00,198.00,0.815
214,2,0.00,94.00,141.00,309.00,0.932
214,2,987.00,166.00,1113.00,201.00,0.955
215,2,638.00,174.00,657.00,186.00,0.492
215,2,583.00,177.00,606.00,193.00,0.638
215,2,607.00,178.00,628.00,192.00,0.649
215,2,534.00,178.00,562.00,195.00,0.762
215,2,557.00,177.00,585.00,196.00,0.796
215,2,510.00,178.00,540.00,198.00,0.822
215,2,0.00,86.00,108.00,323.00,0.907
215,2,986.00,166.00,1112.00,201.00,0.954
216,2,636.00,174.00,656.00,186.00,0.387
216,2,607.00,178.00,628.00,192.00,0.641
216,2,583.00,177.00,607.00,193.00,0.642
216,2,534.00,178.00,561.00,196.00,0.770
216,2,557.00,177.00,586.00,196.00,0.793
216,2,509.00,178.00,540.00,198.00,0.822
216,2,0.00,77.00,66.00,338.00,0.853
216,2,986.00,166.00,1113.00,201.00,0.954
217,2,608.00,178.00,627.00,192.00,0.604
217,2,583.00,177.00,606.00,193.00,0.637
217,2,534.00,178.00,561.00,195.00,0.768
217,2,557.00,177.00,585.00,196.00,0.794
217,2,509.00,178.00,540.00,198.00,0.822
217,2,986.00,166.00,1112.00,201.00,0.953
218,2,607.00,178.00,627.00,192.00,0.610
218,2,583.00,177.00,607.00,193.00,0.646
218,2,534.00,178.00,561.00,195.00,0.766
218,2,557.00,177.00,585.00,196.00,0.794
218,2,510.00,178.00,540.00,198.00,0.818
218,2,986.00,166.00,1113.00,202.00,0.954
219,2,607.00,178.00,627.00,192.00,0.590
219,2,583.00,177.00,606.00,193.00,0.633
219,2,534.00,178.00,561.00,195.00,0.764
219,2,557.00,177.00,585.00,196.00,0.794
219,2,510.00,178.00,540.00,198.00,0.821
219,2,986.00,166.00,1112.00,201.00,0.953
220,2,607.00,178.00,627.00,192.00,0.599
220,2,583.00,177.00,607.00,193.00,0.643
220,2,534.00,178.00,562.00,195.00,0.766
220,2,557.00,177.00,585.00,196.00,0.795
220,2,509.00,178.00,540.00,198.00,0.821
220,2,986.00,165.00,1113.00,201.00,0.955
221,2,607.00,178.00,627.00,192.00,0.602
221,2,583.00,177.00,607.00,193.00,0.644
221,2,534.00,178.00,561.00,195.00,0.771
221,2,557.00,177.00,585.00,196.00,0.797
221,2,509.00,178.00,540.00,198.00,0.821
221,2,986.00,165.00,1113.00,201.00,0.954
222,2,607.00,178.00,627.00,192.00,0.628
222,2,583.00,177.00,606.00,193.00,0.630
222,2,534.00,178.00,561.00,195.00,0.769
222,2,557.00,177.00,585.00,196.00,0.796
222,2,509.00,178.00,540.00,198.00,0.818
222,2,986.00,166.00,1113.00,201.00,0.954
223,2,607.00,178.00,627.00,192.00,0.595
223,2,583.00,177.00,606.00,193.00,0.644
223,2,534.00,178.00,561.00,195.00,0.764
223,2,557.00,177.00,586.00,196.00,0.796
223,2,509.00,178.00,540.00,198.00,0.818
223,2,986.00,166.00,1113.00,201.00,0.954
224,2,633.00,175.00,654.00,187.00,0.354
224,2,607.00,177.00,628.00,192.00,0.613
224,2,583.00,177.00,607.00,193.00,0.638
224,2,534.00,178.00,561.00,195.00,0.773
224,2,556.00,177.00,586.00,196.00,0.797
224,2,509.00,178.00,540.00,198.00,0.824
224,2,986.00,166.00,1113.00,201.00,0.953
225,2,633.00,175.00,653.00,187.00,0.466
225,2,607.00,177.00,628.00,192.00,0.619
225,2,583.00,176.00,606.00,193.00,0.636
225,2,534.00,178.00,562.00,195.00,0.763
225,2,557.00,177.00,585.00,196.00,0.797
225,2,509.00,178.00,540.00,198.00,0.827
225,2,986.00,166.00,1113.00,201.00,0.954
226,2,632.00,175.00,652.00,187.00,0.360
226,2,607.00,178.00,628.00,192.00,0.599
226,2,583.00,177.00,607.00,193.00,0.651
226,2,534.00,178.00,561.00,195.00,0.770
226,2,557.00,177.00,586.00,196.00,0.793
226,2,509.00,178.00,540.00,198.00,0.822
226,2,986.00,166.00,1113.00,201.00,0.953
227,2,630.00,175.00,651.00,187.00,0.257
227,2,607.00,178.00,627.00,192.00,0.613
227,2,583.00,177.00,607.00,193.00,0.642
227,2,534.00,178.00,561.00,195.00,0.766
227,2,557.00,177.00,585.00,196.00,0.796
227,2,509.00,178.00,540.00,198.00,0.820
227,2,986.00,166.00,1113.00,201.00,0.954
228,2,630.00,175.00,651.00,188.00,0.483
228,2,608.00,178.00,628.00,192.00,0.605
228,2,583.00,177.00,606.00,193.00,0.646
228,2,534.00,178.00,562.00,195.00,0.767
228,2,557.00,177.00,585.00,196.00,0.798
228,2,510.00,178.00,540.00,198.00,0.821
228,2,986.00,166.00,1113.00,201.00,0.955
229,2,629.00,176.00,651.00,188.00,0.504
229,2,607.00,178.00,628.00,192.00,0.617
229,2,583.00,176.00,607.00,193.00,0.646
229,2,534.00,178.00,562.00,195.00,0.769
229,2,557.00,177.00,586.00,196.00,0.795
229,2,509.00,178.00,540.00,198.00,0.818
229,2,986.00,166.00,1112.00,201.00,0.955
230,2,629.00,176.00,650.00,188.00,0.324
230,2,607.00,178.00,627.00,192.00,0.619
230,2,583.00,177.00,606.00,193.00,0.635
230,2,534.00,178.00,562.00,195.00,0.765
230,2,557.00,177.00,585.00,196.00,0.796
230,2,509.00,178.00,540.00,198.00,0.823
230,2,986.00,166.00,1113.00,201.00,0.955
231,2,629.00,175.00,651.00,188.00,0.377
231,2,607.00,178.00,628.00,192.00,0.622
231,2,583.00,177.00,606.00,193.00,0.639
231,2,534.00,178.00,561.00,195.00,0.769
231,2,557.00,177.00,585.00,196.00,0.796
231,2,509.00,178.00,540.00,198.00,0.818
231,2,986.00,166.00,1113.00,201.00,0.954
232,2,629.00,175.00,651.00,188.00,0.386
232,2,607.00,178.00,628.00,192.00,0.624
232,2,583.00,177.00,606.00,193.00,0.637
232,2,534.00,178.00,562.00,195.00,0.766
232,2,557.00,177.00,585.00,196.00,0.796
232,2,509.00,178.00,540.00,198.00,0.823
232,2,986.00,166.00,1113.00,201.00,0.954
