0,2,324.00,177.00,357.00,196.00,0.807
0,2,256.00,174.00,306.00,201.00,0.876
0,2,571.00,172.00,610.00,210.00,0.940
1,2,410.00,170.00,433.00,185.00,0.261
1,2,315.00,175.00,351.00,195.00,0.880
1,2,572.00,171.00,610.00,209.00,0.931
1,2,242.00,173.00,294.00,200.00,0.939
2,2,306.00,175.00,342.00,195.00,0.851
2,2,572.00,171.00,610.00,209.00,0.937
2,2,227.00,173.00,283.00,201.00,0.944
3,2,297.00,173.00,336.00,194.00,0.904
3,2,572.00,171.00,610.00,208.00,0.931
3,2,211.00,171.00,270.00,201.00,0.941
4,2,287.00,172.00,329.00,194.00,0.899
4,2,572.00,170.00,610.00,208.00,0.925
4,2,192.00,169.00,256.00,202.00,0.947
5,2,573.00,170.00,610.00,208.00,0.914
5,2,275.00,170.00,320.00,194.00,0.914
5,2,173.00,168.00,242.00,203.00,0.944
6,2,151.00,168.00,225.00,205.00,0.920
6,2,261.00,171.00,308.00,195.00,0.923
6,2,572.00,170.00,610.00,208.00,0.923
7,2,248.00,171.00,299.00,197.00,0.910
7,2,127.00,167.00,208.00,206.00,0.930
7,2,573.00,170.00,611.00,209.00,0.940
8,2,233.00,174.00,287.00,199.00,0.927
8,2,98.00,168.00,188.00,209.00,0.930
8,2,572.00,172.00,612.00,210.00,0.949
9,2,378.00,173.00,404.00,189.00,0.361
9,2,218.00,174.00,276.00,201.00,0.915
9,2,69.00,170.00,164.00,212.00,0.945
9,2,573.00,173.00,612.00,211.00,0.950
10,2,372.00,175.00,400.00,190.00,0.433
10,2,32.00,170.00,140.00,216.00,0.949
10,2,198.00,175.00,262.00,204.00,0.949
10,2,575.00,174.00,613.00,212.00,0.953
11,2,368.00,177.00,395.00,192.00,0.645
11,2,182.00,175.00,248.00,206.00,0.940
11,2,0.00,170.00,112.00,220.00,0.944
11,2,575.00,174.00,613.00,213.00,0.956
12,2,361.00,176.00,390.00,194.00,0.667
12,2,0.00,171.00,82.00,222.00,0.923
12,2,162.00,176.00,229.00,208.00,0.938
12,2,575.00,174.00,614.00,213.00,0.957
13,2,355.00,177.00,384.00,194.00,0.817
13,2,0.00,171.00,46.00,223.00,0.878
13,2,135.00,175.00,210.00,209.00,0.929
13,2,575.00,174.00,615.00,213.00,0.952
14,2,349.00,176.00,380.00,194.00,0.847
14,2,110.00,174.00,191.00,211.00,0.940
14,2,576.00,173.00,614.00,213.00,0.941
15,2,341.00,176.00,374.00,193.00,0.791
15,2,80.00,174.00,168.00,211.00,0.935
15,2,575.00,172.00,614.00,213.00,0.945
16,2,334.00,174.00,368.00,192.00,0.828
16,2,47.00,173.00,147.00,213.00,0.937
16,2,575.00,171.00,615.00,212.00,0.948
17,2,326.00,174.00,363.00,192.00,0.867
17,2,7.00,172.00,118.00,215.00,0.928
17,2,575.00,171.00,615.00,212.00,0.945
18,2,315.00,174.00,353.00,193.00,0.896
18,2,1.00,172.00,86.00,219.00,0.934
18,2,574.00,171.00,614.00,212.00,0.942
19,2,1.00,174.00,53.00,219.00,0.862
19,2,305.00,174.00,346.00,193.00,0.881
19,2,573.00,171.00,615.00,212.00,0.943
20,2,295.00,176.00,338.00,195.00,0.898
20,2,573.00,173.00,615.00,213.00,0.945
21,2,284.00,175.00,328.00,196.00,0.902
21,2,573.00,173.00,615.00,213.00,0.946
22,2,272.00,174.00,319.00,196.00,0.916
22,2,573.00,172.00,614.00,212.00,0.942
23,2,330.00,161.00,361.00,182.00,0.611
23,2,260.00,173.00,310.00,196.00,0.933
23,2,572.00,170.00,614.00,212.00,0.947
24,2,324.00,161.00,359.00,183.00,0.291
24,2,378.00,169.00,409.00,185.00,0.391
24,2,247.00,174.00,299.00,197.00,0.923
24,2,572.00,170.00,614.00,211.00,0.945
25,2,317.00,160.00,350.00,181.00,0.284
25,2,376.00,170.00,406.00,186.00,0.532
25,2,232.00,173.00,289.00,198.00,0.928
25,2,571.00,170.00,614.00,212.00,0.945
26,2,364.00,170.00,394.00,186.00,0.270
26,2,312.00,161.00,348.00,185.00,0.743
26,2,220.00,175.00,277.00,200.00,0.832
26,2,571.00,169.00,614.00,212.00,0.944
27,2,363.00,170.00,395.00,186.00,0.589
27,2,307.00,160.00,346.00,186.00,0.717
27,2,203.00,174.00,263.00,201.00,0.918
27,2,571.00,169.00,614.00,213.00,0.946
28,2,357.00,171.00,392.00,188.00,0.487
28,2,299.00,160.00,337.00,185.00,0.556
28,2,187.00,174.00,251.00,203.00,0.915
28,2,571.00,170.00,614.00,213.00,0.947
29,2,349.00,169.00,379.00,186.00,0.429
29,2,294.00,159.00,333.00,186.00,0.814
29,2,168.00,174.00,237.00,204.00,0.918
29,2,571.00,169.00,614.00,213.00,0.947
30,2,345.00,169.00,382.00,186.00,0.712
30,2,288.00,158.00,330.00,184.00,0.858
30,2,146.00,173.00,223.00,204.00,0.903
30,2,571.00,168.00,614.00,212.00,0.944
31,2,339.00,167.00,375.00,185.00,0.703
31,2,279.00,158.00,322.00,183.00,0.881
31,2,126.00,172.00,207.00,205.00,0.913
31,2,571.00,167.00,615.00,211.00,0.944
32,2,332.00,167.00,367.00,185.00,0.706
32,2,270.00,158.00,315.00,186.00,0.865
32,2,101.00,173.00,189.00,207.00,0.915
32,2,571.00,167.00,615.00,212.00,0.947
33,2,328.00,170.00,371.00,188.00,0.747
33,2,261.00,159.00,308.00,187.00,0.901
33,2,76.00,175.00,171.00,211.00,0.916
33,2,571.00,168.00,615.00,213.00,0.947
34,2,323.00,170.00,366.00,190.00,0.770
34,2,257.00,159.00,303.00,187.00,0.867
34,2,51.00,176.00,149.00,214.00,0.922
34,2,571.00,169.00,616.00,214.00,0.951
35,2,316.00,172.00,354.00,190.00,0.780
35,2,247.00,160.00,295.00,188.00,0.880
35,2,18.00,176.00,130.00,218.00,0.914
35,2,571.00,169.00,615.00,214.00,0.951
36,2,0.00,190.00,34.00,219.00,0.373
36,2,310.00,171.00,352.00,191.00,0.764
36,2,240.00,159.00,289.00,189.00,0.846
36,2,2.00,176.00,106.00,219.00,0.946
36,2,570.00,169.00,616.00,214.00,0.951
37,2,304.00,170.00,350.00,191.00,0.781
37,2,230.00,158.00,281.00,188.00,0.909
37,2,0.00,175.00,81.00,221.00,0.930
37,2,570.00,168.00,616.00,214.00,0.957
38,2,312.00,168.00,353.00,189.00,0.437
38,2,296.00,170.00,339.00,190.00,0.744
38,2,224.00,157.00,274.00,188.00,0.872
38,2,0.00,175.00,50.00,221.00,0.892
38,2,570.00,168.00,616.00,214.00,0.960
39,2,0.00,178.00,17.00,221.00,0.562
39,2,288.00,170.00,341.00,193.00,0.766
39,2,212.00,157.00,266.00,189.00,0.923
39,2,570.00,168.00,617.00,215.00,0.961
40,2,301.00,169.00,342.00,191.00,0.355
40,2,278.00,172.00,329.00,193.00,0.817
40,2,202.00,157.00,259.00,190.00,0.907
40,2,570.00,168.00,616.00,215.00,0.958
41,2,272.00,173.00,320.00,194.00,0.739
41,2,194.00,158.00,250.00,191.00,0.940
41,2,571.00,169.00,616.00,216.00,0.956
42,2,0.00,166.00,22.00,204.00,0.251
42,2,289.00,172.00,329.00,193.00,0.457
42,2,260.00,177.00,308.00,196.00,0.807
42,2,180.00,159.00,244.00,193.00,0.921
42,2,571.00,170.00,617.00,217.00,0.953
43,2,251.00,177.00,301.00,197.00,0.720
43,2,275.00,172.00,326.00,195.00,0.754
43,2,169.00,158.00,232.00,194.00,0.920
43,2,571.00,170.00,618.00,217.00,0.950
44,2,270.00,172.00,318.00,195.00,0.706
44,2,240.00,177.00,295.00,197.00,0.837
44,2,157.00,158.00,225.00,196.00,0.894
44,2,571.00,170.00,618.00,217.00,0.950
45,2,262.00,172.00,314.00,197.00,0.853
45,2,229.00,178.00,287.00,199.00,0.882
45,2,145.00,158.00,214.00,197.00,0.928
45,2,572.00,170.00,619.00,218.00,0.947
46,2,2.00,166.00,51.00,198.00,0.625
46,2,254.00,170.00,306.00,197.00,0.849
46,2,219.00,177.00,278.00,200.00,0.895
46,2,132.00,159.00,201.00,199.00,0.900
46,2,572.00,171.00,620.00,220.00,0.945
47,2,0.00,169.00,40.00,200.00,0.783
47,2,243.00,173.00,297.00,200.00,0.874
47,2,115.00,159.00,194.00,202.00,0.897
47,2,206.00,179.00,270.00,204.00,0.905
47,2,573.00,172.00,621.00,220.00,0.944
48,2,0.00,167.00,26.00,200.00,0.639
48,2,238.00,172.00,293.00,198.00,0.873
48,2,195.00,180.00,261.00,205.00,0.908
48,2,99.00,159.00,181.00,202.00,0.911
48,2,573.00,171.00,621.00,220.00,0.949
49,2,229.00,169.00,287.00,199.00,0.805
49,2,83.00,157.00,170.00,203.00,0.913
49,2,181.00,178.00,248.00,204.00,0.918
49,2,573.00,171.00,623.00,219.00,0.952
50,2,218.00,171.00,275.00,199.00,0.866
50,2,167.00,177.00,237.00,205.00,0.917
50,2,64.00,154.00,155.00,202.00,0.935
50,2,574.00,171.00,623.00,219.00,0.953
51,2,379.00,172.00,406.00,187.00,0.368
51,2,201.00,170.00,265.00,200.00,0.881
51,2,151.00,179.00,226.00,206.00,0.915
51,2,45.00,153.00,143.00,204.00,0.929
51,2,574.00,170.00,624.00,220.00,0.953
52,2,374.00,173.00,400.00,188.00,0.446
52,2,188.00,170.00,256.00,202.00,0.890
52,2,134.00,179.00,215.00,207.00,0.917
52,2,26.00,153.00,128.00,205.00,0.941
52,2,576.00,171.00,624.00,220.00,0.950
53,2,379.00,172.00,408.00,188.00,0.321
53,2,369.00,173.00,394.00,188.00,0.457
53,2,175.00,171.00,246.00,204.00,0.840
53,2,116.00,179.00,197.00,208.00,0.891
53,2,1.00,151.00,114.00,206.00,0.926
53,2,576.00,171.00,625.00,220.00,0.959
54,2,387.00,171.00,416.00,187.00,0.514
54,2,365.00,173.00,393.00,189.00,0.634
54,2,158.00,172.00,236.00,205.00,0.894
54,2,95.00,179.00,182.00,211.00,0.914
54,2,0.00,152.00,96.00,208.00,0.925
54,2,577.00,172.00,625.00,221.00,0.962
55,2,378.00,171.00,408.00,187.00,0.492
55,2,173.00,169.00,229.00,197.00,0.513
55,2,360.00,172.00,388.00,190.00,0.688
55,2,74.00,178.00,166.00,211.00,0.885
55,2,144.00,172.00,224.00,206.00,0.886
55,2,0.00,154.00,77.00,208.00,0.931
55,2,577.00,171.00,626.00,222.00,0.964
56,2,380.00,169.00,409.00,187.00,0.684
56,2,170.00,167.00,221.00,194.00,0.766
56,2,356.00,172.00,385.00,189.00,0.772
56,2,0.00,158.00,64.00,208.00,0.818
56,2,51.00,180.00,151.00,215.00,0.894
56,2,126.00,173.00,209.00,207.00,0.920
56,2,577.00,171.00,627.00,221.00,0.954
57,2,0.00,159.00,45.00,210.00,0.678
57,2,351.00,171.00,381.00,188.00,0.699
57,2,385.00,169.00,412.00,186.00,0.699
57,2,154.00,168.00,211.00,196.00,0.811
57,2,31.00,178.00,136.00,216.00,0.918
57,2,112.00,173.00,196.00,208.00,0.924
57,2,578.00,170.00,628.00,222.00,0.943
58,2,376.00,169.00,406.00,187.00,0.702
58,2,349.00,171.00,380.00,189.00,0.815
58,2,144.00,168.00,200.00,195.00,0.826
58,2,1.00,179.00,117.00,219.00,0.924
58,2,95.00,174.00,181.00,211.00,0.929
58,2,576.00,170.00,629.00,221.00,0.942
59,2,377.00,169.00,407.00,187.00,0.750
59,2,344.00,171.00,380.00,188.00,0.794
59,2,126.00,167.00,192.00,198.00,0.868
59,2,0.00,179.00,93.00,220.00,0.920
59,2,72.00,172.00,169.00,212.00,0.928
59,2,576.00,169.00,630.00,221.00,0.945
60,2,369.00,169.00,401.00,187.00,0.603
60,2,339.00,170.00,374.00,189.00,0.791
60,2,110.00,165.00,180.00,197.00,0.833
60,2,1.00,179.00,75.00,221.00,0.918
60,2,52.00,171.00,154.00,214.00,0.924
60,2,577.00,169.00,631.00,221.00,0.950
61,2,361.00,169.00,394.00,187.00,0.705
61,2,336.00,170.00,370.00,188.00,0.788
61,2,1.00,177.00,50.00,222.00,0.839
61,2,93.00,166.00,165.00,199.00,0.858
61,2,31.00,170.00,140.00,215.00,0.918
61,2,578.00,168.00,632.00,221.00,0.960
62,2,349.00,170.00,388.00,187.00,0.420
62,2,0.00,176.00,24.00,225.00,0.713
62,2,368.00,169.00,399.00,187.00,0.722
62,2,330.00,170.00,366.00,188.00,0.809
62,2,80.00,165.00,158.00,198.00,0.879
62,2,6.00,170.00,123.00,216.00,0.917
62,2,579.00,167.00,632.00,221.00,0.953
63,2,350.00,169.00,386.00,187.00,0.521
63,2,369.00,167.00,400.00,186.00,0.763
63,2,325.00,170.00,362.00,189.00,0.790
63,2,64.00,166.00,141.00,199.00,0.872
63,2,579.00,169.00,632.00,222.00,0.952
63,2,1.00,169.00,105.00,218.00,0.958
64,2,364.00,170.00,396.00,187.00,0.275
64,2,349.00,170.00,383.00,188.00,0.746
64,2,321.00,171.00,357.00,190.00,0.844
64,2,51.00,165.00,135.00,201.00,0.874
64,2,1.00,170.00,85.00,222.00,0.931
64,2,580.00,169.00,633.00,222.00,0.953
65,2,360.00,169.00,392.00,188.00,0.430
65,2,340.00,170.00,376.00,189.00,0.639
65,2,316.00,172.00,353.00,191.00,0.840
65,2,30.00,166.00,124.00,203.00,0.895
65,2,0.00,170.00,62.00,224.00,0.926
65,2,579.00,170.00,634.00,224.00,0.958
66,2,343.00,170.00,376.00,190.00,0.762
66,2,0.00,171.00,40.00,223.00,0.859
66,2,310.00,172.00,349.00,192.00,0.865
66,2,24.00,165.00,110.00,204.00,0.895
66,2,581.00,170.00,635.00,224.00,0.962
67,2,0.00,172.00,13.00,223.00,0.431
67,2,361.00,170.00,390.00,188.00,0.657
67,2,336.00,170.00,370.00,189.00,0.729
67,2,304.00,171.00,346.00,192.00,0.847
67,2,4.00,166.00,96.00,205.00,0.896
67,2,581.00,171.00,636.00,225.00,0.964
68,2,355.00,170.00,385.00,188.00,0.586
68,2,334.00,169.00,370.00,189.00,0.723
68,2,299.00,171.00,339.00,192.00,0.876
68,2,0.00,165.00,80.00,206.00,0.883
68,2,581.00,170.00,637.00,225.00,0.963
69,2,353.00,169.00,385.00,188.00,0.661
69,2,328.00,169.00,363.00,190.00,0.779
69,2,2.00,165.00,64.00,204.00,0.880
69,2,293.00,171.00,335.00,193.00,0.886
69,2,581.00,171.00,638.00,225.00,0.961
70,2,355.00,171.00,382.00,188.00,0.651
70,2,323.00,170.00,359.00,190.00,0.785
70,2,0.00,164.00,48.00,205.00,0.861
70,2,288.00,171.00,332.00,193.00,0.878
70,2,582.00,170.00,638.00,225.00,0.961
71,2,345.00,170.00,379.00,189.00,0.611
71,2,0.00,162.00,25.00,206.00,0.666
71,2,319.00,170.00,359.00,191.00,0.736
71,2,282.00,171.00,327.00,194.00,0.894
71,2,582.00,170.00,638.00,224.00,0.961
72,2,344.00,171.00,377.00,189.00,0.621
72,2,314.00,170.00,354.00,191.00,0.783
72,2,276.00,170.00,323.00,194.00,0.907
72,2,582.00,171.00,639.00,225.00,0.962
73,2,340.00,172.00,372.00,190.00,0.676
73,2,312.00,170.00,351.00,192.00,0.818
73,2,268.00,171.00,317.00,195.00,0.905
73,2,583.00,170.00,639.00,225.00,0.962
74,2,343.00,173.00,372.00,189.00,0.588
74,2,304.00,170.00,346.00,193.00,0.851
74,2,261.00,171.00,307.00,195.00,0.893
74,2,583.00,170.00,640.00,225.00,0.964
75,2,337.00,171.00,367.00,189.00,0.776
75,2,300.00,169.00,342.00,192.00,0.864
75,2,255.00,170.00,304.00,196.00,0.905
75,2,583.00,170.00,640.00,225.00,0.960
76,2,331.00,171.00,363.00,190.00,0.810
76,2,250.00,171.00,300.00,197.00,0.897
76,2,292.00,170.00,336.00,194.00,0.901
76,2,584.00,170.00,640.00,224.00,0.962
77,2,329.00,171.00,361.00,190.00,0.803
77,2,289.00,170.00,333.00,193.00,0.900
77,2,240.00,172.00,292.00,197.00,0.907
77,2,585.00,170.00,640.00,224.00,0.954
78,2,323.00,171.00,357.00,191.00,0.800
78,2,283.00,170.00,330.00,194.00,0.889
78,2,232.00,171.00,287.00,198.00,0.934
78,2,585.00,170.00,640.00,224.00,0.955
79,2,320.00,171.00,354.00,192.00,0.819
79,2,275.00,170.00,323.00,196.00,0.907
79,2,223.00,174.00,280.00,200.00,0.939
79,2,585.00,171.00,640.00,225.00,0.959
80,2,314.00,171.00,350.00,192.00,0.846
80,2,266.00,171.00,319.00,197.00,0.897
80,2,214.00,173.00,274.00,200.00,0.933
80,2,585.00,171.00,641.00,226.00,0.962
81,2,220.00,171.00,307.00,199.00,0.429
81,2,309.00,170.00,347.00,192.00,0.835
81,2,262.00,171.00,312.00,196.00,0.898
81,2,204.00,172.00,266.00,200.00,0.917
81,2,585.00,171.00,640.00,225.00,0.960
82,2,301.00,169.00,343.00,193.00,0.848
82,2,255.00,171.00,308.00,197.00,0.886
82,2,192.00,173.00,258.00,202.00,0.919
82,2,585.00,171.00,640.00,225.00,0.956
83,2,297.00,171.00,336.00,193.00,0.816
83,2,183.00,173.00,249.00,203.00,0.850
83,2,253.00,170.00,303.00,197.00,0.894
83,2,585.00,171.00,640.00,224.00,0.960
84,2,314.00,169.00,356.00,188.00,0.277
84,2,292.00,170.00,334.00,194.00,0.769
84,2,241.00,171.00,298.00,198.00,0.913
84,2,172.00,171.00,244.00,204.00,0.914
84,2,585.00,171.00,640.00,224.00,0.957
85,2,289.00,167.00,331.00,193.00,0.825
85,2,237.00,170.00,290.00,199.00,0.896
85,2,160.00,172.00,235.00,203.00,0.922
85,2,585.00,171.00,640.00,225.00,0.958
86,2,281.00,169.00,322.00,194.00,0.776
86,2,148.00,172.00,225.00,205.00,0.841
86,2,226.00,170.00,283.00,198.00,0.917
86,2,585.00,171.00,640.00,224.00,0.959
87,2,276.00,168.00,320.00,194.00,0.864
87,2,217.00,169.00,276.00,197.00,0.906
87,2,134.00,171.00,219.00,206.00,0.928
87,2,585.00,170.00,640.00,224.00,0.962
88,2,269.00,169.00,313.00,194.00,0.843
88,2,209.00,169.00,270.00,199.00,0.916
88,2,121.00,171.00,206.00,206.00,0.923
88,2,585.00,170.00,640.00,224.00,0.963
89,2,261.00,171.00,310.00,195.00,0.857
89,2,197.00,170.00,262.00,200.00,0.914
89,2,106.00,172.00,193.00,208.00,0.930
89,2,584.00,170.00,640.00,224.00,0.960
90,2,309.00,164.00,342.00,183.00,0.413
90,2,256.00,170.00,305.00,195.00,0.867
90,2,91.00,171.00,186.00,209.00,0.919
90,2,188.00,167.00,257.00,200.00,0.938
90,2,584.00,169.00,640.00,224.00,0.965
91,2,305.00,164.00,337.00,182.00,0.466
91,2,76.00,171.00,172.00,208.00,0.896
91,2,248.00,171.00,299.00,195.00,0.904
91,2,178.00,168.00,249.00,201.00,0.927
91,2,584.00,169.00,640.00,224.00,0.965
92,2,302.00,163.00,332.00,183.00,0.269
92,2,239.00,171.00,292.00,195.00,0.887
92,2,57.00,172.00,158.00,212.00,0.888
92,2,168.00,169.00,242.00,203.00,0.914
92,2,583.00,169.00,640.00,224.00,0.969
93,2,300.00,165.00,329.00,183.00,0.299
93,2,232.00,171.00,286.00,196.00,0.890
93,2,36.00,172.00,147.00,212.00,0.922
93,2,154.00,169.00,230.00,203.00,0.925
93,2,582.00,168.00,640.00,225.00,0.976
94,2,292.00,165.00,328.00,185.00,0.362
94,2,225.00,172.00,279.00,198.00,0.893
94,2,140.00,168.00,224.00,205.00,0.905
94,2,17.00,171.00,133.00,215.00,0.929
94,2,581.00,169.00,640.00,225.00,0.976
95,2,288.00,164.00,321.00,184.00,0.311
95,2,214.00,171.00,273.00,199.00,0.908
95,2,128.00,169.00,214.00,205.00,0.912
95,2,0.00,172.00,117.00,217.00,0.924
95,2,581.00,168.00,639.00,225.00,0.975
96,2,285.00,161.00,321.00,185.00,0.387
96,2,207.00,171.00,265.00,199.00,0.889
96,2,116.00,170.00,201.00,207.00,0.928
96,2,0.00,172.00,109.00,219.00,0.938
96,2,580.00,168.00,638.00,225.00,0.973
97,2,197.00,171.00,258.00,200.00,0.912
97,2,0.00,172.00,89.00,220.00,0.912
97,2,102.00,169.00,193.00,208.00,0.939
97,2,579.00,169.00,637.00,226.00,0.971
98,2,187.00,172.00,250.00,202.00,0.879
98,2,0.00,173.00,70.00,222.00,0.915
98,2,86.00,169.00,182.00,209.00,0.935
98,2,579.00,169.00,637.00,226.00,0.968
99,2,0.00,173.00,50.00,223.00,0.885
99,2,176.00,171.00,242.00,202.00,0.916
99,2,70.00,169.00,171.00,210.00,0.929
99,2,576.00,168.00,636.00,225.00,0.965
100,2,0.00,173.00,23.00,225.00,0.643
100,2,166.00,173.00,234.00,204.00,0.889
100,2,55.00,169.00,160.00,212.00,0.925
100,2,576.00,169.00,635.00,226.00,0.965
101,2,257.00,166.00,298.00,187.00,0.257
101,2,195.00,166.00,247.00,193.00,0.471
101,2,156.00,174.00,226.00,205.00,0.909
101,2,37.00,171.00,147.00,215.00,0.930
101,2,575.00,169.00,634.00,227.00,0.962
102,2,258.00,164.00,304.00,187.00,0.634
102,2,179.00,167.00,235.00,192.00,0.683
102,2,143.00,173.00,218.00,207.00,0.905
102,2,19.00,172.00,136.00,217.00,0.924
102,2,574.00,170.00,635.00,229.00,0.959
103,2,253.00,165.00,295.00,189.00,0.709
103,2,167.00,169.00,224.00,195.00,0.714
103,2,133.00,176.00,209.00,208.00,0.882
103,2,2.00,173.00,121.00,220.00,0.921
103,2,574.00,172.00,634.00,230.00,0.958
104,2,243.00,172.00,282.00,193.00,0.654
104,2,157.00,169.00,215.00,197.00,0.764
104,2,121.00,176.00,198.00,211.00,0.906
104,2,0.00,174.00,106.00,221.00,0.948
104,2,573.00,172.00,632.00,230.00,0.956
105,2,236.00,167.00,279.00,192.00,0.654
105,2,143.00,167.00,207.00,196.00,0.807
105,2,105.00,177.00,190.00,211.00,0.897
105,2,1.00,172.00,91.00,221.00,0.939
105,2,572.00,172.00,632.00,230.00,0.966
106,2,225.00,170.00,266.00,189.00,0.678
106,2,130.00,163.00,198.00,196.00,0.862
106,2,93.00,175.00,177.00,211.00,0.899
106,2,0.00,172.00,78.00,224.00,0.929
106,2,571.00,171.00,632.00,230.00,0.961
107,2,209.00,167.00,256.00,190.00,0.732
107,2,121.00,165.00,185.00,196.00,0.874
107,2,80.00,174.00,166.00,212.00,0.912
107,2,1.00,171.00,62.00,223.00,0.914
107,2,570.00,170.00,631.00,229.00,0.969
108,2,216.00,162.00,266.00,188.00,0.433
108,2,198.00,164.00,247.00,190.00,0.734
108,2,1.00,173.00,43.00,224.00,0.871
108,2,113.00,163.00,180.00,195.00,0.884
108,2,66.00,175.00,156.00,213.00,0.918
108,2,568.00,170.00,631.00,230.00,0.970
109,2,184.00,164.00,236.00,189.00,0.448
109,2,0.00,178.00,22.00,226.00,0.711
109,2,207.00,161.00,256.00,189.00,0.720
109,2,102.00,164.00,171.00,195.00,0.887
109,2,50.00,174.00,145.00,215.00,0.920
109,2,566.00,170.00,628.00,231.00,0.979
110,2,161.00,167.00,213.00,192.00,0.505
110,2,189.00,165.00,236.00,190.00,0.707
110,2,91.00,164.00,163.00,197.00,0.905
110,2,30.00,173.00,132.00,215.00,0.930
110,2,565.00,170.00,627.00,232.00,0.980
111,2,147.00,164.00,196.00,190.00,0.349
111,2,191.00,166.00,239.00,191.00,0.771
111,2,76.00,161.00,152.00,195.00,0.905
111,2,14.00,172.00,118.00,216.00,0.920
111,2,564.00,170.00,624.00,232.00,0.977
112,2,139.00,163.00,187.00,189.00,0.316
112,2,183.00,164.00,237.00,191.00,0.776
112,2,60.00,161.00,138.00,196.00,0.896
112,2,0.00,170.00,107.00,217.00,0.940
112,2,562.00,170.00,623.00,232.00,0.971
113,2,128.00,162.00,185.00,189.00,0.704
113,2,46.00,160.00,119.00,195.00,0.831
113,2,177.00,161.00,235.00,191.00,0.877
113,2,0.00,171.00,94.00,218.00,0.923
113,2,560.00,171.00,620.00,232.00,0.962
114,2,116.00,165.00,173.00,191.00,0.255
114,2,19.00,160.00,122.00,203.00,0.774
114,2,0.00,169.00,85.00,220.00,0.848
114,2,168.00,165.00,226.00,193.00,0.852
114,2,558.00,171.00,618.00,233.00,0.964
115,2,110.00,162.00,169.00,189.00,0.332
115,2,64.00,161.00,129.00,194.00,0.409
115,2,8.00,174.00,63.00,218.00,0.795
115,2,15.00,162.00,100.00,200.00,0.817
115,2,160.00,165.00,220.00,193.00,0.879
115,2,557.00,171.00,618.00,232.00,0.969
116,2,1.00,167.00,53.00,218.00,0.543
116,2,32.00,160.00,112.00,194.00,0.714
116,2,2.00,162.00,92.00,200.00,0.784
116,2,151.00,167.00,207.00,194.00,0.850
116,2,555.00,170.00,617.00,232.00,0.975
117,2,0.00,168.00,40.00,217.00,0.316
117,2,0.00,164.00,82.00,202.00,0.835
117,2,143.00,165.00,203.00,194.00,0.865
117,2,553.00,171.00,614.00,232.00,0.981
118,2,0.00,170.00,15.00,217.00,0.260
118,2,0.00,163.00,56.00,199.00,0.696
118,2,134.00,166.00,194.00,195.00,0.851
118,2,552.00,170.00,613.00,232.00,0.982
119,2,0.00,163.00,51.00,201.00,0.831
119,2,127.00,168.00,187.00,195.00,0.846
119,2,551.00,170.00,613.00,233.00,0.982
120,2,4.00,165.00,76.00,200.00,0.677
120,2,121.00,169.00,182.00,196.00,0.841
120,2,551.00,170.00,612.00,233.00,0.983
121,2,3.00,170.00,62.00,198.00,0.684
121,2,115.00,167.00,177.00,196.00,0.853
121,2,551.00,170.00,612.00,232.00,0.982
122,2,528.00,162.00,546.00,182.00,0.324
122,2,0.00,167.00,47.00,203.00,0.791
122,2,110.00,166.00,169.00,195.00,0.875
122,2,552.00,170.00,613.00,232.00,0.979
123,2,529.00,162.00,547.00,182.00,0.359
123,2,233.00,177.00,270.00,193.00,0.401
123,2,0.00,171.00,37.00,201.00,0.709
123,2,103.00,167.00,165.00,196.00,0.892
123,2,553.00,170.00,615.00,232.00,0.977
124,2,0.00,172.00,25.00,201.00,0.521
124,2,95.00,168.00,158.00,196.00,0.892
124,2,554.00,171.00,617.00,232.00,0.978
125,2,0.00,171.00,22.00,201.00,0.517
125,2,30.00,164.00,92.00,195.00,0.746
125,2,90.00,167.00,154.00,196.00,0.884
125,2,555.00,171.00,619.00,233.00,0.976
126,2,532.00,164.00,550.00,184.00,0.255
126,2,0.00,163.00,42.00,200.00,0.289
126,2,7.00,160.00,83.00,200.00,0.784
126,2,83.00,169.00,147.00,198.00,0.877
126,2,556.00,171.00,619.00,234.00,0.974
127,2,217.00,179.00,267.00,199.00,0.280
127,2,532.00,165.00,551.00,186.00,0.380
127,2,3.00,160.00,77.00,200.00,0.773
127,2,76.00,168.00,140.00,198.00,0.899
127,2,557.00,173.00,619.00,235.00,0.967
128,2,228.00,180.00,272.00,199.00,0.256
128,2,531.00,166.00,550.00,186.00,0.537
128,2,66.00,169.00,132.00,201.00,0.910
128,2,557.00,174.00,620.00,236.00,0.971
129,2,531.00,166.00,550.00,187.00,0.677
129,2,57.00,170.00,127.00,201.00,0.825
129,2,557.00,173.00,620.00,236.00,0.970
130,2,531.00,166.00,551.00,187.00,0.696
130,2,47.00,169.00,117.00,201.00,0.913
130,2,557.00,173.00,620.00,236.00,0.972
131,2,213.00,181.00,258.00,200.00,0.547
131,2,531.00,166.00,551.00,187.00,0.607
131,2,0.00,169.00,41.00,201.00,0.666
131,2,35.00,170.00,101.00,201.00,0.886
131,2,557.00,173.00,620.00,236.00,0.972
132,2,1.00,169.00,29.00,200.00,0.290
132,2,186.00,177.00,232.00,201.00,0.480
132,2,21.00,170.00,93.00,201.00,0.762
132,2,529.00,166.00,550.00,188.00,0.766
132,2,556.00,173.00,620.00,236.00,0.972
133,2,336.00,177.00,368.00,192.00,0.528
133,2,529.00,166.00,550.00,188.00,0.740
133,2,13.00,170.00,82.00,202.00,0.824
133,2,556.00,173.00,620.00,236.00,0.973
134,2,336.00,177.00,369.00,193.00,0.489
134,2,1.00,169.00,72.00,203.00,0.530
134,2,528.00,165.00,550.00,188.00,0.799
134,2,555.00,173.00,620.00,236.00,0.972
135,2,334.00,177.00,367.00,193.00,0.521
135,2,527.00,163.00,551.00,190.00,0.770
135,2,555.00,173.00,620.00,236.00,0.972
136,2,331.00,177.00,363.00,194.00,0.252
136,2,526.00,162.00,551.00,190.00,0.806
136,2,555.00,174.00,619.00,236.00,0.972
137,2,1.00,177.00,33.00,207.00,0.298
137,2,328.00,177.00,360.00,194.00,0.373
137,2,525.00,163.00,551.00,191.00,0.833
137,2,555.00,174.00,618.00,236.00,0.970
138,2,145.00,178.00,198.00,202.00,0.316
138,2,324.00,177.00,355.00,194.00,0.462
138,2,524.00,163.00,550.00,191.00,0.851
138,2,555.00,174.00,619.00,236.00,0.970
139,2,321.00,177.00,353.00,193.00,0.497
139,2,524.00,164.00,549.00,190.00,0.852
139,2,553.00,173.00,618.00,236.00,0.975
140,2,0.00,168.00,19.00,199.00,0.290
140,2,318.00,177.00,351.00,194.00,0.428
140,2,521.00,162.00,549.00,191.00,0.858
140,2,553.00,174.00,616.00,236.00,0.976
141,2,314.00,177.00,348.00,194.00,0.523
141,2,520.00,161.00,549.00,192.00,0.888
141,2,553.00,174.00,615.00,236.00,0.974
142,2,311.00,177.00,346.00,194.00,0.404
142,2,521.00,161.00,549.00,193.00,0.867
142,2,552.00,174.00,615.00,236.00,0.973
143,2,307.00,176.00,343.00,194.00,0.288
143,2,518.00,160.00,548.00,193.00,0.863
143,2,551.00,174.00,613.00,237.00,0.976
144,2,516.00,158.00,548.00,194.00,0.892
144,2,550.00,174.00,613.00,237.00,0.979
145,2,299.00,177.00,337.00,195.00,0.756
145,2,514.00,157.00,543.00,193.00,0.885
145,2,550.00,173.00,613.00,236.00,0.983
146,2,297.00,177.00,333.00,195.00,0.729
146,2,512.00,155.00,543.00,193.00,0.899
146,2,549.00,173.00,612.00,236.00,0.983
147,2,292.00,176.00,329.00,195.00,0.415
147,2,510.00,155.00,544.00,195.00,0.902
147,2,549.00,173.00,611.00,236.00,0.983
148,2,832.00,179.00,878.00,201.00,0.596
148,2,288.00,176.00,328.00,196.00,0.669
148,2,508.00,156.00,541.00,197.00,0.901
148,2,548.00,173.00,610.00,236.00,0.980
149,2,835.00,181.00,887.00,203.00,0.728
149,2,285.00,177.00,322.00,196.00,0.789
149,2,508.00,156.00,542.00,198.00,0.902
149,2,548.00,173.00,610.00,235.00,0.979
150,2,846.00,180.00,895.00,202.00,0.624
150,2,282.00,177.00,322.00,197.00,0.793
150,2,506.00,154.00,540.00,198.00,0.915
150,2,548.00,174.00,610.00,235.00,0.979
151,2,848.00,182.00,900.00,204.00,0.733
151,2,280.00,177.00,320.00,197.00,0.841
151,2,502.00,153.00,541.00,200.00,0.922
151,2,548.00,173.00,609.00,234.00,0.975
152,2,275.00,177.00,317.00,197.00,0.734
152,2,857.00,183.00,909.00,203.00,0.790
152,2,499.00,153.00,539.00,202.00,0.894
152,2,548.00,173.00,609.00,235.00,0.981
153,2,858.00,181.00,914.00,203.00,0.696
153,2,271.00,178.00,314.00,198.00,0.819
153,2,496.00,150.00,539.00,203.00,0.915
153,2,550.00,173.00,609.00,234.00,0.980
154,2,868.00,182.00,924.00,203.00,0.794
154,2,269.00,178.00,314.00,198.00,0.824
154,2,492.00,150.00,538.00,206.00,0.962
154,2,550.00,174.00,609.00,234.00,0.981
155,2,872.00,182.00,926.00,202.00,0.784
155,2,267.00,178.00,312.00,199.00,0.807
155,2,487.00,150.00,538.00,208.00,0.973
155,2,551.00,174.00,610.00,235.00,0.982
156,2,264.00,179.00,307.00,198.00,0.766
156,2,875.00,184.00,933.00,204.00,0.770
156,2,482.00,149.00,537.00,211.00,0.957
156,2,553.00,174.00,610.00,234.00,0.981
157,2,263.00,177.00,308.00,198.00,0.446
157,2,875.00,184.00,935.00,204.00,0.758
157,2,477.00,147.00,535.00,213.00,0.968
157,2,553.00,174.00,612.00,233.00,0.982
158,2,902.00,182.00,962.00,202.00,0.313
158,2,836.00,182.00,888.00,208.00,0.361
158,2,258.00,177.00,308.00,199.00,0.769
158,2,877.00,183.00,938.00,205.00,0.833
158,2,467.00,142.00,533.00,217.00,0.966
158,2,554.00,174.00,612.00,232.00,0.981
159,2,894.00,184.00,955.00,206.00,0.761
159,2,252.00,177.00,304.00,199.00,0.859
159,2,457.00,141.00,529.00,221.00,0.953
159,2,555.00,174.00,613.00,232.00,0.978
160,2,893.00,186.00,957.00,208.00,0.875
160,2,245.00,176.00,304.00,201.00,0.894
160,2,446.00,141.00,527.00,226.00,0.945
160,2,555.00,174.00,613.00,232.00,0.974
161,2,242.00,177.00,300.00,201.00,0.890
161,2,894.00,188.00,968.00,212.00,0.897
161,2,426.00,135.00,520.00,232.00,0.957
161,2,557.00,175.00,613.00,231.00,0.973
162,2,540.00,177.00,559.00,195.00,0.321
162,2,238.00,179.00,295.00,201.00,0.873
162,2,905.00,187.00,976.00,213.00,0.896
162,2,406.00,130.00,516.00,238.00,0.954
162,2,558.00,176.00,612.00,231.00,0.969
163,2,540.00,177.00,559.00,195.00,0.328
163,2,914.00,189.00,987.00,213.00,0.854
163,2,232.00,179.00,293.00,203.00,0.897
163,2,385.00,125.00,509.00,249.00,0.956
163,2,558.00,176.00,612.00,231.00,0.967
164,2,227.00,180.00,291.00,206.00,0.883
164,2,918.00,189.00,994.00,215.00,0.892
164,2,347.00,114.00,499.00,261.00,0.937
164,2,559.00,177.00,613.00,231.00,0.963
165,2,539.00,179.00,560.00,198.00,0.668
165,2,289.00,108.00,489.00,282.00,0.842
165,2,219.00,180.00,283.00,205.00,0.845
165,2,921.00,189.00,1004.00,217.00,0.902
165,2,559.00,177.00,613.00,232.00,0.963
166,2,1009.00,188.00,1072.00,211.00,0.313
166,2,316.00,179.00,370.00,205.00,0.363
166,2,215.00,182.00,268.00,205.00,0.570
166,2,539.00,179.00,559.00,197.00,0.780
166,2,190.00,82.00,475.00,315.00,0.883
166,2,934.00,191.00,1011.00,218.00,0.890
166,2,560.00,177.00,614.00,232.00,0.963
167,2,199.00,185.00,260.00,210.00,0.299
167,2,1025.00,189.00,1085.00,214.00,0.577
167,2,537.00,180.00,558.00,198.00,0.856
167,2,14.00,28.00,460.00,375.00,0.861
167,2,942.00,192.00,1022.00,219.00,0.917
167,2,561.00,177.00,614.00,232.00,0.957
168,2,202.00,170.00,268.00,197.00,0.260
168,2,202.00,178.00,271.00,211.00,0.315
168,2,1040.00,193.00,1102.00,217.00,0.708
168,2,537.00,180.00,557.00,199.00,0.857
168,2,945.00,191.00,1030.00,220.00,0.917
168,2,1.00,0.00,417.00,371.00,0.948
168,2,561.00,178.00,614.00,232.00,0.953
169,2,198.00,181.00,269.00,211.00,0.337
169,2,1032.00,194.00,1100.00,221.00,0.834
169,2,536.00,181.00,557.00,199.00,0.890
169,2,958.00,193.00,1043.00,221.00,0.920
169,2,563.00,178.00,614.00,231.00,0.943
169,2,1.00,0.00,360.00,375.00,0.944
170,2,320.00,182.00,364.00,202.00,0.683
170,2,246.00,179.00,297.00,204.00,0.820
170,2,279.00,180.00,331.00,203.00,0.858
170,2,189.00,181.00,249.00,209.00,0.865
170,2,1050.00,194.00,1123.00,223.00,0.896
170,2,535.00,180.00,556.00,200.00,0.897
170,2,966.00,194.00,1053.00,223.00,0.911
170,2,0.00,0.00,278.00,375.00,0.933
170,2,563.00,179.00,615.00,231.00,0.948
171,2,321.00,181.00,360.00,201.00,0.683
171,2,174.00,181.00,239.00,209.00,0.871
171,2,238.00,178.00,292.00,204.00,0.872
171,2,285.00,180.00,330.00,202.00,0.877
171,2,1065.00,192.00,1137.00,222.00,0.889
171,2,533.00,180.00,555.00,200.00,0.903
171,2,975.00,194.00,1067.00,223.00,0.921
171,2,564.00,178.00,616.00,230.00,0.951
172,2,148.00,182.00,209.00,208.00,0.315
172,2,323.00,180.00,360.00,201.00,0.438
172,2,1082.00,193.00,1163.00,224.00,0.859
172,2,280.00,179.00,327.00,202.00,0.872
172,2,172.00,181.00,228.00,210.00,0.890
172,2,227.00,178.00,289.00,205.00,0.910
172,2,531.00,179.00,554.00,200.00,0.914
172,2,990.00,193.00,1080.00,225.00,0.920
172,2,567.00,178.00,617.00,229.00,0.949
173,2,314.00,176.00,353.00,198.00,0.695
173,2,1106.00,194.00,1188.00,225.00,0.835
173,2,227.00,177.00,283.00,205.00,0.879
173,2,274.00,178.00,325.00,203.00,0.882
173,2,530.00,178.00,554.00,201.00,0.904
173,2,154.00,180.00,223.00,211.00,0.915
173,2,1000.00,193.00,1097.00,226.00,0.943
173,2,567.00,177.00,618.00,229.00,0.961
174,2,269.00,177.00,314.00,202.00,0.689
174,2,310.00,179.00,352.00,201.00,0.808
174,2,527.00,179.00,552.00,202.00,0.868
174,2,210.00,177.00,279.00,207.00,0.894
174,2,1104.00,196.00,1192.00,228.00,0.896
174,2,143.00,180.00,213.00,211.00,0.925
174,2,1014.00,194.00,1108.00,227.00,0.925
174,2,568.00,177.00,619.00,229.00,0.965
175,2,281.00,179.00,327.00,204.00,0.414
175,2,547.00,178.00,566.00,197.00,0.647
175,2,301.00,180.00,348.00,202.00,0.811
175,2,523.00,179.00,551.00,204.00,0.865
175,2,1128.00,199.00,1209.00,230.00,0.884
175,2,206.00,176.00,272.00,206.00,0.900
175,2,1027.00,195.00,1128.00,229.00,0.909
175,2,129.00,180.00,210.00,213.00,0.926
175,2,569.00,177.00,619.00,229.00,0.961
176,2,259.00,179.00,310.00,204.00,0.676
176,2,546.00,179.00,566.00,197.00,0.805
176,2,302.00,180.00,344.00,202.00,0.826
176,2,520.00,179.00,549.00,205.00,0.877
176,2,1132.00,197.00,1227.00,232.00,0.894
176,2,1031.00,195.00,1139.00,234.00,0.897
176,2,203.00,176.00,261.00,207.00,0.901
176,2,115.00,180.00,200.00,216.00,0.933
176,2,570.00,177.00,619.00,228.00,0.954
177,2,545.00,180.00,568.00,197.00,0.812
177,2,249.00,180.00,305.00,205.00,0.819
177,2,296.00,181.00,340.00,202.00,0.854
177,2,1154.00,200.00,1241.00,233.00,0.874
177,2,191.00,176.00,254.00,209.00,0.883
177,2,1050.00,195.00,1156.00,233.00,0.908
177,2,515.00,180.00,547.00,208.00,0.914
177,2,100.00,181.00,188.00,217.00,0.932
177,2,570.00,178.00,620.00,229.00,0.962
178,2,193.00,178.00,253.00,207.00,0.344
178,2,177.00,182.00,232.00,209.00,0.786
178,2,239.00,179.00,299.00,206.00,0.832
178,2,544.00,179.00,566.00,197.00,0.854
178,2,288.00,181.00,338.00,204.00,0.873
178,2,1167.00,200.00,1242.00,235.00,0.881
178,2,1059.00,197.00,1170.00,234.00,0.899
178,2,511.00,180.00,545.00,209.00,0.907
178,2,83.00,181.00,171.00,218.00,0.930
178,2,570.00,177.00,621.00,228.00,0.963
179,2,1218.00,197.00,1242.00,234.00,0.395
179,2,1173.00,200.00,1242.00,235.00,0.795
179,2,543.00,180.00,566.00,198.00,0.840
179,2,170.00,177.00,238.00,209.00,0.873
179,2,283.00,181.00,336.00,203.00,0.880
179,2,1075.00,199.00,1183.00,236.00,0.903
179,2,230.00,180.00,291.00,206.00,0.913
179,2,505.00,180.00,542.00,210.00,0.913
179,2,66.00,180.00,160.00,219.00,0.922
179,2,571.00,177.00,621.00,227.00,0.964
180,2,1204.00,192.00,1241.00,237.00,0.523
180,2,541.00,177.00,565.00,197.00,0.811
180,2,276.00,178.00,325.00,202.00,0.884
180,2,1091.00,196.00,1212.00,236.00,0.885
180,2,498.00,179.00,539.00,212.00,0.908
180,2,46.00,178.00,146.00,218.00,0.915
180,2,222.00,176.00,283.00,204.00,0.917
180,2,148.00,174.00,231.00,209.00,0.927
180,2,571.00,175.00,622.00,226.00,0.970
181,2,539.00,176.00,564.00,197.00,0.814
181,2,21.00,179.00,124.00,219.00,0.846
181,2,267.00,179.00,320.00,202.00,0.903
181,2,1107.00,195.00,1234.00,239.00,0.928
181,2,211.00,177.00,273.00,205.00,0.936
181,2,136.00,174.00,221.00,211.00,0.939
181,2,492.00,178.00,534.00,214.00,0.944
181,2,572.00,174.00,622.00,225.00,0.968
182,2,538.00,177.00,562.00,198.00,0.852
182,2,11.00,174.00,123.00,221.00,0.897
182,2,260.00,178.00,313.00,203.00,0.899
182,2,198.00,177.00,268.00,207.00,0.910
182,2,1132.00,198.00,1242.00,240.00,0.930
182,2,485.00,179.00,530.00,216.00,0.940
182,2,121.00,173.00,210.00,212.00,0.941
182,2,573.00,174.00,623.00,225.00,0.968
183,2,250.00,179.00,308.00,205.00,0.887
183,2,534.00,177.00,562.00,200.00,0.890
183,2,2.00,176.00,104.00,223.00,0.898
183,2,187.00,177.00,260.00,210.00,0.902
183,2,1153.00,200.00,1241.00,241.00,0.911
183,2,474.00,179.00,524.00,221.00,0.947
183,2,104.00,175.00,202.00,215.00,0.949
183,2,574.00,174.00,624.00,225.00,0.966
184,2,0.00,179.00,85.00,228.00,0.851
184,2,531.00,177.00,561.00,201.00,0.889
184,2,1174.00,204.00,1242.00,243.00,0.910
184,2,176.00,178.00,249.00,210.00,0.913
184,2,242.00,180.00,301.00,207.00,0.914
184,2,89.00,175.00,183.00,216.00,0.932
184,2,461.00,179.00,519.00,225.00,0.954
184,2,576.00,175.00,624.00,225.00,0.959
185,2,557.00,175.00,574.00,189.00,0.312
185,2,1198.00,210.00,1242.00,243.00,0.627
185,2,528.00,177.00,560.00,202.00,0.870
185,2,0.00,180.00,63.00,228.00,0.912
185,2,165.00,178.00,241.00,210.00,0.921
185,2,234.00,180.00,294.00,207.00,0.923
185,2,68.00,174.00,175.00,217.00,0.929
185,2,576.00,173.00,624.00,223.00,0.943
185,2,446.00,180.00,510.00,231.00,0.953
186,2,1225.00,203.00,1242.00,250.00,0.357
186,2,555.00,175.00,572.00,189.00,0.528
186,2,0.00,180.00,41.00,228.00,0.877
186,2,523.00,177.00,558.00,203.00,0.896
186,2,225.00,180.00,289.00,208.00,0.920
186,2,49.00,175.00,151.00,218.00,0.926
186,2,150.00,178.00,233.00,212.00,0.927
186,2,577.00,174.00,627.00,223.00,0.943
186,2,425.00,181.00,499.00,238.00,0.966
187,2,0.00,178.00,15.00,230.00,0.583
187,2,555.00,176.00,572.00,191.00,0.662
187,2,213.00,181.00,282.00,209.00,0.912
187,2,519.00,178.00,555.00,205.00,0.914
187,2,578.00,174.00,627.00,224.00,0.938
187,2,137.00,180.00,220.00,214.00,0.939
187,2,25.00,175.00,147.00,223.00,0.939
187,2,400.00,181.00,487.00,248.00,0.959
188,2,438.00,177.00,465.00,193.00,0.394
188,2,554.00,176.00,572.00,191.00,0.667
188,2,204.00,182.00,271.00,211.00,0.926
188,2,514.00,178.00,553.00,208.00,0.933
188,2,123.00,180.00,211.00,216.00,0.934
188,2,580.00,175.00,627.00,224.00,0.939
188,2,363.00,181.00,471.00,261.00,0.946
188,2,8.00,176.00,128.00,224.00,0.947
189,2,553.00,177.00,573.00,194.00,0.834
189,2,194.00,182.00,264.00,212.00,0.928
189,2,105.00,180.00,196.00,217.00,0.930
189,2,508.00,179.00,551.00,211.00,0.938
189,2,581.00,175.00,629.00,224.00,0.946
189,2,1.00,176.00,108.00,227.00,0.946
189,2,313.00,185.00,446.00,282.00,0.966
190,2,552.00,178.00,573.00,196.00,0.863
190,2,91.00,183.00,187.00,220.00,0.929
190,2,0.00,179.00,88.00,230.00,0.929
190,2,185.00,185.00,255.00,215.00,0.932
190,2,582.00,177.00,629.00,225.00,0.933
190,2,501.00,182.00,549.00,217.00,0.951
190,2,231.00,186.00,417.00,313.00,0.962
191,2,444.00,179.00,462.00,192.00,0.433
191,2,552.00,179.00,572.00,197.00,0.867
191,2,175.00,184.00,245.00,215.00,0.891
191,2,70.00,184.00,170.00,223.00,0.928
191,2,582.00,178.00,630.00,225.00,0.935
191,2,491.00,183.00,543.00,220.00,0.954
191,2,0.00,182.00,68.00,234.00,0.955
191,2,73.00,188.00,367.00,369.00,0.969
192,2,443.00,179.00,461.00,193.00,0.358
192,2,0.00,183.00,49.00,225.00,0.816
192,2,551.00,178.00,571.00,197.00,0.828
192,2,163.00,183.00,236.00,216.00,0.885
192,2,48.00,184.00,156.00,223.00,0.902
192,2,483.00,182.00,539.00,224.00,0.940
192,2,585.00,176.00,632.00,225.00,0.945
192,2,1.00,194.00,288.00,373.00,0.968
193,2,0.00,182.00,14.00,235.00,0.470
193,2,549.00,177.00,571.00,197.00,0.749
193,2,0.00,209.00,131.00,373.00,0.892
193,2,141.00,185.00,222.00,220.00,0.932
193,2,25.00,184.00,142.00,227.00,0.941
193,2,586.00,176.00,633.00,224.00,0.960
193,2,471.00,183.00,533.00,229.00,0.965
194,2,440.00,179.00,460.00,193.00,0.483
194,2,545.00,178.00,570.00,199.00,0.898
194,2,124.00,186.00,210.00,222.00,0.925
194,2,2.00,184.00,123.00,230.00,0.941
194,2,457.00,185.00,527.00,234.00,0.953
194,2,586.00,177.00,633.00,224.00,0.961
195,2,567.00,178.00,584.00,195.00,0.340
195,2,438.00,178.00,458.00,194.00,0.456
195,2,543.00,178.00,569.00,200.00,0.915
195,2,106.00,185.00,197.00,223.00,0.932
195,2,0.00,185.00,105.00,230.00,0.957
195,2,587.00,178.00,633.00,224.00,0.961
195,2,433.00,186.00,518.00,243.00,0.963
196,2,566.00,178.00,584.00,195.00,0.308
196,2,1.00,182.00,84.00,231.00,0.920
196,2,543.00,177.00,569.00,200.00,0.923
196,2,87.00,183.00,182.00,223.00,0.931
196,2,404.00,185.00,507.00,251.00,0.960
196,2,587.00,176.00,633.00,223.00,0.965
197,2,563.00,178.00,581.00,195.00,0.510
197,2,537.00,176.00,568.00,201.00,0.894
197,2,1.00,181.00,60.00,231.00,0.906
197,2,62.00,183.00,169.00,223.00,0.945
197,2,588.00,176.00,633.00,223.00,0.965
197,2,365.00,185.00,492.00,266.00,0.977
198,2,428.00,177.00,456.00,195.00,0.373
198,2,561.00,177.00,581.00,196.00,0.697
198,2,0.00,185.00,31.00,232.00,0.811
198,2,534.00,176.00,565.00,202.00,0.903
198,2,40.00,182.00,149.00,225.00,0.942
198,2,307.00,186.00,471.00,286.00,0.958
198,2,589.00,176.00,633.00,222.00,0.964
199,2,559.00,178.00,579.00,196.00,0.702
199,2,15.00,182.00,131.00,228.00,0.928
199,2,531.00,176.00,563.00,204.00,0.933
199,2,207.00,189.00,444.00,322.00,0.961
199,2,589.00,177.00,633.00,223.00,0.968
200,2,558.00,180.00,577.00,196.00,0.824
200,2,525.00,177.00,560.00,207.00,0.911
200,2,16.00,192.00,404.00,375.00,0.955
200,2,1.00,184.00,110.00,229.00,0.958
200,2,589.00,177.00,633.00,223.00,0.968
201,2,554.00,180.00,575.00,198.00,0.836
201,2,0.00,183.00,92.00,237.00,0.877
201,2,520.00,177.00,556.00,208.00,0.915
201,2,0.00,199.00,336.00,375.00,0.957
201,2,589.00,177.00,632.00,222.00,0.966
202,2,0.00,202.00,196.00,373.00,0.661
202,2,551.00,177.00,573.00,197.00,0.805
202,2,514.00,176.00,552.00,209.00,0.920
202,2,1.00,182.00,61.00,233.00,0.934
202,2,590.00,176.00,633.00,220.00,0.941
203,2,549.00,177.00,573.00,197.00,0.787
203,2,0.00,185.00,31.00,234.00,0.836
203,2,506.00,175.00,548.00,211.00,0.933
203,2,589.00,173.00,632.00,219.00,0.942
204,2,544.00,177.00,571.00,199.00,0.792
204,2,496.00,175.00,545.00,214.00,0.935
204,2,589.00,173.00,633.00,219.00,0.938
205,2,415.00,178.00,440.00,192.00,0.319
205,2,540.00,178.00,569.00,200.00,0.883
205,2,589.00,174.00,632.00,219.00,0.937
205,2,486.00,176.00,540.00,218.00,0.946
206,2,562.00,176.00,584.00,194.00,0.359
206,2,414.00,175.00,437.00,191.00,0.473
206,2,538.00,177.00,567.00,200.00,0.881
206,2,589.00,172.00,632.00,217.00,0.940
206,2,472.00,174.00,536.00,221.00,0.958
207,2,560.00,175.00,580.00,193.00,0.708
207,2,411.00,174.00,434.00,190.00,0.742
207,2,535.00,175.00,564.00,200.00,0.902
207,2,590.00,172.00,632.00,215.00,0.943
207,2,457.00,173.00,528.00,226.00,0.954
208,2,559.00,176.00,579.00,192.00,0.734
208,2,407.00,176.00,436.00,192.00,0.764
208,2,529.00,176.00,563.00,203.00,0.884
208,2,589.00,173.00,632.00,216.00,0.944
208,2,436.00,172.00,519.00,236.00,0.947
209,2,403.00,177.00,433.00,196.00,0.679
209,2,557.00,178.00,578.00,195.00,0.787
209,2,524.00,178.00,560.00,208.00,0.922
209,2,589.00,175.00,633.00,218.00,0.943
209,2,407.00,177.00,506.00,248.00,0.963
210,2,452.00,175.00,474.00,190.00,0.471
210,2,399.00,178.00,430.00,197.00,0.709
210,2,554.00,180.00,575.00,198.00,0.805
210,2,519.00,180.00,556.00,211.00,0.918
210,2,368.00,180.00,490.00,262.00,0.958
210,2,589.00,177.00,632.00,220.00,0.960
211,2,363.00,181.00,393.00,196.00,0.277
211,2,396.00,177.00,426.00,193.00,0.486
211,2,552.00,180.00,575.00,199.00,0.830
211,2,510.00,180.00,554.00,214.00,0.940
211,2,308.00,178.00,469.00,285.00,0.961
211,2,589.00,177.00,632.00,220.00,0.961
212,2,571.00,177.00,588.00,192.00,0.273
212,2,474.00,179.00,494.00,190.00,0.569
212,2,395.00,176.00,421.00,193.00,0.795
212,2,550.00,179.00,574.00,198.00,0.802
212,2,502.00,177.00,550.00,218.00,0.941
212,2,590.00,176.00,632.00,219.00,0.945
212,2,212.00,178.00,436.00,321.00,0.960
213,2,394.00,175.00,419.00,193.00,0.784
213,2,549.00,178.00,572.00,198.00,0.832
213,2,589.00,174.00,633.00,218.00,0.940
213,2,492.00,177.00,543.00,220.00,0.957
213,2,19.00,178.00,389.00,374.00,0.971
214,2,571.00,175.00,588.00,190.00,0.330
214,2,386.00,174.00,415.00,194.00,0.871
214,2,545.00,177.00,571.00,199.00,0.891
214,2,589.00,174.00,633.00,218.00,0.942
214,2,0.00,180.00,302.00,373.00,0.947
214,2,478.00,176.00,538.00,225.00,0.964
215,2,570.00,175.00,587.00,191.00,0.370
215,2,382.00,175.00,412.00,194.00,0.885
215,2,542.00,178.00,570.00,201.00,0.905
215,2,589.00,174.00,633.00,217.00,0.942
215,2,463.00,177.00,527.00,230.00,0.963
216,2,568.00,177.00,588.00,194.00,0.593
216,2,378.00,175.00,409.00,194.00,0.885
216,2,538.00,177.00,569.00,203.00,0.888
216,2,590.00,175.00,632.00,218.00,0.945
216,2,442.00,177.00,518.00,239.00,0.972
217,2,565.00,177.00,585.00,195.00,0.775
217,2,374.00,175.00,404.00,194.00,0.888
217,2,534.00,178.00,566.00,205.00,0.917
217,2,590.00,175.00,633.00,219.00,0.952
217,2,412.00,179.00,506.00,251.00,0.965
218,2,562.00,180.00,583.00,198.00,0.775
218,2,370.00,176.00,400.00,197.00,0.891
218,2,529.00,179.00,564.00,207.00,0.937
218,2,589.00,177.00,632.00,220.00,0.951
218,2,370.00,179.00,489.00,267.00,0.976
219,2,563.00,182.00,582.00,198.00,0.760
219,2,367.00,177.00,398.00,197.00,0.823
219,2,525.00,182.00,562.00,212.00,0.922
219,2,589.00,179.00,632.00,221.00,0.954
219,2,302.00,182.00,462.00,294.00,0.964
220,2,568.00,178.00,588.00,197.00,0.398
220,2,562.00,182.00,581.00,199.00,0.816
220,2,361.00,178.00,394.00,197.00,0.847
220,2,520.00,183.00,559.00,215.00,0.942
220,2,590.00,180.00,632.00,222.00,0.955
220,2,188.00,184.00,432.00,339.00,0.964
221,2,560.00,182.00,581.00,200.00,0.805
221,2,355.00,178.00,389.00,201.00,0.887
221,2,1.00,187.00,367.00,374.00,0.896
221,2,511.00,183.00,556.00,219.00,0.951
221,2,589.00,179.00,631.00,222.00,0.955
222,2,568.00,174.00,589.00,195.00,0.422
222,2,558.00,182.00,580.00,200.00,0.789
222,2,349.00,178.00,384.00,201.00,0.913
222,2,0.00,191.00,262.00,374.00,0.924
222,2,505.00,183.00,552.00,220.00,0.937
222,2,590.00,179.00,631.00,220.00,0.954
223,2,563.00,172.00,583.00,194.00,0.377
223,2,558.00,180.00,579.00,198.00,0.824
223,2,344.00,177.00,380.00,201.00,0.927
223,2,494.00,183.00,547.00,224.00,0.951
223,2,591.00,177.00,632.00,219.00,0.955
224,2,567.00,171.00,585.00,192.00,0.276
224,2,554.00,179.00,578.00,200.00,0.847
224,2,338.00,177.00,375.00,201.00,0.875
224,2,591.00,177.00,632.00,219.00,0.945
224,2,482.00,183.00,541.00,229.00,0.952
225,2,569.00,168.00,587.00,190.00,0.317
225,2,552.00,178.00,576.00,200.00,0.875
225,2,330.00,176.00,369.00,201.00,0.927
225,2,591.00,177.00,633.00,218.00,0.941
225,2,466.00,184.00,535.00,237.00,0.969
226,2,569.00,165.00,590.00,191.00,0.627
226,2,550.00,178.00,576.00,200.00,0.882
226,2,324.00,175.00,363.00,201.00,0.915
226,2,592.00,176.00,633.00,217.00,0.939
226,2,445.00,184.00,526.00,245.00,0.976
227,2,569.00,168.00,588.00,190.00,0.735
227,2,546.00,178.00,574.00,200.00,0.874
227,2,316.00,175.00,357.00,201.00,0.937
227,2,592.00,175.00,633.00,216.00,0.940
227,2,416.00,184.00,513.00,256.00,0.947
228,2,476.00,177.00,494.00,189.00,0.441
228,2,566.00,167.00,588.00,191.00,0.847
228,2,541.00,177.00,572.00,202.00,0.902
228,2,591.00,175.00,633.00,217.00,0.941
228,2,308.00,175.00,351.00,202.00,0.943
228,2,372.00,185.00,498.00,274.00,0.953
229,2,562.00,165.00,587.00,193.00,0.847
229,2,536.00,177.00,570.00,205.00,0.914
229,2,297.00,175.00,342.00,203.00,0.931
229,2,591.00,177.00,631.00,218.00,0.945
229,2,304.00,188.00,476.00,304.00,0.966
230,2,560.00,163.00,587.00,194.00,0.858
230,2,531.00,177.00,566.00,206.00,0.927
230,2,289.00,174.00,335.00,202.00,0.929
230,2,590.00,175.00,631.00,217.00,0.941
230,2,186.00,190.00,440.00,353.00,0.954
231,2,435.00,178.00,458.00,194.00,0.296
231,2,558.00,165.00,584.00,193.00,0.828
231,2,524.00,177.00,562.00,208.00,0.934
231,2,589.00,175.00,630.00,216.00,0.944
231,2,277.00,175.00,326.00,204.00,0.949
231,2,0.00,195.00,381.00,374.00,0.963
232,2,556.00,163.00,582.00,195.00,0.849
232,2,517.00,179.00,557.00,212.00,0.919
232,2,1.00,211.00,261.00,374.00,0.925
232,2,265.00,176.00,316.00,206.00,0.933
232,2,588.00,178.00,628.00,218.00,0.952
233,2,428.00,180.00,451.00,194.00,0.530
233,2,552.00,162.00,581.00,197.00,0.835
233,2,508.00,179.00,552.00,216.00,0.938
233,2,254.00,177.00,307.00,208.00,0.938
233,2,588.00,179.00,628.00,217.00,0.941
234,2,425.00,178.00,448.00,193.00,0.690
234,2,547.00,162.00,579.00,195.00,0.893
234,2,587.00,175.00,627.00,215.00,0.940
234,2,495.00,177.00,547.00,217.00,0.942
234,2,241.00,175.00,297.00,207.00,0.948
235,2,422.00,178.00,446.00,193.00,0.390
235,2,545.00,156.00,575.00,196.00,0.868
235,2,586.00,174.00,626.00,214.00,0.940
235,2,484.00,176.00,540.00,221.00,0.957
235,2,225.00,174.00,286.00,207.00,0.961
236,2,417.00,178.00,439.00,193.00,0.523
236,2,542.00,159.00,576.00,198.00,0.892
236,2,586.00,174.00,625.00,214.00,0.942
236,2,211.00,174.00,275.00,209.00,0.953
236,2,470.00,177.00,534.00,228.00,0.969
237,2,415.00,179.00,436.00,193.00,0.592
237,2,539.00,154.00,576.00,198.00,0.909
237,2,193.00,174.00,263.00,211.00,0.942
237,2,585.00,174.00,624.00,215.00,0.946
237,2,450.00,178.00,523.00,236.00,0.961
238,2,412.00,178.00,433.00,194.00,0.640
238,2,537.00,153.00,575.00,198.00,0.902
238,2,176.00,174.00,249.00,213.00,0.941
238,2,585.00,173.00,624.00,214.00,0.950
238,2,424.00,179.00,512.00,244.00,0.968
239,2,435.00,178.00,462.00,190.00,0.292
239,2,445.00,176.00,469.00,189.00,0.425
239,2,404.00,178.00,428.00,192.00,0.663
239,2,530.00,152.00,571.00,201.00,0.920
239,2,159.00,174.00,235.00,215.00,0.939
239,2,585.00,174.00,623.00,213.00,0.949
239,2,389.00,178.00,497.00,258.00,0.955
240,2,407.00,181.00,434.00,197.00,0.261
240,2,442.00,177.00,465.00,191.00,0.444
240,2,401.00,178.00,426.00,193.00,0.547
240,2,526.00,151.00,571.00,203.00,0.920
240,2,585.00,175.00,623.00,214.00,0.947
240,2,138.00,174.00,219.00,217.00,0.952
240,2,334.00,181.00,477.00,280.00,0.956
241,2,559.00,177.00,580.00,195.00,0.258
241,2,441.00,177.00,462.00,191.00,0.267
241,2,395.00,180.00,421.00,196.00,0.745
241,2,116.00,175.00,204.00,219.00,0.940
241,2,522.00,149.00,568.00,203.00,0.942
241,2,585.00,175.00,623.00,214.00,0.946
241,2,249.00,181.00,450.00,314.00,0.957
242,2,393.00,180.00,419.00,195.00,0.700
242,2,560.00,176.00,581.00,196.00,0.735
242,2,92.00,175.00,185.00,221.00,0.938
242,2,514.00,148.00,567.00,205.00,0.939
242,2,585.00,175.00,624.00,214.00,0.941
242,2,70.00,179.00,407.00,375.00,0.959
243,2,562.00,178.00,580.00,195.00,0.649
243,2,389.00,180.00,416.00,197.00,0.875
243,2,70.00,176.00,165.00,221.00,0.925
243,2,585.00,175.00,623.00,214.00,0.943
243,2,510.00,145.00,564.00,208.00,0.949
243,2,0.00,192.00,329.00,374.00,0.956
244,2,559.00,177.00,580.00,196.00,0.726
244,2,384.00,180.00,411.00,197.00,0.871
244,2,0.00,191.00,155.00,375.00,0.896
244,2,584.00,175.00,623.00,214.00,0.944
244,2,35.00,175.00,145.00,226.00,0.945
244,2,501.00,142.00,563.00,212.00,0.957
245,2,426.00,178.00,450.00,193.00,0.258
245,2,554.00,177.00,575.00,196.00,0.768
245,2,379.00,181.00,408.00,197.00,0.871
245,2,2.00,176.00,120.00,230.00,0.940
245,2,585.00,175.00,623.00,213.00,0.947
245,2,493.00,138.00,558.00,215.00,0.954
246,2,551.00,176.00,574.00,196.00,0.806
246,2,373.00,179.00,402.00,197.00,0.842
246,2,1.00,175.00,96.00,232.00,0.934
246,2,484.00,134.00,553.00,217.00,0.948
246,2,585.00,175.00,623.00,213.00,0.950
247,2,549.00,176.00,574.00,196.00,0.807
247,2,368.00,180.00,398.00,197.00,0.883
247,2,1.00,173.00,66.00,236.00,0.946
247,2,584.00,175.00,622.00,213.00,0.951
247,2,468.00,129.00,550.00,222.00,0.958
248,2,417.00,180.00,438.00,195.00,0.278
248,2,547.00,179.00,572.00,199.00,0.824
248,2,0.00,176.00,32.00,238.00,0.865
248,2,362.00,180.00,393.00,198.00,0.886
248,2,584.00,177.00,621.00,216.00,0.952
248,2,455.00,124.00,547.00,229.00,0.960
249,2,545.00,180.00,571.00,201.00,0.863
249,2,356.00,181.00,388.00,200.00,0.893
249,2,584.00,178.00,622.00,217.00,0.954
249,2,431.00,119.00,542.00,236.00,0.963
250,2,541.00,180.00,568.00,202.00,0.878
250,2,350.00,182.00,385.00,201.00,0.887
250,2,402.00,103.00,534.00,243.00,0.952
250,2,584.00,178.00,621.00,216.00,0.957
251,2,343.00,181.00,390.00,203.00,0.769
251,2,538.00,179.00,568.00,202.00,0.874
251,2,366.00,87.00,528.00,252.00,0.954
251,2,584.00,178.00,621.00,215.00,0.958
252,2,549.00,178.00,574.00,197.00,0.453
252,2,311.00,172.00,372.00,201.00,0.457
252,2,561.00,179.00,581.00,195.00,0.527
252,2,534.00,179.00,565.00,203.00,0.874
252,2,309.00,74.00,518.00,270.00,0.948
252,2,584.00,177.00,622.00,215.00,0.963
253,2,554.00,178.00,577.00,196.00,0.706
253,2,209.00,46.00,504.00,304.00,0.933
253,2,530.00,177.00,564.00,204.00,0.942
253,2,584.00,176.00,621.00,214.00,0.960
254,2,563.00,178.00,580.00,193.00,0.251
254,2,259.00,153.00,321.00,184.00,0.271
254,2,552.00,179.00,574.00,197.00,0.743
254,2,526.00,178.00,561.00,205.00,0.920
254,2,40.00,4.00,485.00,360.00,0.953
254,2,584.00,176.00,621.00,214.00,0.958
255,2,562.00,178.00,580.00,193.00,0.323
255,2,261.00,184.00,316.00,209.00,0.350
255,2,340.00,183.00,382.00,201.00,0.384
255,2,311.00,186.00,357.00,206.00,0.439
255,2,549.00,178.00,572.00,198.00,0.729
255,2,521.00,179.00,558.00,207.00,0.906
255,2,49.00,0.00,464.00,373.00,0.930
255,2,585.00,178.00,621.00,214.00,0.948
256,2,561.00,178.00,579.00,194.00,0.303
256,2,206.00,183.00,256.00,204.00,0.318
256,2,255.00,187.00,301.00,208.00,0.349
256,2,302.00,187.00,339.00,205.00,0.413
256,2,267.00,182.00,309.00,200.00,0.414
256,2,545.00,180.00,568.00,201.00,0.780
256,2,516.00,180.00,554.00,211.00,0.920
256,2,47.00,0.00,416.00,375.00,0.922
256,2,585.00,179.00,621.00,215.00,0.949
257,2,561.00,178.00,581.00,195.00,0.606
257,2,378.00,181.00,410.00,198.00,0.842
257,2,542.00,180.00,567.00,199.00,0.861
257,2,43.00,0.00,329.00,369.00,0.893
257,2,292.00,183.00,338.00,207.00,0.898
257,2,509.00,179.00,552.00,213.00,0.940
257,2,585.00,177.00,623.00,214.00,0.943
258,2,557.00,173.00,579.00,192.00,0.563
258,2,392.00,178.00,420.00,194.00,0.620
258,2,372.00,178.00,402.00,195.00,0.841
258,2,538.00,177.00,565.00,198.00,0.843
258,2,285.00,180.00,330.00,204.00,0.920
258,2,501.00,176.00,547.00,212.00,0.930
258,2,585.00,173.00,623.00,210.00,0.942
259,2,555.00,173.00,576.00,191.00,0.697
259,2,389.00,175.00,418.00,191.00,0.756
259,2,533.00,175.00,563.00,198.00,0.820
259,2,367.00,176.00,396.00,194.00,0.854
259,2,275.00,180.00,323.00,204.00,0.923
259,2,491.00,174.00,543.00,214.00,0.928
259,2,586.00,171.00,623.00,209.00,0.938
260,2,554.00,176.00,576.00,193.00,0.791
260,2,384.00,178.00,414.00,195.00,0.829
260,2,362.00,179.00,392.00,197.00,0.842
260,2,529.00,178.00,560.00,201.00,0.879
260,2,262.00,181.00,311.00,207.00,0.918
260,2,586.00,173.00,623.00,212.00,0.945
260,2,477.00,176.00,539.00,223.00,0.962
261,2,552.00,177.00,573.00,195.00,0.780
261,2,383.00,178.00,411.00,195.00,0.805
261,2,356.00,180.00,388.00,198.00,0.836
261,2,524.00,178.00,559.00,205.00,0.896
261,2,251.00,182.00,301.00,208.00,0.940
261,2,586.00,174.00,624.00,213.00,0.949
261,2,464.00,176.00,531.00,229.00,0.955
262,2,373.00,176.00,405.00,195.00,0.844
262,2,350.00,178.00,382.00,197.00,0.876
262,2,549.00,175.00,573.00,194.00,0.889
262,2,519.00,177.00,556.00,205.00,0.907
262,2,236.00,180.00,290.00,208.00,0.917
262,2,586.00,173.00,624.00,212.00,0.947
262,2,443.00,175.00,524.00,236.00,0.963
263,2,343.00,177.00,377.00,196.00,0.830
263,2,369.00,175.00,400.00,193.00,0.842
263,2,545.00,173.00,571.00,194.00,0.883
263,2,221.00,178.00,279.00,207.00,0.927
263,2,514.00,176.00,553.00,205.00,0.939
263,2,587.00,173.00,624.00,211.00,0.941
263,2,420.00,174.00,513.00,243.00,0.966
264,2,559.00,172.00,577.00,187.00,0.426
264,2,361.00,173.00,394.00,191.00,0.813
264,2,336.00,176.00,367.00,195.00,0.831
264,2,542.00,172.00,568.00,194.00,0.898
264,2,204.00,176.00,266.00,207.00,0.924
264,2,506.00,174.00,549.00,206.00,0.936
264,2,586.00,171.00,623.00,209.00,0.945
264,2,386.00,174.00,499.00,256.00,0.963
265,2,383.00,171.00,418.00,187.00,0.306
265,2,553.00,174.00,574.00,191.00,0.370
265,2,409.00,170.00,440.00,185.00,0.560
265,2,356.00,173.00,389.00,192.00,0.756
265,2,325.00,175.00,366.00,196.00,0.837
265,2,536.00,172.00,564.00,196.00,0.875
265,2,497.00,175.00,544.00,209.00,0.925
265,2,186.00,177.00,251.00,209.00,0.932
265,2,585.00,172.00,623.00,210.00,0.946
265,2,331.00,172.00,480.00,277.00,0.965
266,2,379.00,172.00,408.00,188.00,0.651
266,2,324.00,166.00,362.00,187.00,0.694
266,2,557.00,175.00,576.00,191.00,0.709
266,2,531.00,172.00,562.00,198.00,0.907
266,2,167.00,177.00,235.00,210.00,0.924
266,2,486.00,175.00,538.00,213.00,0.944
266,2,585.00,173.00,623.00,210.00,0.947
266,2,251.00,177.00,451.00,308.00,0.968
267,2,309.00,175.00,345.00,193.00,0.694
267,2,553.00,174.00,573.00,191.00,0.736
267,2,342.00,175.00,378.00,193.00,0.773
267,2,146.00,178.00,219.00,212.00,0.921
267,2,527.00,172.00,560.00,200.00,0.926
267,2,584.00,173.00,623.00,211.00,0.953
267,2,474.00,177.00,530.00,218.00,0.954
267,2,85.00,178.00,416.00,367.00,0.964
268,2,317.00,177.00,360.00,197.00,0.272
268,2,6.00,176.00,232.00,273.00,0.701
268,2,552.00,175.00,573.00,193.00,0.839
268,2,334.00,175.00,371.00,195.00,0.863
268,2,298.00,177.00,341.00,199.00,0.893
268,2,523.00,172.00,557.00,201.00,0.902
268,2,584.00,173.00,623.00,211.00,0.951
268,2,3.00,188.00,355.00,373.00,0.956
268,2,458.00,177.00,524.00,224.00,0.967
269,2,327.00,175.00,364.00,196.00,0.850
269,2,551.00,174.00,573.00,193.00,0.852
269,2,290.00,176.00,335.00,200.00,0.904
269,2,0.00,195.00,229.00,373.00,0.914
269,2,97.00,179.00,182.00,218.00,0.923
269,2,517.00,172.00,555.00,204.00,0.926
269,2,586.00,172.00,623.00,210.00,0.951
269,2,440.00,178.00,514.00,231.00,0.960
270,2,550.00,174.00,573.00,193.00,0.872
270,2,317.00,175.00,357.00,198.00,0.888
270,2,279.00,177.00,327.00,201.00,0.903
270,2,510.00,171.00,552.00,206.00,0.936
270,2,585.00,173.00,623.00,211.00,0.951
270,2,68.00,179.00,163.00,220.00,0.951
270,2,415.00,179.00,506.00,239.00,0.964
271,2,309.00,175.00,352.00,199.00,0.889
271,2,269.00,177.00,317.00,202.00,0.913
271,2,546.00,174.00,572.00,194.00,0.915
271,2,37.00,181.00,140.00,223.00,0.929
271,2,504.00,170.00,550.00,208.00,0.937
271,2,586.00,172.00,624.00,211.00,0.947
271,2,381.00,179.00,491.00,251.00,0.956
272,2,298.00,174.00,345.00,199.00,0.902
272,2,3.00,181.00,116.00,226.00,0.927
272,2,544.00,175.00,571.00,196.00,0.927
272,2,258.00,177.00,309.00,204.00,0.939
272,2,498.00,171.00,545.00,210.00,0.940
272,2,586.00,173.00,624.00,210.00,0.946
272,2,333.00,181.00,474.00,268.00,0.962
273,2,291.00,174.00,339.00,199.00,0.859
273,2,1.00,182.00,86.00,229.00,0.909
273,2,244.00,177.00,301.00,205.00,0.914
273,2,541.00,176.00,569.00,198.00,0.930
273,2,587.00,173.00,625.00,211.00,0.940
273,2,488.00,171.00,543.00,214.00,0.952
273,2,259.00,182.00,449.00,297.00,0.962
274,2,280.00,175.00,331.00,197.00,0.838
274,2,234.00,177.00,288.00,202.00,0.881
274,2,538.00,176.00,567.00,198.00,0.895
274,2,1.00,183.00,55.00,231.00,0.903
274,2,587.00,173.00,626.00,210.00,0.940
274,2,477.00,170.00,538.00,220.00,0.960
274,2,125.00,185.00,411.00,346.00,0.967
275,2,0.00,183.00,18.00,235.00,0.353
275,2,270.00,176.00,321.00,199.00,0.827
275,2,217.00,177.00,275.00,201.00,0.876
275,2,535.00,177.00,564.00,200.00,0.904
275,2,588.00,173.00,626.00,211.00,0.944
275,2,4.00,188.00,354.00,374.00,0.949
275,2,462.00,171.00,530.00,226.00,0.961
276,2,531.00,176.00,563.00,201.00,0.907
276,2,200.00,178.00,264.00,208.00,0.916
276,2,0.00,196.00,256.00,373.00,0.924
276,2,256.00,176.00,312.00,203.00,0.928
276,2,588.00,173.00,627.00,211.00,0.940
276,2,444.00,169.00,521.00,232.00,0.954
277,2,525.00,176.00,561.00,203.00,0.914
277,2,181.00,178.00,254.00,211.00,0.931
277,2,239.00,176.00,302.00,204.00,0.937
277,2,588.00,173.00,627.00,211.00,0.941
277,2,419.00,168.00,508.00,241.00,0.963
278,2,164.00,177.00,234.00,211.00,0.925
278,2,226.00,177.00,290.00,205.00,0.931
278,2,518.00,176.00,557.00,206.00,0.938
278,2,588.00,173.00,627.00,211.00,0.944
278,2,386.00,168.00,498.00,254.00,0.978
279,2,212.00,178.00,277.00,206.00,0.922
279,2,513.00,176.00,554.00,206.00,0.933
279,2,141.00,178.00,217.00,214.00,0.939
279,2,588.00,173.00,627.00,211.00,0.950
279,2,336.00,167.00,478.00,273.00,0.954
280,2,336.00,165.00,368.00,182.00,0.515
280,2,196.00,176.00,264.00,209.00,0.900
280,2,505.00,176.00,550.00,210.00,0.941
280,2,588.00,173.00,628.00,212.00,0.951
280,2,119.00,178.00,200.00,216.00,0.951
280,2,258.00,164.00,454.00,301.00,0.959
281,2,338.00,165.00,370.00,182.00,0.488
281,2,267.00,164.00,300.00,181.00,0.622
281,2,172.00,178.00,243.00,210.00,0.871
281,2,91.00,179.00,180.00,219.00,0.924
281,2,495.00,178.00,545.00,214.00,0.946
281,2,589.00,173.00,628.00,212.00,0.952
281,2,108.00,163.00,416.00,354.00,0.967
282,2,250.00,160.00,298.00,184.00,0.548
282,2,212.00,160.00,260.00,183.00,0.688
282,2,590.00,173.00,628.00,212.00,0.945
282,2,485.00,179.00,540.00,219.00,0.957
282,2,2.00,161.00,357.00,373.00,0.962
283,2,0.00,150.00,147.00,232.00,0.314
283,2,133.00,178.00,225.00,216.00,0.919
283,2,0.00,157.00,235.00,374.00,0.935
283,2,590.00,173.00,628.00,212.00,0.944
283,2,473.00,180.00,534.00,223.00,0.962
284,2,100.00,178.00,210.00,219.00,0.900
284,2,590.00,173.00,628.00,212.00,0.944
284,2,1.00,179.00,106.00,228.00,0.945
284,2,456.00,182.00,525.00,230.00,0.951
285,2,72.00,178.00,189.00,221.00,0.916
285,2,1.00,179.00,77.00,231.00,0.930
285,2,590.00,174.00,628.00,212.00,0.946
285,2,430.00,181.00,516.00,238.00,0.962
286,2,1.00,179.00,40.00,231.00,0.852
286,2,39.00,177.00,166.00,222.00,0.920
286,2,591.00,174.00,628.00,212.00,0.947
286,2,400.00,183.00,504.00,249.00,0.951
287,2,5.00,178.00,136.00,225.00,0.943
287,2,591.00,174.00,629.00,212.00,0.944
287,2,358.00,183.00,485.00,264.00,0.974
288,2,0.00,178.00,111.00,228.00,0.903
288,2,590.00,172.00,631.00,212.00,0.939
288,2,291.00,184.00,463.00,289.00,0.958
289,2,1.00,180.00,81.00,229.00,0.844
289,2,591.00,173.00,630.00,212.00,0.938
289,2,179.00,187.00,430.00,329.00,0.964
290,2,1.00,177.00,50.00,229.00,0.874
290,2,591.00,172.00,631.00,211.00,0.937
290,2,4.00,190.00,381.00,374.00,0.948
291,2,591.00,171.00,631.00,211.00,0.936
291,2,2.00,198.00,290.00,375.00,0.959
292,2,591.00,171.00,632.00,211.00,0.935
293,2,591.00,172.00,631.00,212.00,0.930
294,2,592.00,173.00,632.00,213.00,0.931
295,2,592.00,174.00,632.00,214.00,0.931
296,2,592.00,172.00,632.00,213.00,0.935
