0,2,613.00,180.00,633.00,195.00,0.848
0,2,457.00,184.00,493.00,208.00,0.858
0,2,507.00,165.00,542.00,199.00,0.880
0,2,382.00,179.00,447.00,223.00,0.930
0,2,147.00,196.00,315.00,272.00,0.931
0,2,832.00,82.00,1163.00,321.00,0.956
1,2,477.00,183.00,507.00,202.00,0.582
1,2,609.00,179.00,628.00,194.00,0.875
1,2,500.00,165.00,534.00,198.00,0.891
1,2,443.00,183.00,483.00,210.00,0.896
1,2,15.00,200.00,246.00,292.00,0.917
1,2,353.00,179.00,427.00,226.00,0.937
1,2,844.00,59.00,1239.00,344.00,0.961
2,2,538.00,175.00,559.00,195.00,0.465
2,2,469.00,183.00,499.00,202.00,0.816
2,2,605.00,178.00,624.00,194.00,0.849
2,2,493.00,163.00,528.00,196.00,0.872
2,2,429.00,183.00,472.00,211.00,0.896
2,2,0.00,204.00,152.00,341.00,0.918
2,2,316.00,179.00,404.00,235.00,0.940
2,2,876.00,40.00,1242.00,374.00,0.961
3,2,601.00,178.00,620.00,194.00,0.828
3,2,459.00,183.00,490.00,203.00,0.858
3,2,413.00,184.00,462.00,215.00,0.896
3,2,484.00,162.00,520.00,199.00,0.909
3,2,268.00,180.00,376.00,245.00,0.940
3,2,916.00,23.00,1241.00,375.00,0.961
4,2,598.00,180.00,617.00,194.00,0.754
4,2,446.00,184.00,478.00,205.00,0.848
4,2,393.00,185.00,446.00,217.00,0.888
4,2,477.00,161.00,518.00,201.00,0.925
4,2,971.00,6.00,1242.00,375.00,0.952
4,2,205.00,180.00,342.00,252.00,0.963
5,2,592.00,179.00,612.00,194.00,0.808
5,2,434.00,183.00,469.00,208.00,0.880
5,2,1062.00,5.00,1242.00,375.00,0.910
5,2,467.00,159.00,512.00,202.00,0.915
5,2,371.00,186.00,430.00,222.00,0.924
5,2,113.00,182.00,296.00,266.00,0.949
6,2,520.00,175.00,543.00,195.00,0.434
6,2,589.00,178.00,609.00,193.00,0.758
6,2,419.00,183.00,456.00,208.00,0.864
6,2,457.00,159.00,504.00,201.00,0.927
6,2,342.00,186.00,412.00,229.00,0.935
6,2,0.00,180.00,231.00,291.00,0.952
7,2,585.00,177.00,605.00,193.00,0.788
7,2,401.00,183.00,443.00,211.00,0.893
7,2,1.00,181.00,132.00,329.00,0.894
7,2,448.00,156.00,497.00,202.00,0.910
7,2,309.00,185.00,391.00,236.00,0.939
8,2,510.00,175.00,534.00,196.00,0.473
8,2,580.00,178.00,601.00,193.00,0.795
8,2,383.00,183.00,429.00,215.00,0.921
8,2,434.00,156.00,487.00,203.00,0.928
8,2,268.00,187.00,364.00,241.00,0.935
9,2,505.00,175.00,530.00,196.00,0.833
9,2,576.00,178.00,595.00,194.00,0.843
9,2,359.00,186.00,413.00,219.00,0.886
9,2,421.00,155.00,480.00,206.00,0.921
9,2,212.00,188.00,331.00,252.00,0.951
10,2,572.00,178.00,591.00,194.00,0.833
10,2,500.00,174.00,526.00,197.00,0.854
10,2,410.00,154.00,468.00,208.00,0.917
10,2,333.00,187.00,393.00,223.00,0.925
10,2,147.00,190.00,292.00,264.00,0.953
11,2,538.00,180.00,553.00,192.00,0.271
11,2,496.00,176.00,520.00,198.00,0.805
11,2,568.00,179.00,587.00,194.00,0.834
11,2,301.00,188.00,369.00,230.00,0.917
11,2,39.00,192.00,236.00,278.00,0.934
11,2,394.00,153.00,460.00,212.00,0.954
12,2,534.00,181.00,549.00,193.00,0.292
12,2,564.00,179.00,583.00,195.00,0.784
12,2,491.00,175.00,517.00,198.00,0.854
12,2,375.00,150.00,450.00,214.00,0.919
12,2,262.00,189.00,340.00,236.00,0.924
12,2,1.00,196.00,158.00,299.00,0.926
13,2,0.00,200.00,34.00,298.00,0.681
13,2,560.00,179.00,578.00,194.00,0.840
13,2,487.00,175.00,513.00,198.00,0.899
13,2,210.00,190.00,310.00,248.00,0.926
13,2,352.00,150.00,437.00,217.00,0.933
14,2,483.00,174.00,510.00,199.00,0.845
14,2,557.00,180.00,576.00,195.00,0.851
14,2,143.00,192.00,266.00,263.00,0.934
14,2,333.00,147.00,426.00,222.00,0.934
15,2,554.00,180.00,572.00,195.00,0.814
15,2,478.00,174.00,505.00,199.00,0.877
15,2,304.00,143.00,412.00,227.00,0.933
15,2,48.00,196.00,209.00,270.00,0.947
16,2,552.00,180.00,570.00,195.00,0.795
16,2,475.00,174.00,501.00,200.00,0.878
16,2,2.00,200.00,127.00,296.00,0.918
16,2,279.00,138.00,397.00,232.00,0.943
17,2,548.00,179.00,568.00,194.00,0.746
17,2,472.00,172.00,500.00,200.00,0.888
17,2,245.00,134.00,374.00,235.00,0.936
18,2,547.00,178.00,566.00,193.00,0.843
18,2,469.00,171.00,498.00,200.00,0.880
18,2,198.00,124.00,353.00,238.00,0.966
19,2,547.00,178.00,567.00,194.00,0.848
19,2,467.00,171.00,497.00,200.00,0.886
19,2,132.00,120.00,333.00,248.00,0.956
20,2,548.00,179.00,566.00,194.00,0.809
20,2,465.00,170.00,496.00,201.00,0.899
20,2,47.00,108.00,303.00,263.00,0.955
21,2,548.00,179.00,567.00,194.00,0.728
21,2,464.00,170.00,496.00,201.00,0.897
21,2,0.00,92.00,258.00,284.00,0.958
22,2,550.00,179.00,569.00,195.00,0.668
22,2,463.00,170.00,495.00,202.00,0.906
22,2,1.00,69.00,197.00,293.00,0.952
23,2,551.00,181.00,569.00,196.00,0.794
23,2,463.00,171.00,494.00,204.00,0.914
23,2,1.00,72.00,110.00,298.00,0.937
24,2,554.00,183.00,570.00,198.00,0.843
24,2,462.00,171.00,494.00,206.00,0.912
25,2,554.00,184.00,571.00,199.00,0.843
25,2,460.00,172.00,494.00,208.00,0.909
26,2,555.00,185.00,572.00,200.00,0.845
26,2,460.00,174.00,494.00,209.00,0.933
27,2,558.00,185.00,575.00,199.00,0.844
27,2,458.00,172.00,495.00,210.00,0.927
28,2,559.00,184.00,578.00,199.00,0.851
28,2,456.00,171.00,495.00,210.00,0.936
29,2,561.00,184.00,578.00,198.00,0.873
29,2,455.00,170.00,494.00,211.00,0.936
30,2,563.00,184.00,581.00,198.00,0.835
30,2,453.00,169.00,495.00,211.00,0.929
31,2,565.00,183.00,581.00,197.00,0.778
31,2,450.00,168.00,494.00,211.00,0.937
32,2,567.00,183.00,583.00,196.00,0.771
32,2,449.00,166.00,493.00,211.00,0.944
33,2,568.00,181.00,586.00,195.00,0.836
33,2,446.00,164.00,491.00,211.00,0.933
34,2,442.00,164.00,489.00,212.00,0.827
34,2,570.00,180.00,588.00,194.00,0.875
35,2,571.00,179.00,588.00,193.00,0.802
35,2,438.00,162.00,488.00,212.00,0.927
36,2,573.00,179.00,590.00,193.00,0.716
36,2,433.00,162.00,487.00,214.00,0.938
37,2,573.00,183.00,590.00,197.00,0.832
37,2,429.00,164.00,484.00,219.00,0.953
38,2,558.00,185.00,571.00,196.00,0.278
38,2,575.00,184.00,592.00,197.00,0.795
38,2,423.00,163.00,481.00,220.00,0.929
39,2,575.00,183.00,593.00,197.00,0.820
39,2,415.00,163.00,474.00,221.00,0.944
40,2,576.00,183.00,593.00,198.00,0.802
40,2,407.00,164.00,471.00,225.00,0.938
41,2,561.00,187.00,575.00,199.00,0.318
41,2,577.00,187.00,593.00,201.00,0.794
41,2,397.00,163.00,466.00,230.00,0.948
42,2,578.00,189.00,594.00,202.00,0.795
42,2,385.00,164.00,461.00,235.00,0.946
43,2,562.00,187.00,577.00,200.00,0.430
43,2,579.00,187.00,595.00,201.00,0.843
43,2,374.00,162.00,454.00,238.00,0.946
44,2,581.00,186.00,596.00,200.00,0.873
44,2,358.00,159.00,447.00,240.00,0.939
45,2,582.00,187.00,596.00,201.00,0.832
45,2,343.00,158.00,439.00,244.00,0.932
46,2,584.00,187.00,599.00,201.00,0.854
46,2,326.00,156.00,432.00,247.00,0.933
47,2,585.00,185.00,602.00,200.00,0.865
47,2,305.00,153.00,423.00,250.00,0.940
48,2,585.00,184.00,602.00,199.00,0.905
48,2,279.00,149.00,413.00,256.00,0.939
49,2,587.00,183.00,604.00,199.00,0.895
49,2,247.00,145.00,401.00,262.00,0.945
50,2,588.00,184.00,606.00,199.00,0.875
50,2,211.00,139.00,387.00,271.00,0.949
51,2,589.00,184.00,607.00,200.00,0.886
51,2,163.00,134.00,374.00,280.00,0.946
52,2,588.00,182.00,606.00,196.00,0.881
52,2,103.00,127.00,348.00,291.00,0.952
53,2,591.00,180.00,607.00,193.00,0.881
53,2,18.00,117.00,326.00,306.00,0.963
54,2,590.00,178.00,606.00,191.00,0.874
54,2,0.00,101.00,294.00,328.00,0.963
55,2,590.00,178.00,606.00,192.00,0.878
55,2,0.00,86.00,251.00,359.00,0.917
56,2,590.00,178.00,606.00,191.00,0.857
56,2,0.00,84.00,196.00,373.00,0.952
57,2,0.00,78.00,120.00,362.00,0.852
57,2,588.00,182.00,605.00,195.00,0.853
58,2,588.00,184.00,606.00,198.00,0.862
59,2,588.00,185.00,606.00,198.00,0.858
60,2,588.00,184.00,606.00,198.00,0.879
61,2,587.00,183.00,605.00,197.00,0.864
62,2,588.00,181.00,606.00,196.00,0.887
63,2,589.00,181.00,606.00,195.00,0.878
64,2,590.00,181.00,607.00,194.00,0.891
65,2,592.00,181.00,608.00,194.00,0.894
66,2,592.00,181.00,608.00,195.00,0.880
67,2,591.00,181.00,609.00,196.00,0.877
68,2,592.00,180.00,609.00,193.00,0.890
69,2,591.00,178.00,607.00,191.00,0.882
70,2,590.00,179.00,606.00,192.00,0.882
71,2,589.00,179.00,606.00,193.00,0.864
72,2,587.00,179.00,604.00,193.00,0.859
73,2,586.00,179.00,603.00,193.00,0.877
74,2,586.00,178.00,603.00,193.00,0.881
75,2,586.00,178.00,603.00,192.00,0.891
76,2,586.00,177.00,603.00,192.00,0.890
77,2,585.00,178.00,603.00,192.00,0.885
78,2,524.00,179.00,542.00,192.00,0.267
78,2,586.00,177.00,603.00,192.00,0.883
79,2,519.00,180.00,540.00,194.00,0.516
79,2,586.00,178.00,603.00,192.00,0.892
80,2,515.00,179.00,538.00,195.00,0.727
80,2,586.00,178.00,603.00,193.00,0.873
81,2,510.00,179.00,534.00,195.00,0.820
81,2,586.00,177.00,604.00,192.00,0.885
82,2,504.00,178.00,530.00,196.00,0.760
82,2,587.00,177.00,604.00,191.00,0.871
83,2,526.00,175.00,545.00,190.00,0.312
83,2,498.00,178.00,524.00,196.00,0.722
83,2,586.00,177.00,603.00,191.00,0.870
84,2,517.00,178.00,541.00,193.00,0.311
84,2,489.00,179.00,520.00,199.00,0.858
84,2,585.00,176.00,604.00,191.00,0.880
85,2,517.00,178.00,537.00,192.00,0.403
85,2,585.00,177.00,603.00,191.00,0.872
85,2,479.00,179.00,515.00,201.00,0.901
86,2,511.00,179.00,534.00,194.00,0.512
86,2,585.00,178.00,602.00,191.00,0.848
86,2,471.00,180.00,507.00,205.00,0.911
87,2,507.00,180.00,529.00,196.00,0.609
87,2,585.00,179.00,602.00,193.00,0.879
87,2,459.00,181.00,498.00,208.00,0.935
88,2,501.00,179.00,525.00,195.00,0.594
88,2,585.00,178.00,601.00,191.00,0.865
88,2,444.00,182.00,490.00,210.00,0.930
89,2,494.00,177.00,521.00,195.00,0.839
89,2,583.00,176.00,600.00,190.00,0.860
89,2,427.00,181.00,478.00,212.00,0.941
90,2,582.00,176.00,600.00,191.00,0.858
90,2,485.00,177.00,515.00,198.00,0.867
90,2,406.00,181.00,464.00,215.00,0.946
91,2,582.00,176.00,599.00,191.00,0.846
91,2,477.00,177.00,509.00,199.00,0.916
91,2,379.00,181.00,448.00,221.00,0.950
92,2,580.00,176.00,599.00,191.00,0.836
92,2,467.00,178.00,501.00,202.00,0.912
92,2,344.00,184.00,426.00,229.00,0.951
93,2,562.00,175.00,579.00,187.00,0.275
93,2,581.00,176.00,599.00,190.00,0.845
93,2,456.00,177.00,494.00,204.00,0.924
93,2,297.00,185.00,399.00,236.00,0.962
94,2,582.00,175.00,599.00,189.00,0.838
94,2,443.00,177.00,486.00,206.00,0.915
94,2,234.00,184.00,366.00,249.00,0.955
95,2,581.00,175.00,598.00,190.00,0.825
95,2,425.00,178.00,475.00,211.00,0.921
95,2,136.00,189.00,318.00,270.00,0.942
96,2,563.00,174.00,578.00,186.00,0.292
96,2,582.00,176.00,600.00,191.00,0.830
96,2,408.00,179.00,462.00,214.00,0.932
96,2,1.00,192.00,245.00,305.00,0.943
97,2,582.00,175.00,600.00,190.00,0.808
97,2,0.00,193.00,130.00,337.00,0.912
97,2,382.00,179.00,448.00,220.00,0.954
98,2,516.00,176.00,536.00,192.00,0.398
98,2,583.00,175.00,600.00,190.00,0.843
98,2,351.00,181.00,429.00,227.00,0.939
99,2,512.00,176.00,534.00,192.00,0.709
99,2,584.00,176.00,601.00,190.00,0.860
99,2,308.00,182.00,404.00,235.00,0.950
100,2,509.00,176.00,532.00,192.00,0.652
100,2,585.00,175.00,602.00,189.00,0.856
100,2,245.00,184.00,371.00,248.00,0.935
101,2,503.00,177.00,528.00,194.00,0.806
101,2,586.00,175.00,603.00,189.00,0.853
101,2,154.00,185.00,323.00,267.00,0.952
102,2,498.00,177.00,524.00,195.00,0.835
102,2,586.00,175.00,603.00,189.00,0.848
102,2,0.00,185.00,257.00,303.00,0.952
103,2,585.00,175.00,602.00,190.00,0.843
103,2,492.00,176.00,522.00,197.00,0.900
103,2,0.00,191.00,149.00,339.00,0.919
104,2,585.00,176.00,603.00,191.00,0.859
104,2,485.00,179.00,516.00,199.00,0.881
105,2,584.00,176.00,603.00,191.00,0.862
105,2,476.00,179.00,510.00,202.00,0.908
106,2,584.00,175.00,603.00,190.00,0.868
106,2,466.00,178.00,503.00,203.00,0.911
107,2,523.00,174.00,542.00,190.00,0.318
107,2,585.00,175.00,603.00,190.00,0.863
107,2,454.00,178.00,495.00,205.00,0.923
108,2,584.00,174.00,602.00,189.00,0.849
108,2,439.00,178.00,485.00,208.00,0.944
109,2,514.00,175.00,537.00,191.00,0.547
109,2,584.00,175.00,602.00,189.00,0.836
109,2,422.00,178.00,475.00,212.00,0.938
110,2,510.00,174.00,535.00,192.00,0.664
110,2,583.00,175.00,601.00,189.00,0.832
110,2,400.00,180.00,461.00,217.00,0.938
111,2,505.00,174.00,531.00,193.00,0.649
111,2,583.00,174.00,601.00,189.00,0.823
111,2,373.00,180.00,445.00,222.00,0.948
112,2,583.00,171.00,601.00,187.00,0.816
112,2,501.00,174.00,527.00,194.00,0.834
112,2,337.00,180.00,425.00,226.00,0.954
113,2,582.00,171.00,601.00,187.00,0.798
113,2,495.00,173.00,523.00,194.00,0.903
113,2,290.00,181.00,395.00,235.00,0.947
114,2,581.00,171.00,600.00,187.00,0.789
114,2,489.00,173.00,518.00,195.00,0.908
114,2,219.00,181.00,361.00,249.00,0.952
115,2,582.00,172.00,600.00,188.00,0.790
115,2,481.00,174.00,513.00,198.00,0.856
115,2,111.00,182.00,313.00,271.00,0.950
116,2,582.00,174.00,600.00,189.00,0.789
116,2,473.00,176.00,507.00,201.00,0.916
116,2,0.00,186.00,233.00,311.00,0.939
117,2,582.00,175.00,600.00,190.00,0.806
117,2,0.00,188.00,111.00,334.00,0.902
117,2,463.00,176.00,501.00,203.00,0.914
118,2,560.00,173.00,576.00,186.00,0.394
118,2,582.00,173.00,600.00,189.00,0.791
118,2,451.00,176.00,493.00,206.00,0.921
119,2,559.00,171.00,577.00,186.00,0.372
119,2,581.00,171.00,600.00,188.00,0.811
119,2,437.00,176.00,485.00,208.00,0.935
120,2,560.00,172.00,577.00,186.00,0.488
120,2,582.00,173.00,600.00,189.00,0.792
120,2,420.00,178.00,476.00,213.00,0.933
121,2,559.00,171.00,577.00,186.00,0.549
121,2,581.00,174.00,600.00,190.00,0.792
121,2,399.00,178.00,463.00,219.00,0.932
122,2,559.00,171.00,577.00,186.00,0.663
122,2,582.00,174.00,600.00,190.00,0.804
122,2,373.00,179.00,447.00,225.00,0.961
123,2,583.00,172.00,601.00,188.00,0.747
123,2,559.00,172.00,577.00,185.00,0.755
123,2,339.00,180.00,427.00,233.00,0.959
124,2,583.00,171.00,601.00,188.00,0.746
124,2,559.00,170.00,577.00,185.00,0.780
124,2,288.00,182.00,401.00,243.00,0.949
125,2,559.00,172.00,577.00,186.00,0.742
125,2,582.00,174.00,601.00,190.00,0.783
125,2,220.00,183.00,365.00,258.00,0.942
126,2,583.00,175.00,601.00,190.00,0.768
126,2,559.00,171.00,577.00,186.00,0.772
126,2,107.00,185.00,316.00,284.00,0.950
127,2,559.00,172.00,577.00,186.00,0.778
127,2,582.00,173.00,601.00,190.00,0.804
127,2,0.00,189.00,234.00,326.00,0.947
128,2,559.00,172.00,577.00,186.00,0.788
128,2,582.00,174.00,601.00,190.00,0.790
128,2,0.00,194.00,104.00,364.00,0.869
129,2,582.00,173.00,602.00,189.00,0.770
129,2,559.00,171.00,577.00,184.00,0.773
130,2,559.00,171.00,577.00,184.00,0.740
130,2,582.00,173.00,602.00,189.00,0.789
131,2,559.00,171.00,577.00,184.00,0.741
131,2,581.00,172.00,602.00,189.00,0.827
132,2,559.00,170.00,578.00,184.00,0.736
132,2,582.00,172.00,603.00,189.00,0.829
133,2,559.00,169.00,577.00,183.00,0.789
133,2,582.00,170.00,603.00,187.00,0.846
134,2,583.00,170.00,603.00,187.00,0.809
134,2,559.00,168.00,578.00,183.00,0.832
135,2,559.00,168.00,578.00,183.00,0.834
135,2,584.00,170.00,604.00,187.00,0.838
136,2,584.00,170.00,605.00,187.00,0.811
136,2,559.00,168.00,579.00,184.00,0.829
137,2,560.00,169.00,580.00,185.00,0.791
137,2,585.00,170.00,606.00,189.00,0.853
138,2,560.00,171.00,580.00,187.00,0.788
138,2,585.00,173.00,605.00,191.00,0.877
139,2,561.00,171.00,581.00,187.00,0.839
139,2,588.00,175.00,608.00,192.00,0.856
140,2,561.00,171.00,581.00,187.00,0.828
140,2,588.00,176.00,608.00,192.00,0.873
141,2,565.00,170.00,597.00,189.00,0.297
141,2,560.00,170.00,580.00,186.00,0.772
141,2,587.00,173.00,609.00,191.00,0.862
142,2,572.00,168.00,605.00,187.00,0.307
142,2,560.00,167.00,579.00,183.00,0.820
142,2,587.00,170.00,607.00,187.00,0.858
143,2,559.00,167.00,578.00,182.00,0.847
143,2,584.00,168.00,606.00,187.00,0.864
144,2,583.00,168.00,606.00,188.00,0.857
144,2,558.00,167.00,578.00,183.00,0.857
145,2,556.00,170.00,575.00,185.00,0.755
145,2,582.00,170.00,604.00,191.00,0.826
146,2,554.00,172.00,574.00,188.00,0.850
146,2,581.00,174.00,604.00,193.00,0.864
147,2,596.00,161.00,611.00,180.00,0.271
147,2,579.00,174.00,604.00,193.00,0.871
147,2,552.00,171.00,574.00,188.00,0.872
148,2,594.00,160.00,610.00,180.00,0.273
148,2,585.00,164.00,606.00,188.00,0.428
148,2,551.00,172.00,572.00,188.00,0.839
148,2,579.00,173.00,604.00,193.00,0.890
149,2,586.00,163.00,605.00,187.00,0.403
149,2,549.00,171.00,570.00,187.00,0.800
149,2,578.00,173.00,602.00,192.00,0.928
150,2,585.00,163.00,604.00,186.00,0.468
150,2,548.00,171.00,569.00,187.00,0.774
150,2,577.00,173.00,601.00,192.00,0.920
151,2,588.00,161.00,607.00,183.00,0.534
151,2,547.00,172.00,569.00,188.00,0.819
151,2,577.00,173.00,601.00,192.00,0.919
152,2,589.00,161.00,608.00,183.00,0.583
152,2,547.00,171.00,569.00,189.00,0.871
152,2,577.00,174.00,601.00,192.00,0.915
153,2,586.00,163.00,606.00,186.00,0.380
153,2,545.00,170.00,569.00,189.00,0.868
153,2,577.00,173.00,602.00,192.00,0.927
154,2,585.00,162.00,605.00,185.00,0.394
154,2,545.00,169.00,568.00,187.00,0.883
154,2,577.00,172.00,602.00,191.00,0.920
155,2,581.00,160.00,605.00,185.00,0.331
155,2,546.00,166.00,568.00,185.00,0.854
155,2,576.00,169.00,602.00,190.00,0.891
156,2,585.00,160.00,607.00,183.00,0.376
156,2,594.00,158.00,612.00,177.00,0.444
156,2,544.00,167.00,567.00,185.00,0.886
156,2,576.00,169.00,603.00,191.00,0.911
157,2,594.00,160.00,612.00,181.00,0.655
157,2,577.00,173.00,603.00,194.00,0.931
157,2,543.00,170.00,568.00,190.00,0.933
158,2,591.00,164.00,610.00,187.00,0.351
158,2,544.00,172.00,569.00,192.00,0.908
158,2,575.00,174.00,604.00,198.00,0.912
159,2,596.00,166.00,614.00,188.00,0.447
159,2,545.00,176.00,569.00,195.00,0.891
159,2,577.00,178.00,605.00,201.00,0.898
160,2,596.00,163.00,616.00,186.00,0.665
160,2,577.00,176.00,604.00,200.00,0.865
160,2,544.00,175.00,569.00,195.00,0.887
161,2,597.00,157.00,616.00,180.00,0.824
161,2,579.00,169.00,605.00,192.00,0.933
161,2,544.00,168.00,568.00,188.00,0.938
162,2,596.00,152.00,617.00,174.00,0.736
162,2,543.00,162.00,569.00,184.00,0.888
162,2,579.00,164.00,606.00,187.00,0.916
163,2,597.00,153.00,617.00,175.00,0.727
163,2,543.00,163.00,569.00,184.00,0.878
163,2,578.00,165.00,606.00,188.00,0.928
164,2,587.00,157.00,616.00,183.00,0.458
164,2,598.00,155.00,619.00,177.00,0.709
164,2,543.00,165.00,569.00,186.00,0.913
164,2,578.00,167.00,607.00,191.00,0.938
165,2,598.00,159.00,619.00,182.00,0.816
165,2,543.00,170.00,569.00,192.00,0.930
165,2,578.00,172.00,608.00,196.00,0.945
166,2,599.00,160.00,620.00,184.00,0.827
166,2,542.00,170.00,569.00,193.00,0.926
166,2,578.00,173.00,608.00,197.00,0.932
167,2,598.00,157.00,620.00,181.00,0.809
167,2,542.00,167.00,569.00,190.00,0.939
167,2,578.00,170.00,609.00,195.00,0.944
168,2,599.00,158.00,621.00,182.00,0.775
168,2,542.00,169.00,570.00,191.00,0.934
168,2,578.00,171.00,610.00,197.00,0.943
169,2,599.00,159.00,622.00,183.00,0.781
169,2,578.00,172.00,610.00,198.00,0.915
169,2,541.00,170.00,570.00,194.00,0.924
170,2,603.00,163.00,622.00,187.00,0.606
170,2,580.00,177.00,610.00,201.00,0.882
170,2,541.00,173.00,570.00,197.00,0.904
171,2,601.00,168.00,622.00,192.00,0.718
171,2,579.00,181.00,612.00,206.00,0.906
171,2,540.00,179.00,570.00,202.00,0.927
172,2,605.00,171.00,623.00,193.00,0.721
172,2,581.00,182.00,613.00,208.00,0.863
172,2,540.00,180.00,570.00,203.00,0.940
173,2,593.00,173.00,621.00,198.00,0.276
173,2,604.00,165.00,626.00,190.00,0.751
173,2,581.00,178.00,614.00,206.00,0.891
173,2,541.00,177.00,571.00,201.00,0.900
174,2,605.00,163.00,626.00,187.00,0.767
174,2,540.00,175.00,571.00,199.00,0.896
174,2,581.00,176.00,615.00,204.00,0.906
175,2,606.00,163.00,628.00,188.00,0.801
175,2,539.00,175.00,571.00,200.00,0.897
175,2,582.00,177.00,615.00,204.00,0.898
176,2,606.00,163.00,629.00,189.00,0.815
176,2,582.00,177.00,616.00,205.00,0.890
176,2,539.00,175.00,572.00,200.00,0.896
177,2,606.00,164.00,629.00,190.00,0.805
177,2,583.00,179.00,616.00,205.00,0.888
177,2,539.00,176.00,571.00,201.00,0.899
178,2,607.00,163.00,630.00,189.00,0.795
178,2,583.00,178.00,618.00,207.00,0.884
178,2,537.00,177.00,571.00,203.00,0.892
179,2,609.00,165.00,631.00,191.00,0.816
179,2,583.00,179.00,618.00,208.00,0.878
179,2,536.00,177.00,571.00,203.00,0.932
180,2,611.00,166.00,632.00,191.00,0.807
180,2,583.00,179.00,619.00,209.00,0.878
180,2,537.00,178.00,571.00,204.00,0.936
181,2,611.00,165.00,632.00,190.00,0.837
181,2,584.00,180.00,621.00,209.00,0.888
181,2,536.00,178.00,571.00,204.00,0.933
182,2,609.00,163.00,633.00,190.00,0.852
182,2,584.00,178.00,621.00,209.00,0.878
182,2,535.00,177.00,571.00,204.00,0.934
183,2,546.00,179.00,613.00,209.00,0.303
183,2,610.00,163.00,633.00,190.00,0.847
183,2,584.00,179.00,623.00,210.00,0.888
183,2,535.00,177.00,571.00,204.00,0.917
184,2,541.00,181.00,609.00,210.00,0.305
184,2,473.00,176.00,502.00,197.00,0.323
184,2,610.00,166.00,633.00,191.00,0.847
184,2,584.00,180.00,623.00,212.00,0.892
184,2,535.00,180.00,571.00,206.00,0.910
185,2,611.00,166.00,633.00,192.00,0.837
185,2,584.00,181.00,624.00,213.00,0.898
185,2,534.00,179.00,571.00,207.00,0.898
186,2,611.00,165.00,632.00,191.00,0.822
186,2,584.00,181.00,624.00,213.00,0.902
186,2,533.00,179.00,570.00,207.00,0.907
187,2,459.00,177.00,488.00,196.00,0.588
187,2,610.00,164.00,633.00,192.00,0.825
187,2,532.00,179.00,570.00,208.00,0.905
187,2,584.00,181.00,625.00,214.00,0.908
188,2,587.00,178.00,619.00,201.00,0.451
188,2,455.00,177.00,482.00,194.00,0.772
188,2,611.00,165.00,633.00,191.00,0.819
188,2,583.00,181.00,625.00,214.00,0.902
188,2,531.00,179.00,569.00,208.00,0.902
189,2,447.00,175.00,477.00,194.00,0.587
189,2,608.00,163.00,633.00,192.00,0.852
189,2,582.00,180.00,625.00,214.00,0.896
189,2,529.00,178.00,568.00,207.00,0.935
190,2,438.00,174.00,469.00,194.00,0.805
190,2,608.00,162.00,632.00,190.00,0.847
190,2,582.00,178.00,624.00,213.00,0.900
190,2,527.00,177.00,568.00,206.00,0.937
191,2,541.00,178.00,613.00,213.00,0.274
191,2,431.00,174.00,463.00,193.00,0.698
191,2,607.00,161.00,633.00,190.00,0.846
191,2,581.00,178.00,624.00,213.00,0.911
191,2,525.00,177.00,566.00,206.00,0.932
192,2,420.00,176.00,456.00,198.00,0.801
192,2,607.00,162.00,632.00,191.00,0.824
192,2,523.00,179.00,565.00,207.00,0.907
192,2,581.00,180.00,625.00,215.00,0.913
193,2,606.00,164.00,631.00,192.00,0.828
193,2,413.00,178.00,448.00,199.00,0.840
193,2,521.00,178.00,564.00,209.00,0.920
193,2,580.00,180.00,624.00,216.00,0.929
194,2,402.00,179.00,440.00,199.00,0.810
194,2,604.00,163.00,631.00,193.00,0.835
194,2,579.00,180.00,624.00,217.00,0.923
194,2,520.00,179.00,564.00,210.00,0.930
195,2,462.00,175.00,485.00,190.00,0.259
195,2,592.00,174.00,622.00,200.00,0.273
195,2,605.00,163.00,630.00,192.00,0.821
195,2,390.00,179.00,431.00,202.00,0.848
195,2,579.00,180.00,624.00,217.00,0.921
195,2,519.00,179.00,562.00,209.00,0.940
196,2,591.00,173.00,622.00,200.00,0.322
196,2,456.00,177.00,478.00,191.00,0.510
196,2,604.00,162.00,630.00,191.00,0.836
196,2,378.00,179.00,422.00,207.00,0.882
196,2,579.00,180.00,623.00,217.00,0.920
196,2,517.00,178.00,562.00,209.00,0.940
197,2,592.00,173.00,622.00,199.00,0.309
197,2,449.00,175.00,473.00,192.00,0.685
197,2,604.00,162.00,629.00,191.00,0.830
197,2,363.00,179.00,410.00,207.00,0.908
197,2,579.00,180.00,623.00,218.00,0.921
197,2,515.00,178.00,561.00,209.00,0.942
198,2,482.00,173.00,503.00,187.00,0.277
198,2,593.00,172.00,623.00,200.00,0.309
198,2,441.00,176.00,468.00,193.00,0.839
198,2,604.00,162.00,629.00,192.00,0.845
198,2,515.00,178.00,560.00,209.00,0.914
198,2,346.00,177.00,399.00,208.00,0.918
198,2,578.00,180.00,623.00,218.00,0.923
199,2,594.00,170.00,623.00,199.00,0.397
199,2,434.00,175.00,461.00,192.00,0.722
199,2,603.00,162.00,628.00,192.00,0.834
199,2,514.00,179.00,559.00,210.00,0.909
199,2,577.00,180.00,623.00,219.00,0.915
199,2,326.00,176.00,383.00,209.00,0.916
200,2,426.00,176.00,456.00,194.00,0.768
200,2,601.00,162.00,625.00,194.00,0.810
200,2,512.00,178.00,559.00,210.00,0.903
200,2,576.00,181.00,622.00,220.00,0.916
200,2,303.00,177.00,369.00,213.00,0.935
201,2,585.00,169.00,624.00,209.00,0.398
201,2,599.00,161.00,625.00,194.00,0.828
201,2,418.00,176.00,449.00,195.00,0.847
201,2,511.00,178.00,558.00,210.00,0.907
201,2,575.00,180.00,622.00,220.00,0.915
201,2,276.00,177.00,351.00,218.00,0.946
202,2,584.00,170.00,623.00,208.00,0.436
202,2,596.00,162.00,624.00,196.00,0.795
202,2,410.00,177.00,443.00,196.00,0.839
202,2,510.00,178.00,557.00,210.00,0.909
202,2,574.00,181.00,621.00,220.00,0.909
202,2,241.00,177.00,330.00,220.00,0.945
203,2,589.00,169.00,623.00,207.00,0.646
203,2,596.00,161.00,622.00,195.00,0.805
203,2,401.00,177.00,436.00,198.00,0.806
203,2,573.00,182.00,621.00,223.00,0.911
203,2,509.00,179.00,557.00,211.00,0.912
203,2,203.00,178.00,305.00,228.00,0.938
204,2,461.00,174.00,485.00,190.00,0.444
204,2,597.00,165.00,622.00,198.00,0.793
204,2,392.00,181.00,429.00,202.00,0.879
204,2,572.00,185.00,621.00,225.00,0.904
204,2,508.00,181.00,556.00,213.00,0.922
204,2,150.00,184.00,271.00,237.00,0.952
205,2,456.00,178.00,483.00,194.00,0.336
205,2,598.00,167.00,622.00,201.00,0.798
205,2,571.00,189.00,620.00,229.00,0.926
205,2,508.00,183.00,555.00,215.00,0.929
205,2,382.00,184.00,419.00,206.00,0.929
205,2,84.00,188.00,233.00,251.00,0.932
206,2,450.00,178.00,480.00,194.00,0.338
206,2,598.00,168.00,621.00,201.00,0.783
206,2,570.00,189.00,619.00,229.00,0.922
206,2,507.00,183.00,554.00,215.00,0.924
206,2,369.00,185.00,410.00,208.00,0.926
206,2,6.00,188.00,187.00,264.00,0.944
207,2,447.00,173.00,474.00,190.00,0.632
207,2,592.00,162.00,620.00,197.00,0.788
207,2,568.00,183.00,620.00,225.00,0.907
207,2,505.00,180.00,554.00,212.00,0.916
207,2,0.00,185.00,121.00,278.00,0.927
207,2,354.00,180.00,401.00,207.00,0.932
208,2,444.00,170.00,471.00,187.00,0.645
208,2,0.00,186.00,33.00,284.00,0.646
208,2,594.00,159.00,620.00,191.00,0.777
208,2,569.00,179.00,619.00,222.00,0.897
208,2,504.00,176.00,554.00,208.00,0.924
208,2,340.00,178.00,389.00,205.00,0.930
209,2,436.00,170.00,463.00,187.00,0.584
209,2,594.00,157.00,619.00,190.00,0.807
209,2,568.00,176.00,618.00,220.00,0.898
209,2,505.00,174.00,554.00,207.00,0.925
209,2,321.00,178.00,376.00,206.00,0.937
210,2,431.00,171.00,458.00,188.00,0.684
210,2,593.00,159.00,620.00,190.00,0.776
210,2,568.00,177.00,619.00,222.00,0.898
210,2,504.00,175.00,554.00,208.00,0.930
210,2,302.00,179.00,363.00,210.00,0.932
211,2,590.00,159.00,617.00,191.00,0.781
211,2,425.00,171.00,456.00,190.00,0.788
211,2,567.00,180.00,619.00,224.00,0.896
211,2,505.00,176.00,555.00,209.00,0.926
211,2,279.00,180.00,349.00,215.00,0.939
212,2,582.00,164.00,620.00,205.00,0.478
212,2,440.00,174.00,465.00,190.00,0.617
212,2,590.00,159.00,617.00,192.00,0.766
212,2,419.00,173.00,451.00,191.00,0.818
212,2,567.00,181.00,620.00,225.00,0.899
212,2,253.00,183.00,330.00,220.00,0.935
212,2,505.00,178.00,555.00,211.00,0.942
213,2,581.00,168.00,619.00,209.00,0.519
213,2,436.00,176.00,463.00,192.00,0.658
213,2,591.00,160.00,615.00,191.00,0.773
213,2,414.00,174.00,444.00,193.00,0.874
213,2,568.00,181.00,620.00,225.00,0.902
213,2,505.00,179.00,555.00,212.00,0.939
213,2,221.00,186.00,308.00,226.00,0.943
214,2,494.00,166.00,521.00,191.00,0.256
214,2,582.00,167.00,616.00,204.00,0.339
214,2,438.00,176.00,459.00,190.00,0.587
214,2,589.00,160.00,614.00,192.00,0.793
214,2,567.00,183.00,620.00,227.00,0.897
214,2,406.00,174.00,439.00,195.00,0.901
214,2,505.00,179.00,555.00,212.00,0.930
214,2,184.00,186.00,283.00,233.00,0.940
215,2,583.00,166.00,616.00,205.00,0.525
215,2,434.00,176.00,456.00,190.00,0.734
215,2,589.00,161.00,613.00,192.00,0.776
215,2,400.00,174.00,433.00,196.00,0.892
215,2,567.00,182.00,621.00,227.00,0.898
215,2,507.00,180.00,555.00,212.00,0.940
215,2,136.00,187.00,254.00,239.00,0.959
216,2,580.00,169.00,616.00,210.00,0.464
216,2,588.00,161.00,612.00,191.00,0.806
216,2,427.00,176.00,451.00,191.00,0.833
216,2,392.00,174.00,428.00,197.00,0.895
216,2,567.00,181.00,620.00,226.00,0.898
216,2,506.00,180.00,556.00,212.00,0.941
216,2,76.00,190.00,217.00,250.00,0.957
217,2,587.00,161.00,613.00,192.00,0.812
217,2,422.00,177.00,447.00,191.00,0.848
217,2,385.00,174.00,421.00,197.00,0.888
217,2,567.00,182.00,621.00,226.00,0.900
217,2,507.00,179.00,556.00,212.00,0.937
217,2,1.00,189.00,176.00,260.00,0.948
218,2,577.00,166.00,616.00,206.00,0.503
218,2,585.00,161.00,612.00,192.00,0.781
218,2,416.00,176.00,444.00,191.00,0.807
218,2,376.00,173.00,414.00,197.00,0.901
218,2,566.00,181.00,621.00,226.00,0.903
218,2,0.00,193.00,119.00,272.00,0.930
218,2,507.00,177.00,556.00,210.00,0.938
219,2,577.00,168.00,617.00,209.00,0.494
219,2,585.00,159.00,610.00,190.00,0.791
219,2,410.00,174.00,437.00,191.00,0.856
219,2,0.00,197.00,49.00,274.00,0.872
219,2,566.00,181.00,621.00,225.00,0.897
219,2,366.00,172.00,405.00,198.00,0.899
219,2,508.00,177.00,554.00,209.00,0.941
220,2,583.00,157.00,610.00,190.00,0.823
220,2,406.00,175.00,432.00,191.00,0.871
220,2,566.00,178.00,620.00,224.00,0.888
220,2,354.00,171.00,397.00,198.00,0.905
220,2,508.00,175.00,554.00,208.00,0.936
221,2,575.00,163.00,616.00,205.00,0.561
221,2,582.00,156.00,610.00,189.00,0.824
221,2,398.00,175.00,426.00,192.00,0.876
221,2,566.00,179.00,620.00,225.00,0.892
221,2,337.00,172.00,387.00,202.00,0.908
221,2,508.00,175.00,555.00,208.00,0.932
222,2,581.00,158.00,610.00,192.00,0.833
222,2,565.00,180.00,620.00,225.00,0.879
222,2,390.00,176.00,419.00,194.00,0.885
222,2,320.00,173.00,377.00,204.00,0.930
222,2,507.00,175.00,554.00,208.00,0.933
223,2,580.00,157.00,609.00,191.00,0.830
223,2,565.00,178.00,618.00,221.00,0.868
223,2,379.00,175.00,413.00,196.00,0.903
223,2,307.00,174.00,365.00,206.00,0.921
223,2,507.00,175.00,554.00,208.00,0.935
224,2,578.00,156.00,608.00,190.00,0.817
224,2,372.00,176.00,406.00,197.00,0.831
224,2,564.00,177.00,617.00,222.00,0.884
224,2,288.00,174.00,350.00,210.00,0.934
224,2,507.00,175.00,553.00,207.00,0.936
225,2,578.00,157.00,607.00,191.00,0.823
225,2,565.00,177.00,617.00,222.00,0.878
225,2,362.00,177.00,398.00,199.00,0.892
225,2,265.00,176.00,335.00,214.00,0.929
225,2,506.00,176.00,553.00,208.00,0.939
226,2,577.00,159.00,605.00,191.00,0.749
226,2,564.00,180.00,615.00,224.00,0.835
226,2,352.00,181.00,388.00,202.00,0.900
226,2,505.00,179.00,552.00,210.00,0.927
226,2,241.00,177.00,318.00,220.00,0.945
227,2,569.00,170.00,608.00,211.00,0.576
227,2,574.00,160.00,603.00,194.00,0.692
227,2,562.00,181.00,616.00,227.00,0.856
227,2,339.00,182.00,378.00,205.00,0.919
227,2,505.00,181.00,552.00,212.00,0.921
227,2,210.00,179.00,295.00,226.00,0.939
228,2,572.00,161.00,600.00,194.00,0.707
228,2,561.00,182.00,614.00,226.00,0.890
228,2,325.00,183.00,369.00,208.00,0.915
228,2,504.00,181.00,549.00,212.00,0.918
228,2,174.00,179.00,272.00,231.00,0.953
229,2,571.00,162.00,597.00,193.00,0.713
229,2,560.00,183.00,613.00,225.00,0.895
229,2,310.00,183.00,357.00,210.00,0.903
229,2,504.00,180.00,548.00,212.00,0.922
229,2,133.00,179.00,245.00,236.00,0.953
230,2,560.00,179.00,594.00,204.00,0.313
230,2,568.00,161.00,595.00,193.00,0.713
230,2,560.00,183.00,610.00,225.00,0.897
230,2,293.00,184.00,342.00,211.00,0.922
230,2,502.00,181.00,547.00,212.00,0.930
230,2,78.00,179.00,213.00,243.00,0.973
231,2,567.00,161.00,593.00,194.00,0.735
231,2,559.00,182.00,608.00,224.00,0.904
231,2,9.00,178.00,173.00,251.00,0.942
231,2,501.00,179.00,547.00,211.00,0.942
231,2,274.00,182.00,328.00,213.00,0.946
232,2,565.00,158.00,593.00,191.00,0.787
232,2,0.00,178.00,121.00,261.00,0.901
232,2,556.00,180.00,607.00,223.00,0.907
232,2,500.00,178.00,545.00,209.00,0.939
232,2,250.00,181.00,311.00,214.00,0.949
233,2,562.00,157.00,590.00,190.00,0.744
233,2,0.00,182.00,59.00,267.00,0.867
233,2,555.00,180.00,604.00,221.00,0.905
233,2,498.00,178.00,543.00,209.00,0.925
233,2,225.00,182.00,292.00,218.00,0.957
234,2,560.00,160.00,590.00,193.00,0.756
234,2,552.00,182.00,602.00,223.00,0.887
234,2,496.00,179.00,543.00,210.00,0.900
234,2,195.00,185.00,270.00,223.00,0.936
235,2,725.00,181.00,781.00,199.00,0.510
235,2,554.00,168.00,592.00,209.00,0.588
235,2,556.00,161.00,583.00,194.00,0.784
235,2,550.00,183.00,602.00,225.00,0.846
235,2,495.00,181.00,539.00,211.00,0.923
235,2,158.00,189.00,244.00,230.00,0.950
236,2,729.00,182.00,780.00,200.00,0.768
236,2,555.00,162.00,582.00,196.00,0.804
236,2,549.00,185.00,600.00,226.00,0.837
236,2,493.00,182.00,536.00,211.00,0.917
236,2,116.00,188.00,215.00,236.00,0.942
237,2,732.00,182.00,789.00,202.00,0.705
237,2,553.00,162.00,580.00,199.00,0.786
237,2,547.00,184.00,597.00,225.00,0.882
237,2,491.00,182.00,533.00,212.00,0.913
237,2,64.00,188.00,180.00,241.00,0.944
238,2,843.00,186.00,899.00,209.00,0.599
238,2,735.00,182.00,793.00,204.00,0.724
238,2,551.00,162.00,579.00,199.00,0.789
238,2,546.00,184.00,594.00,224.00,0.887
238,2,490.00,182.00,531.00,212.00,0.919
238,2,0.00,190.00,139.00,250.00,0.957
239,2,547.00,177.00,581.00,207.00,0.407
239,2,550.00,162.00,577.00,198.00,0.799
239,2,737.00,184.00,795.00,206.00,0.810
239,2,845.00,186.00,900.00,210.00,0.841
239,2,0.00,190.00,86.00,259.00,0.888
239,2,544.00,184.00,592.00,225.00,0.896
239,2,489.00,182.00,529.00,212.00,0.923
240,2,0.00,204.00,21.00,267.00,0.559
240,2,739.00,184.00,798.00,205.00,0.696
240,2,549.00,162.00,578.00,199.00,0.791
240,2,847.00,186.00,910.00,212.00,0.829
240,2,544.00,184.00,591.00,223.00,0.896
240,2,489.00,182.00,528.00,212.00,0.928
241,2,743.00,182.00,809.00,205.00,0.827
241,2,548.00,162.00,576.00,198.00,0.839
241,2,849.00,182.00,921.00,209.00,0.890
241,2,544.00,183.00,591.00,223.00,0.902
241,2,488.00,179.00,528.00,209.00,0.940
242,2,749.00,181.00,811.00,204.00,0.791
242,2,549.00,162.00,577.00,196.00,0.817
242,2,545.00,181.00,591.00,221.00,0.891
242,2,857.00,181.00,926.00,206.00,0.896
242,2,488.00,178.00,528.00,207.00,0.946
243,2,550.00,161.00,577.00,194.00,0.805
243,2,862.00,181.00,931.00,207.00,0.897
243,2,753.00,180.00,818.00,204.00,0.905
243,2,545.00,180.00,591.00,220.00,0.907
243,2,490.00,178.00,529.00,206.00,0.937
244,2,551.00,162.00,578.00,195.00,0.803
244,2,876.00,183.00,939.00,209.00,0.896
244,2,546.00,182.00,593.00,222.00,0.902
244,2,762.00,182.00,827.00,207.00,0.910
244,2,491.00,179.00,530.00,207.00,0.924
245,2,552.00,165.00,577.00,198.00,0.803
245,2,887.00,187.00,949.00,213.00,0.813
245,2,547.00,184.00,594.00,224.00,0.904
245,2,492.00,181.00,531.00,209.00,0.912
245,2,768.00,184.00,833.00,210.00,0.917
246,2,553.00,168.00,579.00,202.00,0.783
246,2,774.00,188.00,842.00,214.00,0.868
246,2,548.00,187.00,594.00,225.00,0.904
246,2,889.00,188.00,959.00,215.00,0.913
246,2,494.00,184.00,532.00,213.00,0.927
247,2,553.00,170.00,580.00,204.00,0.750
247,2,899.00,190.00,975.00,217.00,0.828
247,2,783.00,188.00,853.00,216.00,0.889
247,2,549.00,191.00,594.00,227.00,0.916
247,2,495.00,186.00,532.00,213.00,0.924
248,2,554.00,171.00,580.00,204.00,0.746
248,2,903.00,192.00,979.00,218.00,0.894
248,2,550.00,191.00,595.00,227.00,0.914
248,2,496.00,185.00,533.00,213.00,0.916
248,2,792.00,189.00,861.00,218.00,0.926
249,2,1220.00,183.00,1242.00,260.00,0.256
249,2,497.00,189.00,568.00,219.00,0.259
249,2,556.00,172.00,582.00,204.00,0.728
249,2,914.00,192.00,989.00,220.00,0.832
249,2,551.00,191.00,596.00,227.00,0.919
249,2,799.00,190.00,873.00,219.00,0.919
249,2,498.00,185.00,534.00,213.00,0.923
250,2,556.00,169.00,582.00,202.00,0.742
250,2,923.00,190.00,1003.00,221.00,0.862
250,2,552.00,189.00,597.00,225.00,0.895
250,2,498.00,183.00,535.00,211.00,0.923
250,2,806.00,189.00,883.00,218.00,0.924
251,2,503.00,179.00,561.00,212.00,0.251
251,2,559.00,162.00,586.00,195.00,0.738
251,2,552.00,182.00,594.00,219.00,0.823
251,2,931.00,187.00,1016.00,218.00,0.879
251,2,499.00,180.00,536.00,206.00,0.915
251,2,814.00,185.00,893.00,217.00,0.924
252,2,558.00,161.00,584.00,192.00,0.743
252,2,552.00,180.00,597.00,219.00,0.875
252,2,939.00,187.00,1033.00,219.00,0.894
252,2,500.00,178.00,536.00,205.00,0.910
252,2,826.00,185.00,905.00,217.00,0.932
253,2,559.00,163.00,586.00,196.00,0.747
253,2,553.00,182.00,597.00,220.00,0.787
253,2,502.00,180.00,536.00,206.00,0.893
253,2,951.00,190.00,1047.00,223.00,0.928
253,2,833.00,189.00,921.00,221.00,0.933
254,2,559.00,167.00,586.00,201.00,0.744
254,2,554.00,186.00,598.00,222.00,0.905
254,2,501.00,183.00,538.00,210.00,0.907
254,2,844.00,193.00,934.00,228.00,0.944
254,2,968.00,194.00,1064.00,230.00,0.950
255,2,561.00,169.00,589.00,201.00,0.749
255,2,555.00,186.00,598.00,222.00,0.905
255,2,503.00,185.00,538.00,211.00,0.927
255,2,983.00,195.00,1082.00,234.00,0.944
255,2,858.00,194.00,947.00,230.00,0.954
256,2,561.00,167.00,589.00,200.00,0.785
256,2,503.00,182.00,539.00,209.00,0.892
256,2,555.00,185.00,598.00,221.00,0.913
256,2,999.00,195.00,1100.00,235.00,0.940
256,2,868.00,194.00,965.00,232.00,0.944
257,2,561.00,167.00,589.00,198.00,0.808
257,2,1018.00,196.00,1121.00,238.00,0.916
257,2,504.00,181.00,540.00,207.00,0.917
257,2,555.00,185.00,598.00,220.00,0.919
257,2,879.00,194.00,982.00,234.00,0.937
258,2,562.00,165.00,590.00,197.00,0.802
258,2,1032.00,194.00,1142.00,238.00,0.903
258,2,556.00,183.00,598.00,219.00,0.917
258,2,504.00,180.00,540.00,207.00,0.917
258,2,895.00,193.00,1000.00,234.00,0.929
259,2,561.00,163.00,591.00,197.00,0.785
259,2,556.00,182.00,599.00,216.00,0.926
259,2,1055.00,191.00,1168.00,239.00,0.931
259,2,909.00,191.00,1022.00,235.00,0.938
259,2,505.00,179.00,540.00,205.00,0.943
260,2,562.00,161.00,592.00,195.00,0.772
260,2,556.00,180.00,600.00,216.00,0.915
260,2,1074.00,191.00,1196.00,241.00,0.923
260,2,506.00,177.00,541.00,204.00,0.947
260,2,926.00,190.00,1048.00,237.00,0.961
261,2,563.00,161.00,592.00,195.00,0.713
261,2,558.00,179.00,599.00,215.00,0.922
261,2,508.00,177.00,542.00,203.00,0.923
261,2,945.00,190.00,1070.00,239.00,0.926
261,2,1096.00,190.00,1225.00,243.00,0.929
262,2,563.00,162.00,593.00,195.00,0.737
262,2,557.00,180.00,600.00,215.00,0.909
262,2,1124.00,192.00,1241.00,246.00,0.912
262,2,509.00,177.00,543.00,203.00,0.922
262,2,966.00,192.00,1103.00,245.00,0.940
263,2,564.00,162.00,593.00,194.00,0.729
263,2,510.00,178.00,544.00,204.00,0.914
263,2,1156.00,195.00,1242.00,252.00,0.928
263,2,558.00,182.00,601.00,216.00,0.937
263,2,990.00,194.00,1135.00,250.00,0.951
264,2,567.00,165.00,593.00,198.00,0.745
264,2,1186.00,197.00,1241.00,253.00,0.884
264,2,510.00,179.00,545.00,205.00,0.912
264,2,559.00,182.00,600.00,217.00,0.937
264,2,1015.00,195.00,1170.00,257.00,0.945
265,2,1227.00,199.00,1242.00,255.00,0.442
265,2,567.00,163.00,592.00,195.00,0.771
265,2,511.00,180.00,545.00,206.00,0.904
265,2,1043.00,196.00,1212.00,260.00,0.936
265,2,559.00,183.00,600.00,217.00,0.937
266,2,569.00,165.00,594.00,198.00,0.701
266,2,513.00,182.00,546.00,207.00,0.901
266,2,560.00,184.00,601.00,218.00,0.930
266,2,1081.00,197.00,1242.00,267.00,0.933
267,2,570.00,168.00,594.00,198.00,0.723
267,2,514.00,183.00,546.00,208.00,0.904
267,2,561.00,185.00,601.00,219.00,0.922
267,2,1120.00,199.00,1242.00,273.00,0.931
268,2,572.00,169.00,595.00,199.00,0.745
268,2,1164.00,192.00,1242.00,277.00,0.909
268,2,515.00,183.00,547.00,208.00,0.910
268,2,562.00,185.00,602.00,219.00,0.922
269,2,1221.00,202.00,1242.00,288.00,0.589
269,2,573.00,165.00,598.00,198.00,0.702
269,2,517.00,180.00,550.00,205.00,0.906
269,2,565.00,183.00,603.00,216.00,0.936
270,2,573.00,166.00,600.00,199.00,0.687
270,2,518.00,181.00,550.00,206.00,0.904
270,2,566.00,183.00,604.00,216.00,0.932
271,2,576.00,171.00,601.00,202.00,0.714
271,2,566.00,187.00,605.00,220.00,0.910
271,2,520.00,186.00,552.00,210.00,0.917
272,2,577.00,177.00,600.00,204.00,0.516
272,2,566.00,191.00,605.00,223.00,0.904
272,2,520.00,189.00,552.00,213.00,0.910
273,2,576.00,177.00,603.00,210.00,0.540
273,2,521.00,190.00,553.00,214.00,0.900
273,2,567.00,192.00,604.00,225.00,0.908
274,2,575.00,175.00,605.00,209.00,0.676
274,2,521.00,189.00,553.00,213.00,0.898
274,2,567.00,191.00,605.00,224.00,0.902
275,2,578.00,171.00,602.00,201.00,0.740
275,2,567.00,189.00,605.00,220.00,0.900
275,2,521.00,187.00,553.00,210.00,0.909
276,2,576.00,167.00,602.00,199.00,0.788
276,2,520.00,181.00,552.00,205.00,0.892
276,2,568.00,185.00,605.00,216.00,0.927
277,2,576.00,161.00,603.00,193.00,0.574
277,2,522.00,177.00,553.00,201.00,0.873
277,2,568.00,178.00,605.00,210.00,0.882
278,2,578.00,157.00,602.00,187.00,0.734
278,2,568.00,174.00,605.00,206.00,0.894
278,2,521.00,172.00,554.00,198.00,0.905
279,2,579.00,158.00,602.00,188.00,0.713
279,2,569.00,172.00,605.00,205.00,0.895
279,2,522.00,172.00,554.00,198.00,0.907
280,2,574.00,162.00,603.00,198.00,0.682
280,2,569.00,175.00,605.00,209.00,0.873
280,2,522.00,179.00,555.00,204.00,0.921
281,2,580.00,165.00,603.00,197.00,0.696
281,2,569.00,184.00,604.00,214.00,0.915
281,2,523.00,184.00,554.00,207.00,0.916
282,2,578.00,169.00,603.00,200.00,0.774
282,2,569.00,187.00,605.00,217.00,0.893
282,2,522.00,184.00,555.00,209.00,0.918
283,2,580.00,169.00,604.00,200.00,0.765
283,2,570.00,186.00,605.00,216.00,0.878
283,2,522.00,183.00,555.00,209.00,0.919
284,2,580.00,166.00,603.00,198.00,0.714
284,2,571.00,185.00,605.00,214.00,0.897
284,2,523.00,183.00,555.00,207.00,0.929
285,2,579.00,165.00,605.00,198.00,0.767
285,2,572.00,183.00,605.00,213.00,0.846
285,2,523.00,181.00,555.00,205.00,0.936
286,2,446.00,178.00,467.00,192.00,0.289
286,2,580.00,164.00,607.00,199.00,0.778
286,2,573.00,182.00,607.00,212.00,0.881
286,2,524.00,181.00,556.00,205.00,0.933
287,2,583.00,167.00,607.00,201.00,0.621
287,2,443.00,180.00,464.00,195.00,0.631
287,2,573.00,185.00,607.00,214.00,0.885
287,2,525.00,183.00,557.00,206.00,0.902
288,2,582.00,168.00,608.00,202.00,0.588
288,2,437.00,179.00,460.00,194.00,0.709
288,2,575.00,185.00,608.00,214.00,0.882
288,2,527.00,184.00,558.00,206.00,0.886
289,2,581.00,164.00,609.00,201.00,0.640
289,2,432.00,178.00,454.00,193.00,0.784
289,2,575.00,183.00,610.00,212.00,0.883
289,2,527.00,181.00,559.00,204.00,0.897
290,2,588.00,164.00,611.00,194.00,0.748
290,2,425.00,176.00,449.00,191.00,0.830
290,2,576.00,180.00,611.00,209.00,0.864
290,2,528.00,179.00,559.00,202.00,0.889
291,2,589.00,164.00,612.00,195.00,0.787
291,2,419.00,176.00,445.00,192.00,0.850
291,2,577.00,181.00,612.00,209.00,0.872
291,2,529.00,179.00,561.00,203.00,0.906
292,2,592.00,163.00,613.00,195.00,0.733
292,2,412.00,178.00,438.00,195.00,0.817
292,2,579.00,183.00,613.00,211.00,0.856
292,2,530.00,181.00,562.00,204.00,0.902
293,2,593.00,164.00,615.00,194.00,0.710
293,2,404.00,179.00,433.00,197.00,0.773
293,2,580.00,183.00,614.00,211.00,0.871
293,2,532.00,181.00,562.00,204.00,0.902
294,2,592.00,165.00,616.00,196.00,0.665
294,2,395.00,179.00,425.00,197.00,0.817
294,2,583.00,177.00,616.00,208.00,0.829
294,2,534.00,180.00,564.00,203.00,0.900
295,2,594.00,160.00,617.00,192.00,0.721
295,2,583.00,179.00,615.00,207.00,0.844
295,2,384.00,178.00,416.00,197.00,0.849
295,2,534.00,179.00,564.00,202.00,0.902
296,2,594.00,164.00,617.00,194.00,0.709
296,2,584.00,180.00,616.00,208.00,0.818
296,2,372.00,180.00,406.00,200.00,0.879
296,2,535.00,180.00,563.00,203.00,0.900
297,2,598.00,167.00,618.00,196.00,0.713
297,2,534.00,182.00,564.00,207.00,0.893
297,2,356.00,182.00,396.00,205.00,0.913
297,2,584.00,185.00,616.00,212.00,0.937
298,2,597.00,171.00,620.00,201.00,0.759
298,2,534.00,186.00,563.00,210.00,0.907
298,2,584.00,188.00,617.00,215.00,0.921
298,2,340.00,185.00,382.00,210.00,0.932
299,2,599.00,170.00,621.00,200.00,0.794
299,2,533.00,183.00,564.00,208.00,0.908
299,2,584.00,187.00,617.00,214.00,0.925
299,2,319.00,184.00,367.00,210.00,0.932
300,2,599.00,170.00,621.00,199.00,0.773
300,2,533.00,182.00,562.00,205.00,0.911
300,2,296.00,180.00,348.00,208.00,0.935
300,2,584.00,186.00,616.00,213.00,0.935
301,2,599.00,167.00,620.00,196.00,0.766
301,2,584.00,184.00,616.00,211.00,0.924
301,2,532.00,180.00,562.00,204.00,0.928
301,2,269.00,180.00,329.00,208.00,0.943
302,2,599.00,164.00,619.00,194.00,0.749
302,2,586.00,182.00,616.00,209.00,0.820
302,2,531.00,180.00,562.00,203.00,0.921
302,2,236.00,178.00,305.00,211.00,0.951
303,2,599.00,166.00,620.00,195.00,0.739
303,2,584.00,184.00,617.00,211.00,0.907
303,2,531.00,180.00,562.00,204.00,0.924
303,2,200.00,180.00,275.00,216.00,0.947
304,2,597.00,165.00,620.00,196.00,0.700
304,2,586.00,180.00,618.00,207.00,0.823
304,2,531.00,177.00,563.00,202.00,0.907
304,2,152.00,178.00,241.00,219.00,0.947
305,2,602.00,162.00,624.00,190.00,0.721
305,2,586.00,176.00,618.00,203.00,0.876
305,2,531.00,175.00,562.00,199.00,0.902
305,2,88.00,175.00,196.00,222.00,0.940
306,2,602.00,160.00,624.00,189.00,0.763
306,2,586.00,176.00,619.00,203.00,0.876
306,2,531.00,174.00,562.00,198.00,0.902
306,2,8.00,175.00,143.00,229.00,0.940
307,2,604.00,162.00,626.00,191.00,0.763
307,2,587.00,178.00,618.00,204.00,0.852
307,2,531.00,176.00,562.00,199.00,0.901
307,2,0.00,177.00,72.00,238.00,0.917
308,2,603.00,161.00,623.00,194.00,0.615
308,2,587.00,179.00,618.00,205.00,0.828
308,2,531.00,178.00,562.00,201.00,0.895
309,2,561.00,181.00,613.00,207.00,0.268
309,2,606.00,165.00,626.00,192.00,0.636
309,2,587.00,180.00,618.00,206.00,0.830
309,2,530.00,179.00,561.00,203.00,0.905
310,2,602.00,164.00,622.00,194.00,0.628
310,2,587.00,181.00,618.00,207.00,0.827
310,2,529.00,179.00,561.00,203.00,0.911
311,2,602.00,163.00,621.00,193.00,0.632
311,2,587.00,180.00,617.00,206.00,0.849
311,2,529.00,178.00,560.00,202.00,0.898
312,2,601.00,166.00,620.00,194.00,0.614
312,2,587.00,180.00,617.00,206.00,0.853
312,2,528.00,179.00,559.00,202.00,0.898
313,2,600.00,168.00,620.00,197.00,0.730
313,2,587.00,182.00,617.00,209.00,0.832
313,2,527.00,180.00,558.00,204.00,0.911
314,2,601.00,170.00,621.00,197.00,0.771
314,2,526.00,182.00,557.00,206.00,0.920
314,2,584.00,185.00,617.00,211.00,0.933
315,2,599.00,168.00,619.00,195.00,0.753
315,2,587.00,182.00,617.00,208.00,0.803
315,2,525.00,180.00,556.00,204.00,0.932
316,2,598.00,164.00,619.00,194.00,0.704
316,2,586.00,180.00,616.00,206.00,0.828
316,2,524.00,179.00,555.00,202.00,0.921
317,2,598.00,163.00,619.00,192.00,0.692
317,2,585.00,179.00,615.00,205.00,0.845
317,2,522.00,178.00,554.00,202.00,0.907
318,2,598.00,164.00,619.00,192.00,0.681
318,2,585.00,178.00,614.00,203.00,0.852
318,2,522.00,177.00,553.00,201.00,0.907
319,2,599.00,163.00,620.00,190.00,0.701
319,2,0.00,205.00,95.00,372.00,0.804
319,2,585.00,178.00,615.00,203.00,0.851
319,2,521.00,176.00,553.00,200.00,0.904
320,2,600.00,164.00,621.00,195.00,0.604
320,2,1.00,194.00,140.00,372.00,0.868
320,2,587.00,177.00,617.00,204.00,0.873
320,2,522.00,177.00,553.00,201.00,0.907
321,2,599.00,166.00,619.00,195.00,0.656
321,2,588.00,182.00,617.00,207.00,0.820
321,2,1.00,192.00,183.00,374.00,0.904
321,2,521.00,180.00,553.00,205.00,0.907
322,2,598.00,168.00,620.00,198.00,0.621
322,2,589.00,181.00,618.00,206.00,0.854
322,2,521.00,180.00,553.00,204.00,0.911
322,2,1.00,198.00,220.00,373.00,0.952
323,2,604.00,163.00,626.00,192.00,0.541
323,2,590.00,178.00,619.00,203.00,0.880
323,2,521.00,177.00,552.00,201.00,0.910
323,2,0.00,192.00,256.00,373.00,0.922
324,2,0.00,155.00,93.00,229.00,0.427
324,2,603.00,162.00,624.00,190.00,0.598
324,2,589.00,176.00,620.00,202.00,0.866
324,2,521.00,174.00,552.00,199.00,0.905
324,2,1.00,191.00,276.00,373.00,0.966
325,2,602.00,162.00,625.00,192.00,0.422
325,2,591.00,177.00,620.00,202.00,0.867
325,2,519.00,177.00,550.00,201.00,0.912
325,2,0.00,187.00,296.00,375.00,0.954
326,2,591.00,178.00,620.00,204.00,0.866
326,2,518.00,178.00,550.00,203.00,0.912
326,2,0.00,187.00,315.00,374.00,0.957
327,2,493.00,178.00,514.00,191.00,0.317
327,2,606.00,167.00,624.00,193.00,0.350
327,2,591.00,181.00,620.00,206.00,0.870
327,2,517.00,180.00,548.00,205.00,0.905
327,2,0.00,189.00,328.00,374.00,0.966
328,2,0.00,158.00,33.00,248.00,0.430
328,2,590.00,181.00,619.00,207.00,0.858
328,2,514.00,182.00,547.00,206.00,0.900
328,2,0.00,186.00,347.00,373.00,0.969
329,2,596.00,169.00,617.00,196.00,0.670
329,2,588.00,181.00,616.00,206.00,0.840
329,2,511.00,181.00,545.00,207.00,0.899
329,2,0.00,188.00,356.00,373.00,0.964
330,2,596.00,165.00,617.00,195.00,0.700
330,2,586.00,178.00,616.00,205.00,0.837
330,2,0.00,186.00,365.00,374.00,0.925
330,2,507.00,180.00,542.00,206.00,0.927
331,2,474.00,176.00,499.00,190.00,0.370
331,2,596.00,164.00,616.00,194.00,0.635
331,2,584.00,179.00,613.00,204.00,0.825
331,2,504.00,179.00,540.00,206.00,0.914
331,2,1.00,187.00,378.00,374.00,0.914
332,2,594.00,162.00,614.00,193.00,0.735
332,2,470.00,176.00,495.00,191.00,0.743
332,2,582.00,179.00,610.00,204.00,0.860
332,2,501.00,179.00,535.00,205.00,0.911
332,2,1.00,181.00,388.00,375.00,0.966
333,2,459.00,172.00,485.00,187.00,0.428
333,2,592.00,164.00,611.00,192.00,0.548
333,2,498.00,177.00,533.00,203.00,0.916
333,2,580.00,178.00,609.00,202.00,0.921
333,2,13.00,175.00,396.00,374.00,0.972
334,2,592.00,162.00,611.00,191.00,0.553
334,2,452.00,170.00,480.00,187.00,0.850
334,2,578.00,177.00,606.00,201.00,0.860
334,2,494.00,176.00,529.00,202.00,0.883
334,2,50.00,178.00,403.00,370.00,0.972
335,2,589.00,161.00,609.00,190.00,0.720
335,2,576.00,176.00,604.00,199.00,0.803
335,2,446.00,168.00,474.00,187.00,0.851
335,2,492.00,174.00,526.00,200.00,0.914
335,2,82.00,175.00,408.00,358.00,0.956
336,2,585.00,162.00,605.00,189.00,0.597
336,2,574.00,175.00,602.00,199.00,0.878
336,2,437.00,169.00,466.00,189.00,0.878
336,2,488.00,175.00,523.00,201.00,0.907
336,2,109.00,174.00,410.00,352.00,0.959
337,2,584.00,160.00,603.00,188.00,0.674
337,2,428.00,171.00,458.00,191.00,0.863
337,2,572.00,176.00,600.00,200.00,0.885
337,2,486.00,176.00,521.00,203.00,0.907
337,2,130.00,176.00,416.00,342.00,0.960
338,2,582.00,166.00,602.00,191.00,0.608
338,2,569.00,178.00,597.00,201.00,0.856
338,2,419.00,173.00,450.00,194.00,0.881
338,2,483.00,179.00,519.00,204.00,0.902
338,2,156.00,180.00,419.00,336.00,0.958
339,2,582.00,165.00,600.00,190.00,0.668
339,2,567.00,179.00,595.00,202.00,0.835
339,2,408.00,175.00,441.00,200.00,0.879
339,2,480.00,181.00,516.00,207.00,0.892
339,2,175.00,180.00,425.00,332.00,0.963
340,2,581.00,166.00,601.00,191.00,0.731
340,2,567.00,180.00,593.00,202.00,0.876
340,2,395.00,177.00,431.00,202.00,0.888
340,2,476.00,181.00,514.00,208.00,0.912
340,2,193.00,182.00,430.00,327.00,0.956
341,2,581.00,166.00,601.00,191.00,0.757
341,2,381.00,177.00,421.00,203.00,0.850
341,2,565.00,181.00,591.00,202.00,0.875
341,2,475.00,181.00,512.00,209.00,0.934
341,2,211.00,182.00,435.00,321.00,0.954
342,2,581.00,167.00,601.00,193.00,0.804
342,2,365.00,179.00,413.00,207.00,0.827
342,2,564.00,182.00,591.00,204.00,0.877
342,2,472.00,183.00,512.00,211.00,0.930
342,2,225.00,180.00,443.00,316.00,0.958
343,2,350.00,183.00,400.00,214.00,0.742
343,2,581.00,169.00,602.00,196.00,0.780
343,2,562.00,184.00,589.00,207.00,0.879
343,2,469.00,187.00,509.00,215.00,0.927
343,2,243.00,184.00,449.00,311.00,0.955
344,2,329.00,183.00,386.00,221.00,0.687
344,2,580.00,168.00,601.00,194.00,0.741
344,2,560.00,183.00,587.00,206.00,0.858
344,2,467.00,185.00,507.00,214.00,0.932
344,2,259.00,183.00,454.00,306.00,0.971
345,2,327.00,181.00,378.00,215.00,0.262
345,2,293.00,180.00,359.00,223.00,0.739
345,2,577.00,167.00,599.00,194.00,0.814
345,2,558.00,181.00,586.00,203.00,0.838
345,2,464.00,182.00,506.00,211.00,0.923
345,2,272.00,181.00,460.00,300.00,0.973
346,2,302.00,180.00,362.00,215.00,0.528
346,2,579.00,165.00,599.00,193.00,0.763
346,2,556.00,179.00,584.00,201.00,0.852
346,2,254.00,178.00,331.00,221.00,0.890
346,2,462.00,181.00,504.00,210.00,0.908
346,2,286.00,181.00,459.00,293.00,0.964
347,2,410.00,181.00,441.00,202.00,0.372
347,2,372.00,180.00,419.00,210.00,0.539
347,2,574.00,168.00,597.00,195.00,0.821
347,2,554.00,181.00,581.00,203.00,0.848
347,2,286.00,182.00,332.00,210.00,0.859
347,2,460.00,182.00,501.00,212.00,0.920
347,2,207.00,182.00,297.00,229.00,0.944
347,2,296.00,180.00,466.00,292.00,0.968
348,2,398.00,187.00,436.00,207.00,0.363
348,2,367.00,184.00,410.00,212.00,0.440
348,2,575.00,169.00,596.00,198.00,0.776
348,2,553.00,183.00,577.00,205.00,0.799
348,2,249.00,187.00,315.00,219.00,0.893
348,2,457.00,185.00,499.00,215.00,0.916
348,2,145.00,186.00,256.00,241.00,0.943
348,2,310.00,186.00,466.00,292.00,0.962
349,2,389.00,187.00,426.00,208.00,0.728
349,2,574.00,172.00,596.00,200.00,0.844
349,2,550.00,183.00,577.00,207.00,0.845
349,2,452.00,187.00,497.00,216.00,0.904
349,2,207.00,190.00,288.00,226.00,0.931
349,2,61.00,188.00,208.00,255.00,0.950
349,2,316.00,187.00,471.00,292.00,0.970
350,2,367.00,183.00,416.00,207.00,0.732
350,2,574.00,171.00,594.00,196.00,0.798
350,2,549.00,183.00,575.00,206.00,0.879
350,2,449.00,186.00,494.00,215.00,0.906
350,2,157.00,189.00,255.00,230.00,0.951
350,2,324.00,188.00,473.00,288.00,0.966
350,2,1.00,187.00,131.00,269.00,0.973
351,2,555.00,170.00,589.00,198.00,0.327
351,2,361.00,179.00,402.00,200.00,0.578
351,2,0.00,184.00,24.00,283.00,0.599
351,2,573.00,169.00,591.00,193.00,0.811
351,2,545.00,180.00,572.00,202.00,0.861
351,2,445.00,183.00,491.00,214.00,0.872
351,2,94.00,185.00,212.00,233.00,0.946
351,2,335.00,184.00,476.00,282.00,0.955
352,2,355.00,176.00,392.00,200.00,0.770
352,2,570.00,167.00,591.00,194.00,0.841
352,2,542.00,179.00,570.00,201.00,0.864
352,2,439.00,180.00,485.00,211.00,0.900
352,2,5.00,182.00,161.00,238.00,0.959
352,2,341.00,181.00,479.00,273.00,0.971
353,2,339.00,175.00,382.00,200.00,0.769
353,2,437.00,179.00,483.00,211.00,0.855
353,2,568.00,167.00,590.00,194.00,0.871
353,2,540.00,177.00,567.00,201.00,0.885
353,2,1.00,182.00,90.00,242.00,0.933
353,2,350.00,180.00,481.00,269.00,0.956
354,2,523.00,174.00,540.00,189.00,0.318
354,2,431.00,180.00,478.00,212.00,0.823
354,2,318.00,177.00,363.00,199.00,0.862
354,2,537.00,181.00,563.00,202.00,0.880
354,2,567.00,168.00,590.00,196.00,0.913
354,2,356.00,180.00,483.00,267.00,0.946
355,2,523.00,173.00,543.00,189.00,0.473
355,2,423.00,180.00,473.00,212.00,0.755
355,2,535.00,181.00,562.00,203.00,0.870
355,2,297.00,180.00,345.00,203.00,0.876
355,2,568.00,170.00,589.00,197.00,0.908
355,2,362.00,180.00,487.00,268.00,0.969
356,2,523.00,174.00,544.00,191.00,0.274
356,2,424.00,182.00,473.00,213.00,0.696
356,2,534.00,182.00,561.00,203.00,0.869
356,2,567.00,171.00,589.00,198.00,0.893
356,2,272.00,181.00,327.00,209.00,0.917
356,2,369.00,183.00,487.00,267.00,0.963
357,2,421.00,183.00,471.00,211.00,0.364
357,2,533.00,182.00,561.00,204.00,0.871
357,2,567.00,171.00,589.00,199.00,0.911
357,2,243.00,183.00,304.00,214.00,0.935
357,2,375.00,184.00,489.00,265.00,0.947
358,2,532.00,182.00,559.00,203.00,0.864
358,2,567.00,172.00,589.00,199.00,0.917
358,2,206.00,183.00,277.00,216.00,0.933
358,2,382.00,182.00,491.00,262.00,0.941
359,2,398.00,181.00,450.00,204.00,0.286
359,2,531.00,181.00,557.00,201.00,0.865
359,2,567.00,170.00,590.00,197.00,0.907
359,2,160.00,179.00,244.00,217.00,0.925
359,2,388.00,180.00,493.00,256.00,0.951
360,2,531.00,180.00,558.00,200.00,0.853
360,2,568.00,169.00,590.00,195.00,0.891
360,2,102.00,179.00,202.00,221.00,0.929
360,2,392.00,179.00,498.00,254.00,0.959
361,2,532.00,182.00,558.00,202.00,0.869
361,2,569.00,170.00,591.00,197.00,0.873
361,2,28.00,180.00,149.00,231.00,0.948
361,2,399.00,180.00,501.00,253.00,0.958
362,2,401.00,184.00,446.00,210.00,0.326
362,2,571.00,170.00,592.00,198.00,0.849
362,2,533.00,182.00,559.00,202.00,0.876
362,2,3.00,183.00,89.00,238.00,0.945
362,2,404.00,180.00,505.00,251.00,0.958
363,2,400.00,181.00,458.00,220.00,0.838
363,2,533.00,180.00,559.00,201.00,0.860
363,2,572.00,168.00,595.00,196.00,0.908
363,2,409.00,177.00,508.00,249.00,0.957
364,2,534.00,179.00,560.00,200.00,0.857
364,2,396.00,180.00,458.00,221.00,0.895
364,2,574.00,167.00,596.00,195.00,0.923
364,2,415.00,178.00,511.00,247.00,0.941
365,2,523.00,175.00,545.00,192.00,0.388
365,2,534.00,180.00,561.00,201.00,0.849
365,2,576.00,168.00,598.00,195.00,0.895
365,2,393.00,182.00,460.00,223.00,0.917
365,2,421.00,179.00,513.00,248.00,0.940
366,2,535.00,181.00,562.00,202.00,0.870
366,2,577.00,169.00,601.00,198.00,0.888
366,2,388.00,183.00,458.00,224.00,0.926
366,2,426.00,181.00,516.00,249.00,0.947
367,2,537.00,182.00,562.00,203.00,0.861
367,2,578.00,170.00,602.00,199.00,0.878
367,2,384.00,185.00,456.00,228.00,0.925
367,2,429.00,183.00,518.00,248.00,0.942
368,2,538.00,183.00,563.00,203.00,0.864
368,2,580.00,172.00,602.00,200.00,0.901
368,2,379.00,186.00,446.00,230.00,0.923
368,2,433.00,183.00,520.00,248.00,0.946
369,2,539.00,184.00,564.00,204.00,0.866
369,2,581.00,173.00,603.00,201.00,0.897
369,2,374.00,186.00,442.00,231.00,0.912
369,2,437.00,184.00,522.00,247.00,0.945
370,2,368.00,184.00,403.00,201.00,0.289
370,2,367.00,185.00,423.00,213.00,0.369
370,2,539.00,184.00,564.00,204.00,0.866
370,2,581.00,172.00,604.00,201.00,0.916
370,2,367.00,186.00,442.00,233.00,0.926
370,2,441.00,184.00,523.00,247.00,0.945
371,2,360.00,187.00,408.00,206.00,0.252
371,2,523.00,180.00,543.00,196.00,0.256
371,2,540.00,184.00,565.00,204.00,0.874
371,2,582.00,172.00,605.00,201.00,0.912
371,2,360.00,187.00,439.00,235.00,0.941
371,2,445.00,184.00,526.00,246.00,0.952
372,2,541.00,184.00,566.00,203.00,0.902
372,2,583.00,170.00,607.00,200.00,0.931
372,2,352.00,186.00,438.00,237.00,0.947
372,2,449.00,184.00,529.00,244.00,0.954
373,2,501.00,173.00,523.00,196.00,0.279
373,2,524.00,178.00,545.00,195.00,0.353
373,2,542.00,185.00,567.00,204.00,0.887
373,2,584.00,173.00,607.00,201.00,0.926
373,2,452.00,185.00,531.00,246.00,0.948
373,2,344.00,187.00,432.00,240.00,0.948
374,2,521.00,175.00,543.00,194.00,0.680
374,2,542.00,180.00,567.00,201.00,0.901
374,2,585.00,169.00,606.00,197.00,0.906
374,2,455.00,181.00,532.00,240.00,0.941
374,2,334.00,184.00,426.00,238.00,0.949
375,2,497.00,161.00,523.00,189.00,0.358
375,2,521.00,168.00,542.00,188.00,0.550
375,2,586.00,161.00,607.00,191.00,0.879
375,2,543.00,174.00,568.00,194.00,0.901
375,2,458.00,175.00,534.00,232.00,0.933
375,2,324.00,177.00,421.00,233.00,0.939
376,2,520.00,165.00,541.00,185.00,0.625
376,2,495.00,156.00,520.00,184.00,0.737
376,2,544.00,171.00,569.00,190.00,0.882
376,2,586.00,157.00,609.00,187.00,0.892
376,2,461.00,172.00,536.00,229.00,0.949
376,2,312.00,173.00,417.00,234.00,0.953
377,2,519.00,167.00,542.00,188.00,0.604
377,2,494.00,155.00,518.00,184.00,0.767
377,2,544.00,171.00,571.00,190.00,0.882
377,2,587.00,158.00,611.00,188.00,0.903
377,2,464.00,171.00,537.00,228.00,0.954
377,2,301.00,175.00,411.00,237.00,0.954
378,2,492.00,160.00,515.00,187.00,0.279
378,2,516.00,171.00,543.00,192.00,0.517
378,2,547.00,173.00,571.00,192.00,0.854
378,2,589.00,162.00,610.00,191.00,0.946
378,2,467.00,174.00,540.00,230.00,0.956
378,2,287.00,177.00,404.00,242.00,0.958
379,2,506.00,173.00,540.00,195.00,0.291
379,2,489.00,160.00,515.00,189.00,0.659
379,2,548.00,174.00,572.00,193.00,0.841
379,2,590.00,163.00,612.00,192.00,0.946
379,2,470.00,176.00,541.00,230.00,0.949
379,2,274.00,180.00,396.00,249.00,0.965
380,2,512.00,170.00,543.00,194.00,0.395
380,2,488.00,155.00,515.00,187.00,0.794
380,2,550.00,172.00,575.00,193.00,0.869
380,2,591.00,162.00,615.00,191.00,0.916
380,2,474.00,174.00,544.00,228.00,0.938
380,2,257.00,179.00,389.00,252.00,0.955
381,2,511.00,168.00,543.00,194.00,0.423
381,2,486.00,160.00,514.00,190.00,0.708
381,2,550.00,172.00,576.00,193.00,0.874
381,2,238.00,179.00,380.00,257.00,0.874
381,2,593.00,163.00,616.00,190.00,0.903
381,2,478.00,172.00,545.00,227.00,0.940
382,2,484.00,155.00,512.00,186.00,0.715
382,2,553.00,172.00,577.00,191.00,0.843
382,2,593.00,161.00,618.00,189.00,0.860
382,2,482.00,172.00,547.00,224.00,0.940
382,2,218.00,179.00,372.00,261.00,0.950
383,2,480.00,153.00,511.00,184.00,0.839
383,2,555.00,171.00,579.00,191.00,0.849
383,2,594.00,161.00,619.00,188.00,0.880
383,2,485.00,172.00,551.00,223.00,0.942
383,2,195.00,180.00,361.00,268.00,0.948
384,2,509.00,167.00,544.00,192.00,0.259
384,2,477.00,154.00,508.00,184.00,0.762
384,2,556.00,172.00,579.00,190.00,0.829
384,2,487.00,171.00,552.00,222.00,0.916
384,2,596.00,159.00,620.00,188.00,0.918
384,2,166.00,181.00,350.00,271.00,0.960
385,2,471.00,156.00,501.00,186.00,0.856
385,2,556.00,172.00,581.00,191.00,0.876
385,2,598.00,163.00,619.00,189.00,0.897
385,2,491.00,173.00,554.00,221.00,0.908
385,2,133.00,183.00,333.00,284.00,0.952
386,2,523.00,171.00,555.00,194.00,0.278
386,2,466.00,156.00,496.00,186.00,0.787
386,2,557.00,174.00,580.00,192.00,0.859
386,2,597.00,163.00,619.00,191.00,0.898
386,2,494.00,174.00,554.00,222.00,0.906
386,2,92.00,184.00,315.00,295.00,0.960
387,2,496.00,175.00,531.00,200.00,0.399
387,2,558.00,177.00,580.00,194.00,0.851
387,2,459.00,156.00,489.00,188.00,0.884
387,2,597.00,164.00,620.00,192.00,0.904
387,2,495.00,175.00,555.00,222.00,0.914
387,2,44.00,187.00,294.00,306.00,0.962
388,2,490.00,177.00,524.00,200.00,0.663
388,2,557.00,179.00,580.00,196.00,0.841
388,2,449.00,158.00,486.00,191.00,0.863
388,2,597.00,166.00,619.00,194.00,0.914
388,2,496.00,177.00,556.00,224.00,0.929
388,2,0.00,186.00,273.00,323.00,0.968
389,2,486.00,179.00,521.00,202.00,0.657
389,2,555.00,181.00,579.00,198.00,0.847
389,2,439.00,158.00,479.00,193.00,0.904
389,2,596.00,167.00,618.00,197.00,0.919
389,2,497.00,180.00,556.00,225.00,0.936
389,2,0.00,192.00,246.00,338.00,0.968
