4,2,511.00,177.00,535.00,193.00,0.414
7,2,496.00,177.00,521.00,194.00,0.281
11,2,477.00,176.00,505.00,195.00,0.302
14,2,588.00,169.00,607.00,182.00,0.280
15,2,584.00,168.00,603.00,181.00,0.265
16,2,582.00,169.00,600.00,182.00,0.256
18,2,574.00,172.00,597.00,187.00,0.471
24,2,550.00,172.00,579.00,191.00,0.838
25,2,545.00,172.00,576.00,193.00,0.863
26,2,538.00,173.00,571.00,195.00,0.914
27,2,531.00,174.00,565.00,197.00,0.898
28,2,521.00,175.00,559.00,198.00,0.899
29,2,513.00,174.00,552.00,200.00,0.907
30,2,501.00,172.00,545.00,201.00,0.932
31,2,488.00,174.00,537.00,203.00,0.919
32,2,472.00,174.00,526.00,207.00,0.935
33,2,451.00,175.00,515.00,214.00,0.932
34,2,424.00,177.00,499.00,220.00,0.940
35,2,392.00,177.00,481.00,230.00,0.940
36,2,345.00,180.00,457.00,243.00,0.947
37,2,274.00,183.00,422.00,263.00,0.956
38,2,159.00,187.00,375.00,299.00,0.957
39,2,591.00,170.00,614.00,187.00,0.547
39,2,6.00,191.00,293.00,369.00,0.955
40,2,591.00,169.00,614.00,187.00,0.665
40,2,0.00,190.00,133.00,371.00,0.840
41,2,589.00,167.00,613.00,186.00,0.692
42,2,622.00,167.00,643.00,184.00,0.342
42,2,589.00,167.00,614.00,185.00,0.605
43,2,587.00,167.00,612.00,186.00,0.641
44,2,585.00,169.00,610.00,188.00,0.596
45,2,621.00,168.00,642.00,187.00,0.387
45,2,583.00,170.00,607.00,188.00,0.730
46,2,621.00,169.00,641.00,186.00,0.597
46,2,581.00,170.00,606.00,189.00,0.844
47,2,579.00,171.00,606.00,190.00,0.762
48,2,619.00,169.00,640.00,187.00,0.597
48,2,577.00,171.00,604.00,191.00,0.849
49,2,619.00,170.00,639.00,187.00,0.615
49,2,575.00,171.00,603.00,191.00,0.856
50,2,618.00,167.00,640.00,186.00,0.654
50,2,574.00,168.00,602.00,190.00,0.858
51,2,617.00,167.00,639.00,185.00,0.678
51,2,573.00,168.00,601.00,190.00,0.874
52,2,616.00,168.00,638.00,186.00,0.804
52,2,571.00,169.00,600.00,191.00,0.883
53,2,616.00,167.00,639.00,187.00,0.875
53,2,569.00,170.00,598.00,192.00,0.880
54,2,616.00,167.00,639.00,187.00,0.875
54,2,567.00,171.00,597.00,192.00,0.887
55,2,566.00,168.00,596.00,191.00,0.876
55,2,616.00,165.00,640.00,186.00,0.883
56,2,615.00,162.00,640.00,184.00,0.876
56,2,566.00,167.00,596.00,189.00,0.886
57,2,563.00,166.00,594.00,189.00,0.886
57,2,615.00,163.00,638.00,183.00,0.888
58,2,614.00,163.00,638.00,184.00,0.874
58,2,562.00,166.00,594.00,189.00,0.876
59,2,578.00,166.00,607.00,184.00,0.352
59,2,614.00,164.00,639.00,185.00,0.899
59,2,561.00,166.00,592.00,192.00,0.913
60,2,576.00,167.00,603.00,185.00,0.361
60,2,615.00,165.00,640.00,187.00,0.902
60,2,560.00,167.00,592.00,193.00,0.929
61,2,578.00,167.00,605.00,186.00,0.354
61,2,614.00,167.00,639.00,189.00,0.908
61,2,558.00,168.00,591.00,194.00,0.919
62,2,614.00,168.00,640.00,190.00,0.917
62,2,557.00,170.00,592.00,197.00,0.920
63,2,575.00,169.00,603.00,189.00,0.285
63,2,555.00,172.00,589.00,199.00,0.909
63,2,613.00,170.00,640.00,193.00,0.911
64,2,572.00,170.00,601.00,191.00,0.289
64,2,554.00,172.00,591.00,199.00,0.899
64,2,613.00,170.00,641.00,193.00,0.923
65,2,583.00,168.00,611.00,187.00,0.353
65,2,553.00,171.00,591.00,200.00,0.905
65,2,615.00,169.00,642.00,192.00,0.916
66,2,591.00,166.00,614.00,186.00,0.531
66,2,614.00,169.00,641.00,192.00,0.912
66,2,550.00,171.00,589.00,200.00,0.914
67,2,582.00,167.00,611.00,187.00,0.278
67,2,612.00,167.00,638.00,191.00,0.908
67,2,548.00,170.00,585.00,200.00,0.935
68,2,589.00,166.00,610.00,185.00,0.439
68,2,611.00,168.00,639.00,192.00,0.911
68,2,544.00,170.00,583.00,201.00,0.915
69,2,535.00,169.00,560.00,190.00,0.367
69,2,587.00,165.00,609.00,186.00,0.542
69,2,612.00,168.00,639.00,191.00,0.911
69,2,542.00,171.00,582.00,201.00,0.920
70,2,561.00,170.00,591.00,195.00,0.439
70,2,586.00,166.00,608.00,186.00,0.636
70,2,523.00,170.00,553.00,193.00,0.868
70,2,542.00,171.00,583.00,202.00,0.906
70,2,611.00,168.00,639.00,191.00,0.908
71,2,561.00,169.00,591.00,195.00,0.561
71,2,586.00,166.00,609.00,186.00,0.732
71,2,540.00,170.00,582.00,202.00,0.898
71,2,515.00,170.00,549.00,194.00,0.909
71,2,611.00,167.00,639.00,191.00,0.914
72,2,561.00,169.00,591.00,196.00,0.645
72,2,585.00,165.00,608.00,186.00,0.793
72,2,537.00,171.00,580.00,203.00,0.803
72,2,610.00,167.00,639.00,192.00,0.912
72,2,506.00,169.00,541.00,197.00,0.918
73,2,562.00,170.00,591.00,195.00,0.611
73,2,587.00,167.00,608.00,186.00,0.651
73,2,536.00,171.00,580.00,204.00,0.833
73,2,494.00,169.00,534.00,199.00,0.923
73,2,611.00,167.00,641.00,193.00,0.929
74,2,560.00,168.00,589.00,194.00,0.656
74,2,587.00,166.00,609.00,185.00,0.682
74,2,532.00,172.00,579.00,206.00,0.910
74,2,610.00,166.00,641.00,193.00,0.929
74,2,478.00,171.00,524.00,204.00,0.932
75,2,558.00,166.00,587.00,194.00,0.653
75,2,584.00,166.00,607.00,185.00,0.717
75,2,608.00,166.00,640.00,193.00,0.924
75,2,530.00,171.00,578.00,206.00,0.935
75,2,456.00,171.00,513.00,208.00,0.939
76,2,558.00,168.00,589.00,196.00,0.800
76,2,582.00,165.00,605.00,185.00,0.833
76,2,607.00,165.00,638.00,193.00,0.916
76,2,527.00,170.00,577.00,206.00,0.935
76,2,430.00,171.00,496.00,214.00,0.953
77,2,556.00,166.00,587.00,194.00,0.778
77,2,581.00,163.00,605.00,185.00,0.874
77,2,608.00,164.00,638.00,191.00,0.909
77,2,525.00,168.00,575.00,205.00,0.934
77,2,398.00,172.00,476.00,221.00,0.961
78,2,566.00,164.00,602.00,190.00,0.399
78,2,553.00,164.00,585.00,195.00,0.856
78,2,580.00,163.00,604.00,185.00,0.897
78,2,608.00,163.00,638.00,191.00,0.921
78,2,522.00,168.00,573.00,206.00,0.930
78,2,350.00,172.00,452.00,234.00,0.956
79,2,580.00,164.00,604.00,186.00,0.869
79,2,547.00,168.00,585.00,199.00,0.896
79,2,520.00,169.00,571.00,208.00,0.901
79,2,608.00,164.00,639.00,192.00,0.917
79,2,277.00,176.00,418.00,257.00,0.965
80,2,549.00,169.00,585.00,198.00,0.864
80,2,579.00,166.00,603.00,187.00,0.867
80,2,608.00,165.00,640.00,195.00,0.908
80,2,515.00,170.00,571.00,210.00,0.927
80,2,154.00,178.00,365.00,292.00,0.963
81,2,545.00,170.00,582.00,199.00,0.806
81,2,577.00,166.00,602.00,189.00,0.887
81,2,606.00,167.00,638.00,195.00,0.927
81,2,512.00,170.00,569.00,213.00,0.929
81,2,1.00,181.00,275.00,366.00,0.963
82,2,575.00,166.00,602.00,190.00,0.862
82,2,0.00,192.00,90.00,372.00,0.866
82,2,545.00,171.00,581.00,201.00,0.906
82,2,607.00,166.00,639.00,196.00,0.920
82,2,509.00,170.00,568.00,215.00,0.946
83,2,575.00,167.00,601.00,191.00,0.880
83,2,544.00,170.00,581.00,200.00,0.922
83,2,605.00,168.00,640.00,198.00,0.941
83,2,507.00,170.00,565.00,216.00,0.947
84,2,543.00,170.00,579.00,199.00,0.890
84,2,574.00,167.00,600.00,191.00,0.901
84,2,503.00,171.00,563.00,217.00,0.945
84,2,604.00,167.00,640.00,199.00,0.950
85,2,538.00,170.00,579.00,202.00,0.844
85,2,571.00,167.00,601.00,193.00,0.899
85,2,605.00,167.00,640.00,200.00,0.942
85,2,500.00,170.00,563.00,219.00,0.947
86,2,494.00,165.00,537.00,203.00,0.703
86,2,537.00,171.00,578.00,203.00,0.796
86,2,572.00,168.00,599.00,193.00,0.874
86,2,497.00,172.00,563.00,221.00,0.940
86,2,605.00,167.00,641.00,201.00,0.946
87,2,483.00,165.00,529.00,200.00,0.811
87,2,536.00,172.00,577.00,204.00,0.825
87,2,571.00,167.00,599.00,192.00,0.880
87,2,493.00,173.00,561.00,223.00,0.936
87,2,604.00,168.00,641.00,201.00,0.944
88,2,535.00,173.00,575.00,205.00,0.788
88,2,570.00,166.00,599.00,192.00,0.884
88,2,472.00,163.00,520.00,200.00,0.900
88,2,604.00,168.00,641.00,201.00,0.940
88,2,488.00,172.00,559.00,224.00,0.947
89,2,569.00,166.00,598.00,192.00,0.872
89,2,532.00,171.00,574.00,206.00,0.879
89,2,603.00,165.00,640.00,200.00,0.919
89,2,454.00,160.00,510.00,204.00,0.936
89,2,485.00,171.00,558.00,227.00,0.963
90,2,532.00,172.00,573.00,203.00,0.839
90,2,568.00,166.00,598.00,191.00,0.866
90,2,602.00,166.00,640.00,200.00,0.927
90,2,437.00,159.00,497.00,205.00,0.930
90,2,480.00,171.00,556.00,227.00,0.971
91,2,568.00,165.00,598.00,192.00,0.886
91,2,532.00,171.00,572.00,202.00,0.904
91,2,602.00,165.00,640.00,201.00,0.914
91,2,416.00,158.00,486.00,212.00,0.916
91,2,476.00,171.00,554.00,229.00,0.961
92,2,541.00,169.00,591.00,199.00,0.414
92,2,568.00,165.00,598.00,192.00,0.890
92,2,532.00,172.00,572.00,203.00,0.902
92,2,602.00,165.00,640.00,201.00,0.927
92,2,387.00,156.00,475.00,220.00,0.935
92,2,474.00,172.00,551.00,231.00,0.959
93,2,568.00,165.00,598.00,191.00,0.885
93,2,526.00,172.00,571.00,207.00,0.901
93,2,602.00,167.00,640.00,202.00,0.923
93,2,348.00,156.00,456.00,232.00,0.952
93,2,470.00,173.00,549.00,233.00,0.961
94,2,567.00,165.00,598.00,193.00,0.870
94,2,524.00,173.00,570.00,209.00,0.907
94,2,602.00,168.00,641.00,204.00,0.927
94,2,294.00,154.00,431.00,247.00,0.960
94,2,466.00,173.00,549.00,235.00,0.960
95,2,566.00,166.00,597.00,193.00,0.893
95,2,523.00,174.00,568.00,210.00,0.915
95,2,602.00,169.00,640.00,204.00,0.927
95,2,463.00,174.00,548.00,239.00,0.959
95,2,211.00,151.00,398.00,268.00,0.969
96,2,565.00,166.00,598.00,194.00,0.896
96,2,521.00,174.00,568.00,210.00,0.917
96,2,602.00,168.00,641.00,204.00,0.927
96,2,72.00,147.00,348.00,304.00,0.955
96,2,459.00,175.00,549.00,239.00,0.969
97,2,564.00,166.00,598.00,195.00,0.896
97,2,518.00,172.00,568.00,212.00,0.901
97,2,602.00,168.00,641.00,204.00,0.929
97,2,1.00,136.00,270.00,370.00,0.958
97,2,453.00,175.00,547.00,242.00,0.967
98,2,564.00,167.00,599.00,195.00,0.902
98,2,515.00,174.00,566.00,213.00,0.918
98,2,601.00,169.00,641.00,206.00,0.924
98,2,0.00,133.00,118.00,373.00,0.937
98,2,448.00,177.00,543.00,245.00,0.957
99,2,563.00,167.00,598.00,196.00,0.918
99,2,512.00,174.00,566.00,215.00,0.919
99,2,601.00,169.00,642.00,206.00,0.929
99,2,443.00,177.00,540.00,249.00,0.953
100,2,563.00,167.00,598.00,196.00,0.917
100,2,600.00,169.00,641.00,207.00,0.922
100,2,512.00,174.00,566.00,215.00,0.925
100,2,439.00,177.00,539.00,250.00,0.957
101,2,563.00,166.00,598.00,196.00,0.921
101,2,511.00,174.00,565.00,216.00,0.926
101,2,600.00,169.00,641.00,207.00,0.928
101,2,434.00,178.00,541.00,253.00,0.958
102,2,509.00,175.00,563.00,215.00,0.918
102,2,562.00,167.00,597.00,196.00,0.930
102,2,600.00,170.00,642.00,208.00,0.931
102,2,430.00,178.00,538.00,257.00,0.953
103,2,505.00,176.00,563.00,218.00,0.930
103,2,562.00,167.00,597.00,197.00,0.941
103,2,601.00,170.00,642.00,208.00,0.942
103,2,425.00,179.00,538.00,259.00,0.951
104,2,502.00,176.00,561.00,220.00,0.922
104,2,563.00,168.00,597.00,197.00,0.940
104,2,417.00,179.00,537.00,264.00,0.942
104,2,601.00,170.00,642.00,209.00,0.947
105,2,501.00,175.00,561.00,219.00,0.932
105,2,562.00,167.00,598.00,197.00,0.942
105,2,600.00,170.00,643.00,209.00,0.944
105,2,413.00,180.00,536.00,265.00,0.962
106,2,562.00,165.00,597.00,197.00,0.927
106,2,500.00,173.00,561.00,218.00,0.929
106,2,600.00,169.00,643.00,207.00,0.938
106,2,407.00,179.00,534.00,267.00,0.971
107,2,561.00,165.00,597.00,197.00,0.928
107,2,496.00,172.00,560.00,220.00,0.933
107,2,600.00,168.00,643.00,207.00,0.941
107,2,399.00,179.00,531.00,269.00,0.960
108,2,560.00,164.00,596.00,196.00,0.919
108,2,599.00,166.00,642.00,206.00,0.926
108,2,495.00,172.00,558.00,219.00,0.936
108,2,390.00,179.00,528.00,275.00,0.971
109,2,599.00,165.00,644.00,206.00,0.925
109,2,560.00,164.00,595.00,195.00,0.928
109,2,493.00,172.00,558.00,220.00,0.938
109,2,382.00,178.00,526.00,278.00,0.974
110,2,1177.00,226.00,1238.00,372.00,0.253
110,2,598.00,165.00,643.00,206.00,0.912
110,2,489.00,172.00,557.00,223.00,0.934
110,2,559.00,163.00,594.00,194.00,0.935
110,2,374.00,177.00,523.00,279.00,0.970
111,2,597.00,165.00,644.00,206.00,0.901
111,2,557.00,163.00,595.00,196.00,0.937
111,2,489.00,172.00,556.00,223.00,0.947
111,2,366.00,178.00,521.00,285.00,0.969
112,2,596.00,164.00,644.00,207.00,0.882
112,2,557.00,164.00,594.00,196.00,0.945
112,2,485.00,172.00,555.00,224.00,0.951
112,2,358.00,180.00,520.00,290.00,0.973
113,2,596.00,164.00,643.00,207.00,0.882
113,2,556.00,164.00,595.00,196.00,0.946
113,2,482.00,173.00,553.00,225.00,0.956
113,2,348.00,180.00,517.00,296.00,0.972
114,2,596.00,164.00,642.00,206.00,0.869
114,2,555.00,164.00,594.00,196.00,0.947
114,2,481.00,173.00,553.00,225.00,0.948
114,2,333.00,178.00,518.00,300.00,0.977
115,2,596.00,163.00,642.00,206.00,0.877
115,2,479.00,172.00,551.00,227.00,0.946
115,2,555.00,163.00,595.00,197.00,0.951
115,2,324.00,178.00,516.00,305.00,0.966
116,2,596.00,164.00,644.00,207.00,0.871
116,2,554.00,164.00,594.00,197.00,0.947
116,2,479.00,172.00,551.00,227.00,0.948
116,2,317.00,179.00,511.00,311.00,0.962
117,2,596.00,165.00,643.00,208.00,0.833
117,2,554.00,164.00,593.00,198.00,0.947
117,2,476.00,171.00,549.00,229.00,0.950
117,2,305.00,179.00,509.00,317.00,0.954
118,2,595.00,165.00,644.00,208.00,0.839
118,2,553.00,164.00,593.00,199.00,0.941
118,2,474.00,172.00,549.00,230.00,0.953
118,2,293.00,179.00,506.00,321.00,0.955
119,2,595.00,166.00,643.00,210.00,0.791
119,2,553.00,164.00,592.00,198.00,0.940
119,2,472.00,172.00,548.00,231.00,0.956
119,2,281.00,181.00,507.00,326.00,0.969
120,2,595.00,164.00,644.00,209.00,0.837
120,2,553.00,165.00,592.00,199.00,0.934
120,2,471.00,172.00,546.00,231.00,0.957
120,2,274.00,180.00,502.00,332.00,0.963
121,2,594.00,165.00,643.00,210.00,0.802
121,2,552.00,164.00,593.00,199.00,0.928
121,2,470.00,173.00,545.00,232.00,0.958
121,2,265.00,180.00,501.00,337.00,0.963
122,2,594.00,166.00,643.00,210.00,0.865
122,2,552.00,164.00,592.00,199.00,0.930
122,2,467.00,173.00,547.00,233.00,0.959
122,2,258.00,180.00,499.00,340.00,0.967
123,2,594.00,166.00,643.00,210.00,0.885
123,2,551.00,164.00,591.00,199.00,0.920
123,2,465.00,173.00,547.00,235.00,0.961
123,2,247.00,181.00,501.00,343.00,0.969
124,2,594.00,167.00,643.00,211.00,0.901
124,2,550.00,164.00,590.00,199.00,0.924
124,2,462.00,172.00,543.00,235.00,0.957
124,2,241.00,181.00,497.00,346.00,0.969
125,2,592.00,164.00,643.00,210.00,0.891
125,2,549.00,164.00,589.00,199.00,0.928
125,2,460.00,171.00,542.00,235.00,0.958
125,2,234.00,182.00,491.00,350.00,0.968
126,2,547.00,163.00,588.00,198.00,0.932
126,2,592.00,165.00,642.00,211.00,0.933
126,2,458.00,171.00,542.00,235.00,0.955
126,2,228.00,181.00,490.00,354.00,0.967
127,2,547.00,163.00,588.00,199.00,0.931
127,2,591.00,166.00,641.00,211.00,0.944
127,2,456.00,172.00,539.00,236.00,0.961
127,2,223.00,180.00,488.00,355.00,0.964
128,2,548.00,164.00,588.00,199.00,0.943
128,2,591.00,166.00,641.00,212.00,0.946
128,2,455.00,173.00,539.00,236.00,0.955
128,2,216.00,182.00,487.00,358.00,0.962
129,2,547.00,165.00,587.00,200.00,0.940
129,2,590.00,167.00,641.00,213.00,0.943
129,2,454.00,173.00,537.00,237.00,0.963
129,2,211.00,182.00,487.00,362.00,0.966
130,2,546.00,166.00,587.00,202.00,0.939
130,2,589.00,167.00,641.00,214.00,0.947
130,2,451.00,174.00,537.00,240.00,0.965
130,2,201.00,183.00,485.00,367.00,0.966
131,2,545.00,166.00,585.00,202.00,0.940
131,2,588.00,168.00,640.00,214.00,0.947
131,2,450.00,175.00,536.00,241.00,0.964
131,2,195.00,184.00,484.00,370.00,0.972
132,2,544.00,166.00,585.00,202.00,0.935
132,2,588.00,168.00,639.00,215.00,0.944
132,2,449.00,175.00,535.00,241.00,0.963
132,2,190.00,184.00,482.00,370.00,0.972
133,2,543.00,167.00,584.00,203.00,0.936
133,2,587.00,169.00,638.00,215.00,0.937
133,2,447.00,176.00,534.00,243.00,0.965
133,2,180.00,183.00,479.00,372.00,0.972
134,2,588.00,169.00,638.00,216.00,0.939
134,2,542.00,167.00,584.00,204.00,0.941
134,2,446.00,176.00,533.00,244.00,0.963
134,2,175.00,183.00,478.00,373.00,0.974
135,2,542.00,167.00,583.00,204.00,0.939
135,2,587.00,169.00,638.00,216.00,0.941
135,2,444.00,176.00,532.00,244.00,0.962
135,2,165.00,182.00,474.00,371.00,0.972
136,2,587.00,169.00,638.00,216.00,0.940
136,2,541.00,167.00,583.00,204.00,0.945
136,2,157.00,183.00,473.00,373.00,0.960
136,2,443.00,176.00,531.00,244.00,0.961
137,2,149.00,184.00,472.00,372.00,0.919
137,2,541.00,168.00,582.00,205.00,0.929
137,2,586.00,169.00,638.00,218.00,0.934
137,2,441.00,176.00,531.00,244.00,0.962
138,2,540.00,168.00,581.00,205.00,0.930
138,2,585.00,169.00,638.00,218.00,0.933
138,2,439.00,175.00,529.00,245.00,0.963
138,2,137.00,183.00,466.00,373.00,0.965
139,2,539.00,168.00,580.00,205.00,0.922
139,2,583.00,169.00,637.00,219.00,0.934
139,2,436.00,176.00,528.00,246.00,0.958
139,2,123.00,181.00,464.00,374.00,0.974
140,2,537.00,168.00,579.00,205.00,0.902
140,2,582.00,169.00,637.00,219.00,0.938
140,2,434.00,177.00,528.00,247.00,0.954
140,2,114.00,183.00,461.00,373.00,0.966
141,2,537.00,168.00,578.00,205.00,0.890
141,2,582.00,169.00,637.00,220.00,0.938
141,2,432.00,177.00,526.00,248.00,0.954
141,2,102.00,183.00,461.00,373.00,0.971
142,2,523.00,170.00,551.00,191.00,0.639
142,2,537.00,168.00,578.00,205.00,0.896
142,2,582.00,170.00,637.00,220.00,0.941
142,2,431.00,177.00,526.00,249.00,0.954
142,2,89.00,184.00,460.00,373.00,0.973
143,2,516.00,171.00,550.00,195.00,0.758
143,2,536.00,168.00,577.00,205.00,0.853
143,2,580.00,169.00,637.00,220.00,0.941
143,2,429.00,178.00,524.00,249.00,0.953
143,2,70.00,183.00,449.00,374.00,0.971
144,2,516.00,172.00,545.00,194.00,0.727
144,2,535.00,168.00,578.00,205.00,0.851
144,2,581.00,169.00,636.00,219.00,0.940
144,2,427.00,177.00,522.00,249.00,0.953
144,2,67.00,186.00,452.00,373.00,0.968
145,2,511.00,172.00,537.00,192.00,0.790
145,2,535.00,167.00,577.00,205.00,0.831
145,2,47.00,186.00,441.00,374.00,0.902
145,2,581.00,169.00,636.00,219.00,0.936
145,2,426.00,177.00,520.00,249.00,0.955
146,2,507.00,170.00,534.00,190.00,0.765
146,2,535.00,168.00,578.00,206.00,0.839
146,2,582.00,170.00,636.00,220.00,0.941
146,2,424.00,177.00,521.00,251.00,0.953
146,2,31.00,185.00,447.00,374.00,0.961
147,2,501.00,172.00,532.00,194.00,0.790
147,2,534.00,168.00,578.00,206.00,0.878
147,2,581.00,170.00,637.00,220.00,0.946
147,2,421.00,177.00,520.00,251.00,0.951
147,2,11.00,184.00,443.00,374.00,0.971
148,2,493.00,173.00,526.00,194.00,0.738
148,2,534.00,168.00,579.00,206.00,0.882
148,2,581.00,170.00,637.00,220.00,0.943
148,2,422.00,177.00,520.00,252.00,0.947
148,2,3.00,185.00,440.00,374.00,0.973
149,2,485.00,172.00,524.00,197.00,0.766
149,2,534.00,169.00,578.00,206.00,0.915
149,2,580.00,170.00,636.00,221.00,0.946
149,2,422.00,177.00,521.00,253.00,0.951
149,2,0.00,184.00,438.00,374.00,0.974
150,2,481.00,174.00,519.00,199.00,0.774
150,2,533.00,168.00,578.00,206.00,0.913
150,2,580.00,170.00,636.00,221.00,0.945
150,2,421.00,177.00,520.00,254.00,0.955
150,2,0.00,184.00,436.00,374.00,0.974
151,2,477.00,173.00,515.00,199.00,0.628
151,2,533.00,168.00,578.00,206.00,0.925
151,2,580.00,169.00,637.00,221.00,0.937
151,2,420.00,177.00,520.00,253.00,0.954
151,2,0.00,185.00,435.00,374.00,0.974
152,2,470.00,173.00,508.00,197.00,0.572
152,2,533.00,167.00,578.00,206.00,0.924
152,2,581.00,169.00,637.00,220.00,0.935
152,2,420.00,176.00,520.00,252.00,0.948
152,2,1.00,185.00,431.00,374.00,0.975
153,2,455.00,171.00,501.00,200.00,0.561
153,2,532.00,167.00,578.00,206.00,0.928
153,2,581.00,168.00,637.00,220.00,0.939
153,2,418.00,176.00,520.00,253.00,0.946
153,2,2.00,186.00,428.00,374.00,0.977
154,2,444.00,174.00,503.00,203.00,0.284
154,2,532.00,167.00,577.00,206.00,0.928
154,2,580.00,168.00,637.00,221.00,0.936
154,2,417.00,176.00,518.00,253.00,0.939
154,2,2.00,186.00,427.00,374.00,0.975
155,2,440.00,175.00,484.00,200.00,0.553
155,2,531.00,167.00,577.00,207.00,0.931
155,2,580.00,169.00,638.00,221.00,0.940
155,2,417.00,177.00,518.00,254.00,0.943
155,2,2.00,187.00,425.00,374.00,0.976
156,2,524.00,168.00,555.00,192.00,0.579
156,2,425.00,175.00,478.00,207.00,0.672
156,2,532.00,168.00,577.00,206.00,0.922
156,2,580.00,169.00,637.00,222.00,0.939
156,2,417.00,177.00,518.00,254.00,0.943
156,2,1.00,187.00,424.00,374.00,0.976
157,2,520.00,169.00,552.00,194.00,0.719
157,2,413.00,176.00,468.00,211.00,0.744
157,2,532.00,169.00,578.00,207.00,0.918
157,2,581.00,170.00,638.00,222.00,0.942
157,2,416.00,178.00,519.00,255.00,0.944
157,2,1.00,188.00,424.00,374.00,0.977
158,2,515.00,168.00,550.00,197.00,0.811
158,2,392.00,179.00,458.00,222.00,0.870
158,2,533.00,170.00,579.00,208.00,0.913
158,2,582.00,171.00,638.00,223.00,0.936
158,2,416.00,178.00,521.00,256.00,0.952
158,2,1.00,189.00,422.00,374.00,0.978
159,2,512.00,169.00,546.00,195.00,0.815
159,2,373.00,179.00,446.00,227.00,0.893
159,2,584.00,171.00,637.00,222.00,0.927
159,2,533.00,170.00,582.00,209.00,0.935
159,2,417.00,178.00,522.00,257.00,0.953
159,2,0.00,189.00,422.00,374.00,0.979
160,2,509.00,169.00,540.00,196.00,0.854
160,2,348.00,180.00,434.00,231.00,0.921
160,2,585.00,171.00,639.00,222.00,0.928
160,2,535.00,171.00,581.00,210.00,0.934
160,2,417.00,178.00,523.00,256.00,0.951
160,2,0.00,188.00,425.00,374.00,0.978
161,2,504.00,170.00,538.00,198.00,0.871
161,2,307.00,180.00,425.00,243.00,0.915
161,2,585.00,173.00,639.00,221.00,0.932
161,2,534.00,171.00,582.00,211.00,0.933
161,2,417.00,179.00,522.00,257.00,0.949
161,2,0.00,189.00,422.00,374.00,0.979
162,2,504.00,169.00,562.00,201.00,0.309
162,2,499.00,170.00,536.00,198.00,0.880
162,2,274.00,182.00,401.00,249.00,0.905
162,2,533.00,170.00,582.00,212.00,0.923
162,2,586.00,173.00,639.00,221.00,0.931
162,2,416.00,179.00,523.00,258.00,0.950
162,2,0.00,191.00,421.00,374.00,0.979
163,2,212.00,188.00,373.00,267.00,0.745
163,2,490.00,170.00,530.00,198.00,0.860
163,2,532.00,172.00,581.00,212.00,0.925
163,2,585.00,172.00,641.00,222.00,0.936
163,2,418.00,180.00,521.00,258.00,0.949
163,2,0.00,190.00,420.00,374.00,0.979
164,2,154.00,191.00,350.00,293.00,0.649
164,2,482.00,170.00,526.00,201.00,0.852
164,2,533.00,172.00,581.00,214.00,0.918
164,2,585.00,172.00,642.00,223.00,0.939
164,2,417.00,180.00,522.00,258.00,0.952
164,2,0.00,188.00,420.00,372.00,0.974
165,2,476.00,170.00,522.00,203.00,0.880
165,2,533.00,171.00,581.00,214.00,0.923
165,2,584.00,172.00,643.00,223.00,0.936
165,2,417.00,181.00,522.00,258.00,0.960
165,2,0.00,188.00,419.00,373.00,0.974
166,2,511.00,176.00,544.00,203.00,0.659
166,2,468.00,171.00,517.00,205.00,0.847
166,2,533.00,172.00,581.00,213.00,0.932
166,2,585.00,173.00,643.00,225.00,0.932
166,2,417.00,181.00,521.00,259.00,0.959
166,2,0.00,191.00,418.00,373.00,0.973
167,2,505.00,176.00,539.00,201.00,0.790
167,2,463.00,172.00,512.00,207.00,0.836
167,2,586.00,173.00,643.00,224.00,0.932
167,2,532.00,173.00,581.00,214.00,0.937
167,2,417.00,183.00,521.00,259.00,0.962
167,2,0.00,195.00,418.00,373.00,0.971
168,2,499.00,177.00,532.00,199.00,0.764
168,2,453.00,172.00,504.00,209.00,0.808
168,2,587.00,173.00,644.00,225.00,0.936
168,2,532.00,172.00,581.00,214.00,0.937
168,2,416.00,183.00,521.00,259.00,0.956
168,2,0.00,197.00,417.00,373.00,0.970
169,2,438.00,170.00,496.00,212.00,0.740
169,2,491.00,177.00,529.00,201.00,0.744
169,2,587.00,173.00,645.00,226.00,0.934
169,2,531.00,172.00,581.00,214.00,0.936
169,2,415.00,183.00,522.00,259.00,0.958
169,2,0.00,199.00,415.00,373.00,0.967
170,2,481.00,176.00,523.00,206.00,0.797
170,2,421.00,172.00,489.00,218.00,0.816
170,2,587.00,173.00,644.00,226.00,0.928
170,2,531.00,172.00,581.00,215.00,0.942
170,2,414.00,181.00,521.00,261.00,0.952
170,2,0.00,199.00,415.00,372.00,0.966
171,2,477.00,176.00,519.00,202.00,0.742
171,2,405.00,170.00,479.00,224.00,0.881
171,2,589.00,173.00,646.00,227.00,0.937
171,2,531.00,172.00,582.00,214.00,0.941
171,2,416.00,182.00,521.00,261.00,0.956
171,2,2.00,198.00,411.00,372.00,0.967
172,2,470.00,175.00,516.00,204.00,0.788
172,2,384.00,171.00,464.00,225.00,0.924
172,2,531.00,171.00,582.00,214.00,0.932
172,2,589.00,173.00,646.00,227.00,0.937
172,2,413.00,182.00,520.00,262.00,0.960
172,2,3.00,197.00,410.00,372.00,0.962
173,2,463.00,177.00,509.00,208.00,0.640
173,2,357.00,169.00,448.00,229.00,0.916
173,2,532.00,171.00,582.00,214.00,0.930
173,2,588.00,172.00,646.00,227.00,0.943
173,2,411.00,181.00,519.00,261.00,0.944
173,2,4.00,196.00,408.00,372.00,0.963
174,2,451.00,176.00,499.00,204.00,0.295
174,2,531.00,170.00,582.00,214.00,0.935
174,2,407.00,179.00,520.00,263.00,0.938
174,2,589.00,172.00,647.00,226.00,0.943
174,2,323.00,170.00,433.00,240.00,0.953
174,2,3.00,196.00,407.00,372.00,0.967
175,2,439.00,176.00,495.00,210.00,0.645
175,2,408.00,179.00,519.00,262.00,0.930
175,2,289.00,168.00,415.00,248.00,0.931
175,2,530.00,171.00,583.00,215.00,0.935
175,2,588.00,171.00,648.00,227.00,0.947
175,2,3.00,198.00,407.00,373.00,0.969
176,2,519.00,169.00,556.00,199.00,0.519
176,2,421.00,178.00,482.00,216.00,0.661
176,2,233.00,166.00,392.00,262.00,0.934
176,2,409.00,177.00,519.00,263.00,0.939
176,2,529.00,171.00,583.00,214.00,0.941
176,2,589.00,171.00,649.00,227.00,0.953
176,2,4.00,198.00,405.00,373.00,0.974
177,2,518.00,169.00,550.00,195.00,0.559
177,2,403.00,176.00,472.00,218.00,0.829
177,2,144.00,166.00,366.00,275.00,0.913
177,2,407.00,178.00,521.00,264.00,0.929
177,2,529.00,170.00,584.00,214.00,0.941
177,2,589.00,171.00,649.00,228.00,0.951
177,2,5.00,191.00,404.00,374.00,0.968
178,2,510.00,169.00,544.00,195.00,0.657
178,2,90.00,165.00,315.00,263.00,0.875
178,2,381.00,177.00,456.00,220.00,0.895
178,2,528.00,170.00,583.00,214.00,0.927
178,2,407.00,179.00,520.00,264.00,0.944
178,2,588.00,171.00,650.00,228.00,0.949
178,2,4.00,190.00,402.00,372.00,0.972
179,2,504.00,169.00,540.00,196.00,0.844
179,2,2.00,164.00,274.00,297.00,0.850
179,2,356.00,179.00,444.00,230.00,0.911
179,2,528.00,171.00,582.00,215.00,0.936
179,2,588.00,172.00,648.00,227.00,0.941
179,2,403.00,179.00,518.00,265.00,0.957
179,2,2.00,187.00,405.00,371.00,0.964
180,2,373.00,180.00,431.00,210.00,0.259
180,2,1.00,160.00,177.00,309.00,0.825
180,2,498.00,168.00,536.00,196.00,0.910
180,2,588.00,172.00,648.00,228.00,0.942
180,2,323.00,180.00,417.00,240.00,0.943
180,2,527.00,171.00,581.00,214.00,0.944
180,2,0.00,187.00,398.00,372.00,0.959
180,2,401.00,179.00,516.00,266.00,0.968
181,2,362.00,182.00,406.00,211.00,0.599
181,2,489.00,167.00,529.00,198.00,0.873
181,2,527.00,171.00,580.00,215.00,0.939
181,2,291.00,182.00,405.00,249.00,0.939
181,2,588.00,172.00,648.00,228.00,0.940
181,2,0.00,191.00,395.00,374.00,0.965
181,2,399.00,182.00,516.00,268.00,0.976
182,2,479.00,170.00,524.00,202.00,0.850
182,2,524.00,174.00,576.00,216.00,0.913
182,2,227.00,183.00,379.00,264.00,0.934
182,2,588.00,174.00,648.00,229.00,0.940
182,2,0.00,196.00,398.00,373.00,0.968
182,2,397.00,183.00,515.00,269.00,0.974
183,2,173.00,186.00,350.00,273.00,0.862
183,2,469.00,169.00,515.00,207.00,0.908
183,2,524.00,174.00,576.00,218.00,0.915
183,2,589.00,175.00,648.00,230.00,0.936
183,2,0.00,195.00,394.00,373.00,0.964
183,2,394.00,184.00,514.00,270.00,0.970
184,2,458.00,171.00,512.00,211.00,0.907
184,2,524.00,174.00,577.00,219.00,0.919
184,2,589.00,176.00,647.00,230.00,0.939
184,2,393.00,186.00,513.00,271.00,0.957
184,2,0.00,199.00,393.00,373.00,0.964
185,2,550.00,175.00,589.00,207.00,0.260
185,2,442.00,172.00,506.00,213.00,0.882
185,2,524.00,174.00,576.00,218.00,0.906
185,2,588.00,174.00,647.00,228.00,0.930
185,2,390.00,184.00,513.00,274.00,0.945
185,2,0.00,200.00,386.00,372.00,0.964
186,2,416.00,180.00,503.00,236.00,0.366
186,2,432.00,169.00,497.00,214.00,0.821
186,2,0.00,193.00,378.00,373.00,0.841
186,2,590.00,173.00,643.00,223.00,0.889
186,2,523.00,173.00,576.00,218.00,0.918
186,2,389.00,183.00,512.00,274.00,0.942
187,2,401.00,179.00,490.00,238.00,0.345
187,2,421.00,168.00,483.00,215.00,0.733
187,2,4.00,197.00,371.00,373.00,0.872
187,2,588.00,172.00,644.00,225.00,0.924
187,2,521.00,172.00,575.00,217.00,0.927
187,2,387.00,182.00,511.00,274.00,0.937
188,2,399.00,166.00,473.00,222.00,0.824
188,2,3.00,199.00,366.00,373.00,0.909
188,2,520.00,171.00,574.00,216.00,0.928
188,2,588.00,172.00,645.00,225.00,0.930
188,2,384.00,183.00,510.00,274.00,0.933
189,2,2.00,195.00,363.00,374.00,0.822
189,2,385.00,163.00,464.00,221.00,0.912
189,2,519.00,169.00,574.00,215.00,0.925
189,2,587.00,170.00,646.00,224.00,0.931
189,2,383.00,182.00,510.00,273.00,0.941
190,2,505.00,170.00,541.00,197.00,0.537
190,2,3.00,195.00,362.00,374.00,0.782
190,2,587.00,170.00,644.00,221.00,0.917
190,2,519.00,169.00,574.00,215.00,0.932
190,2,361.00,162.00,448.00,223.00,0.936
190,2,378.00,184.00,506.00,272.00,0.963
191,2,499.00,172.00,537.00,196.00,0.745
191,2,3.00,195.00,361.00,374.00,0.799
191,2,587.00,170.00,644.00,221.00,0.917
191,2,333.00,162.00,430.00,231.00,0.928
191,2,520.00,168.00,573.00,215.00,0.936
191,2,375.00,183.00,505.00,273.00,0.965
192,2,553.00,168.00,588.00,198.00,0.325
192,2,2.00,198.00,359.00,374.00,0.847
192,2,493.00,173.00,531.00,200.00,0.852
192,2,295.00,162.00,409.00,241.00,0.924
192,2,587.00,170.00,644.00,222.00,0.935
192,2,520.00,168.00,573.00,215.00,0.940
192,2,374.00,182.00,504.00,274.00,0.968
193,2,553.00,168.00,588.00,198.00,0.306
193,2,3.00,195.00,359.00,374.00,0.803
193,2,485.00,173.00,525.00,200.00,0.887
193,2,519.00,168.00,572.00,214.00,0.940
193,2,587.00,170.00,644.00,222.00,0.944
193,2,246.00,161.00,393.00,253.00,0.955
193,2,372.00,180.00,506.00,275.00,0.958
194,2,476.00,173.00,517.00,200.00,0.804
194,2,3.00,197.00,358.00,373.00,0.924
194,2,588.00,169.00,643.00,220.00,0.934
194,2,518.00,168.00,572.00,214.00,0.937
194,2,372.00,180.00,504.00,275.00,0.952
194,2,180.00,157.00,367.00,267.00,0.954
195,2,556.00,168.00,589.00,197.00,0.353
195,2,469.00,174.00,512.00,204.00,0.880
195,2,101.00,156.00,333.00,277.00,0.930
195,2,518.00,168.00,572.00,214.00,0.935
195,2,588.00,169.00,643.00,220.00,0.935
195,2,371.00,181.00,503.00,276.00,0.953
195,2,3.00,200.00,355.00,373.00,0.957
196,2,551.00,167.00,588.00,197.00,0.284
196,2,456.00,173.00,506.00,208.00,0.918
196,2,519.00,168.00,572.00,213.00,0.928
196,2,3.00,154.00,296.00,297.00,0.950
196,2,588.00,169.00,643.00,220.00,0.952
196,2,368.00,181.00,503.00,276.00,0.956
196,2,6.00,204.00,346.00,371.00,0.959
197,2,412.00,174.00,500.00,227.00,0.469
197,2,0.00,151.00,224.00,303.00,0.896
197,2,446.00,172.00,499.00,209.00,0.904
197,2,3.00,198.00,348.00,372.00,0.921
197,2,519.00,167.00,573.00,213.00,0.926
197,2,588.00,168.00,643.00,218.00,0.947
197,2,366.00,181.00,501.00,276.00,0.956
198,2,0.00,195.00,351.00,374.00,0.316
198,2,564.00,167.00,591.00,193.00,0.368
198,2,400.00,176.00,497.00,240.00,0.502
198,2,433.00,173.00,491.00,210.00,0.856
198,2,519.00,166.00,573.00,212.00,0.923
198,2,366.00,182.00,503.00,277.00,0.940
198,2,588.00,169.00,643.00,218.00,0.951
199,2,559.00,167.00,588.00,195.00,0.591
199,2,417.00,173.00,482.00,217.00,0.780
199,2,3.00,201.00,356.00,374.00,0.787
199,2,521.00,167.00,573.00,211.00,0.922
199,2,366.00,180.00,503.00,277.00,0.937
199,2,589.00,169.00,643.00,219.00,0.953
200,2,395.00,178.00,483.00,228.00,0.605
200,2,560.00,167.00,588.00,194.00,0.717
200,2,6.00,203.00,354.00,372.00,0.800
200,2,522.00,167.00,573.00,211.00,0.926
200,2,365.00,181.00,502.00,276.00,0.936
200,2,589.00,169.00,642.00,219.00,0.952
201,2,561.00,168.00,590.00,193.00,0.448
201,2,3.00,202.00,361.00,374.00,0.613
201,2,374.00,177.00,448.00,223.00,0.724
201,2,523.00,168.00,573.00,210.00,0.925
201,2,589.00,169.00,640.00,216.00,0.944
201,2,365.00,181.00,500.00,277.00,0.952
202,2,2.00,201.00,363.00,374.00,0.767
202,2,343.00,179.00,430.00,234.00,0.908
202,2,524.00,169.00,573.00,211.00,0.933
202,2,589.00,170.00,639.00,216.00,0.949
202,2,364.00,182.00,500.00,278.00,0.957
203,2,4.00,202.00,364.00,374.00,0.818
203,2,305.00,180.00,414.00,244.00,0.920
203,2,524.00,169.00,572.00,210.00,0.928
203,2,590.00,170.00,638.00,215.00,0.943
203,2,366.00,182.00,502.00,278.00,0.948
204,2,516.00,170.00,544.00,193.00,0.527
204,2,2.00,200.00,370.00,374.00,0.907
204,2,525.00,169.00,572.00,209.00,0.923
204,2,589.00,169.00,638.00,216.00,0.929
204,2,259.00,180.00,394.00,256.00,0.931
204,2,366.00,182.00,503.00,278.00,0.948
205,2,510.00,171.00,536.00,192.00,0.744
205,2,525.00,169.00,573.00,210.00,0.930
205,2,588.00,169.00,639.00,216.00,0.933
205,2,203.00,183.00,372.00,271.00,0.937
205,2,367.00,182.00,503.00,275.00,0.946
205,2,0.00,201.00,379.00,374.00,0.954
206,2,558.00,168.00,590.00,194.00,0.302
206,2,506.00,174.00,534.00,194.00,0.826
206,2,129.00,185.00,334.00,287.00,0.887
206,2,589.00,169.00,639.00,216.00,0.931
206,2,526.00,169.00,574.00,209.00,0.931
206,2,0.00,198.00,376.00,374.00,0.948
206,2,368.00,182.00,503.00,276.00,0.952
207,2,29.00,187.00,306.00,313.00,0.291
207,2,500.00,174.00,529.00,194.00,0.836
207,2,527.00,169.00,574.00,208.00,0.932
207,2,588.00,169.00,639.00,214.00,0.936
207,2,0.00,198.00,384.00,374.00,0.946
207,2,367.00,182.00,501.00,272.00,0.954
208,2,0.00,188.00,380.00,374.00,0.773
208,2,492.00,172.00,526.00,196.00,0.886
208,2,589.00,169.00,637.00,213.00,0.935
208,2,529.00,169.00,575.00,207.00,0.936
208,2,371.00,181.00,501.00,272.00,0.960
209,2,485.00,173.00,520.00,198.00,0.876
209,2,0.00,194.00,384.00,374.00,0.897
209,2,589.00,169.00,636.00,213.00,0.930
209,2,530.00,168.00,576.00,207.00,0.938
209,2,373.00,181.00,501.00,270.00,0.960
210,2,478.00,173.00,513.00,198.00,0.837
210,2,588.00,169.00,636.00,213.00,0.925
210,2,0.00,196.00,383.00,374.00,0.926
210,2,531.00,168.00,576.00,206.00,0.934
210,2,376.00,180.00,501.00,270.00,0.965
211,2,467.00,173.00,506.00,202.00,0.816
211,2,588.00,169.00,635.00,212.00,0.927
211,2,532.00,169.00,576.00,205.00,0.932
211,2,0.00,197.00,386.00,373.00,0.946
211,2,378.00,181.00,502.00,269.00,0.969
212,2,456.00,175.00,502.00,206.00,0.827
212,2,588.00,171.00,635.00,214.00,0.932
212,2,532.00,169.00,576.00,206.00,0.939
212,2,0.00,196.00,388.00,373.00,0.956
212,2,380.00,184.00,504.00,270.00,0.971
213,2,447.00,177.00,496.00,207.00,0.837
213,2,587.00,172.00,634.00,216.00,0.935
213,2,533.00,171.00,576.00,208.00,0.942
213,2,0.00,197.00,391.00,373.00,0.943
213,2,384.00,186.00,504.00,269.00,0.954
214,2,435.00,179.00,489.00,215.00,0.796
214,2,587.00,172.00,633.00,216.00,0.937
214,2,534.00,173.00,575.00,208.00,0.939
214,2,384.00,187.00,504.00,269.00,0.946
214,2,0.00,198.00,392.00,373.00,0.948
215,2,417.00,179.00,474.00,216.00,0.403
215,2,535.00,172.00,575.00,207.00,0.926
215,2,388.00,184.00,506.00,267.00,0.933
215,2,586.00,173.00,632.00,216.00,0.937
215,2,0.00,197.00,391.00,373.00,0.946
216,2,398.00,179.00,466.00,223.00,0.745
216,2,535.00,172.00,576.00,206.00,0.923
216,2,390.00,184.00,506.00,266.00,0.931
216,2,586.00,172.00,631.00,215.00,0.938
216,2,0.00,197.00,391.00,373.00,0.955
217,2,380.00,181.00,449.00,225.00,0.895
217,2,536.00,172.00,575.00,206.00,0.926
217,2,586.00,173.00,631.00,215.00,0.942
217,2,392.00,185.00,506.00,266.00,0.952
217,2,0.00,196.00,389.00,373.00,0.955
218,2,537.00,172.00,575.00,206.00,0.927
218,2,584.00,174.00,630.00,216.00,0.945
218,2,355.00,180.00,437.00,230.00,0.955
218,2,393.00,185.00,507.00,265.00,0.957
218,2,0.00,199.00,389.00,373.00,0.960
219,2,538.00,173.00,576.00,207.00,0.927
219,2,584.00,174.00,631.00,216.00,0.940
219,2,325.00,182.00,411.00,237.00,0.947
219,2,393.00,184.00,507.00,265.00,0.954
219,2,0.00,199.00,388.00,373.00,0.962
220,2,523.00,175.00,549.00,195.00,0.695
220,2,539.00,174.00,577.00,207.00,0.929
220,2,284.00,183.00,395.00,247.00,0.940
220,2,583.00,174.00,631.00,217.00,0.944
220,2,394.00,185.00,508.00,263.00,0.958
220,2,0.00,199.00,385.00,373.00,0.965
221,2,518.00,176.00,542.00,196.00,0.754
221,2,238.00,185.00,367.00,256.00,0.924
221,2,538.00,174.00,577.00,207.00,0.933
221,2,583.00,175.00,630.00,217.00,0.937
221,2,395.00,185.00,508.00,263.00,0.967
221,2,0.00,200.00,391.00,373.00,0.968
222,2,514.00,176.00,541.00,195.00,0.671
222,2,173.00,185.00,337.00,271.00,0.920
222,2,582.00,175.00,630.00,217.00,0.932
222,2,539.00,173.00,578.00,207.00,0.943
222,2,397.00,184.00,508.00,262.00,0.969
222,2,0.00,200.00,392.00,374.00,0.969
223,2,75.00,190.00,296.00,295.00,0.763
223,2,510.00,176.00,538.00,198.00,0.861
223,2,581.00,174.00,629.00,217.00,0.928
223,2,539.00,173.00,577.00,206.00,0.939
223,2,3.00,200.00,390.00,374.00,0.968
223,2,399.00,184.00,507.00,261.00,0.971
224,2,504.00,176.00,532.00,199.00,0.874
224,2,581.00,174.00,628.00,216.00,0.924
224,2,539.00,173.00,578.00,207.00,0.932
224,2,0.00,195.00,388.00,373.00,0.940
224,2,400.00,184.00,507.00,261.00,0.968
225,2,497.00,176.00,528.00,201.00,0.886
225,2,0.00,196.00,388.00,374.00,0.921
225,2,580.00,174.00,627.00,215.00,0.929
225,2,539.00,172.00,578.00,207.00,0.929
225,2,401.00,183.00,506.00,260.00,0.969
226,2,489.00,177.00,524.00,203.00,0.884
226,2,0.00,196.00,384.00,373.00,0.919
226,2,540.00,173.00,577.00,207.00,0.921
226,2,581.00,173.00,627.00,215.00,0.922
226,2,402.00,183.00,506.00,259.00,0.967
227,2,546.00,173.00,604.00,210.00,0.477
227,2,480.00,177.00,519.00,204.00,0.872
227,2,541.00,173.00,578.00,206.00,0.913
227,2,580.00,174.00,625.00,215.00,0.919
227,2,0.00,197.00,384.00,373.00,0.934
227,2,402.00,183.00,508.00,258.00,0.962
228,2,551.00,173.00,613.00,212.00,0.471
228,2,474.00,177.00,512.00,206.00,0.868
228,2,542.00,173.00,579.00,206.00,0.918
228,2,579.00,174.00,626.00,215.00,0.923
228,2,0.00,197.00,384.00,374.00,0.944
228,2,404.00,182.00,508.00,258.00,0.961
229,2,467.00,177.00,510.00,207.00,0.852
229,2,580.00,174.00,626.00,216.00,0.916
229,2,542.00,173.00,580.00,206.00,0.926
229,2,0.00,197.00,385.00,374.00,0.945
229,2,404.00,182.00,509.00,257.00,0.962
230,2,457.00,177.00,506.00,210.00,0.829
230,2,579.00,174.00,625.00,215.00,0.922
230,2,542.00,174.00,580.00,205.00,0.925
230,2,0.00,201.00,381.00,374.00,0.948
230,2,405.00,183.00,509.00,258.00,0.962
231,2,447.00,178.00,495.00,208.00,0.590
231,2,542.00,173.00,580.00,205.00,0.920
231,2,578.00,174.00,625.00,215.00,0.923
231,2,0.00,199.00,378.00,373.00,0.942
231,2,405.00,183.00,509.00,257.00,0.957
232,2,436.00,178.00,483.00,206.00,0.439
232,2,542.00,173.00,579.00,205.00,0.917
232,2,578.00,173.00,624.00,215.00,0.928
232,2,0.00,198.00,377.00,373.00,0.940
232,2,405.00,182.00,508.00,257.00,0.962
233,2,416.00,179.00,471.00,216.00,0.534
233,2,542.00,173.00,579.00,204.00,0.912
233,2,578.00,173.00,623.00,215.00,0.925
233,2,0.00,199.00,378.00,372.00,0.933
233,2,405.00,182.00,508.00,256.00,0.956
234,2,401.00,178.00,463.00,223.00,0.849
234,2,542.00,173.00,579.00,205.00,0.917
234,2,577.00,173.00,624.00,215.00,0.920
234,2,0.00,199.00,377.00,373.00,0.941
234,2,404.00,183.00,508.00,257.00,0.962
235,2,576.00,174.00,624.00,216.00,0.918
235,2,377.00,180.00,449.00,228.00,0.919
235,2,543.00,173.00,581.00,205.00,0.925
235,2,0.00,200.00,376.00,373.00,0.927
235,2,402.00,183.00,508.00,258.00,0.966
236,2,596.00,176.00,627.00,206.00,0.311
236,2,0.00,198.00,374.00,373.00,0.901
236,2,576.00,174.00,624.00,216.00,0.920
236,2,543.00,173.00,581.00,205.00,0.922
236,2,353.00,179.00,437.00,236.00,0.949
236,2,400.00,183.00,508.00,258.00,0.969
237,2,598.00,176.00,628.00,204.00,0.281
237,2,574.00,174.00,623.00,217.00,0.917
237,2,0.00,201.00,371.00,372.00,0.928
237,2,543.00,173.00,581.00,205.00,0.929
237,2,322.00,180.00,407.00,244.00,0.958
237,2,399.00,184.00,508.00,259.00,0.970
238,2,0.00,200.00,373.00,373.00,0.911
238,2,574.00,175.00,623.00,218.00,0.920
238,2,543.00,174.00,580.00,206.00,0.921
238,2,276.00,183.00,396.00,257.00,0.953
238,2,399.00,184.00,507.00,260.00,0.970
239,2,543.00,174.00,579.00,207.00,0.922
239,2,572.00,177.00,619.00,219.00,0.937
239,2,0.00,201.00,372.00,373.00,0.941
239,2,224.00,186.00,363.00,269.00,0.943
239,2,396.00,186.00,507.00,262.00,0.969
240,2,600.00,178.00,626.00,205.00,0.447
240,2,542.00,175.00,579.00,207.00,0.925
240,2,154.00,185.00,325.00,285.00,0.932
240,2,571.00,177.00,619.00,220.00,0.936
240,2,1.00,205.00,370.00,373.00,0.947
240,2,394.00,185.00,507.00,263.00,0.965
241,2,602.00,177.00,630.00,204.00,0.787
241,2,13.00,189.00,275.00,309.00,0.817
241,2,543.00,174.00,579.00,208.00,0.926
241,2,569.00,178.00,618.00,221.00,0.933
241,2,1.00,203.00,359.00,374.00,0.954
241,2,392.00,186.00,505.00,265.00,0.956
242,2,600.00,179.00,625.00,205.00,0.477
242,2,0.00,194.00,357.00,374.00,0.624
242,2,542.00,175.00,580.00,209.00,0.907
242,2,567.00,178.00,617.00,222.00,0.943
242,2,389.00,187.00,504.00,266.00,0.959
243,2,599.00,179.00,625.00,205.00,0.282
243,2,2.00,196.00,352.00,374.00,0.642
243,2,541.00,175.00,580.00,209.00,0.914
243,2,565.00,177.00,616.00,222.00,0.938
243,2,384.00,187.00,500.00,267.00,0.962
244,2,599.00,177.00,626.00,205.00,0.797
244,2,1.00,201.00,341.00,373.00,0.803
244,2,540.00,175.00,577.00,208.00,0.898
244,2,566.00,177.00,616.00,221.00,0.921
244,2,379.00,186.00,497.00,268.00,0.965
245,2,2.00,199.00,335.00,374.00,0.514
245,2,598.00,177.00,625.00,203.00,0.807
245,2,539.00,174.00,576.00,208.00,0.900
245,2,563.00,175.00,614.00,221.00,0.932
245,2,376.00,185.00,495.00,269.00,0.958
246,2,1.00,199.00,325.00,374.00,0.481
246,2,528.00,174.00,554.00,195.00,0.487
246,2,597.00,174.00,624.00,200.00,0.871
246,2,538.00,173.00,575.00,207.00,0.909
246,2,561.00,174.00,612.00,220.00,0.949
246,2,374.00,184.00,494.00,269.00,0.951
247,2,522.00,173.00,548.00,194.00,0.362
247,2,536.00,174.00,574.00,205.00,0.882
247,2,596.00,172.00,624.00,199.00,0.892
247,2,560.00,173.00,611.00,219.00,0.937
247,2,368.00,183.00,490.00,270.00,0.968
248,2,519.00,173.00,544.00,191.00,0.474
248,2,535.00,171.00,575.00,204.00,0.862
248,2,595.00,172.00,623.00,198.00,0.877
248,2,558.00,172.00,609.00,218.00,0.928
248,2,362.00,182.00,487.00,270.00,0.979
249,2,514.00,172.00,541.00,192.00,0.734
249,2,594.00,170.00,623.00,198.00,0.890
249,2,534.00,170.00,572.00,203.00,0.910
249,2,556.00,172.00,607.00,217.00,0.914
249,2,357.00,182.00,485.00,272.00,0.970
250,2,509.00,172.00,535.00,191.00,0.840
250,2,595.00,170.00,622.00,198.00,0.893
250,2,554.00,171.00,607.00,218.00,0.908
250,2,533.00,170.00,572.00,204.00,0.916
250,2,352.00,181.00,485.00,274.00,0.954
251,2,504.00,173.00,530.00,192.00,0.867
251,2,593.00,171.00,622.00,198.00,0.880
251,2,553.00,172.00,606.00,220.00,0.903
251,2,532.00,170.00,573.00,204.00,0.911
251,2,347.00,182.00,484.00,275.00,0.955
252,2,497.00,173.00,526.00,195.00,0.825
252,2,590.00,169.00,622.00,200.00,0.873
252,2,530.00,170.00,571.00,205.00,0.915
252,2,550.00,173.00,606.00,221.00,0.926
252,2,341.00,182.00,481.00,277.00,0.956
253,2,490.00,174.00,520.00,195.00,0.847
253,2,589.00,170.00,622.00,200.00,0.879
253,2,529.00,170.00,569.00,205.00,0.911
253,2,548.00,173.00,605.00,222.00,0.938
253,2,332.00,182.00,478.00,280.00,0.955
254,2,586.00,170.00,622.00,201.00,0.867
254,2,483.00,174.00,515.00,196.00,0.883
254,2,526.00,170.00,568.00,205.00,0.909
254,2,546.00,173.00,603.00,222.00,0.931
254,2,325.00,183.00,474.00,283.00,0.965
255,2,525.00,171.00,567.00,206.00,0.883
255,2,587.00,170.00,622.00,201.00,0.883
255,2,475.00,175.00,508.00,198.00,0.889
255,2,543.00,173.00,601.00,224.00,0.927
255,2,318.00,182.00,472.00,286.00,0.964
256,2,524.00,172.00,565.00,206.00,0.844
256,2,588.00,170.00,621.00,201.00,0.893
256,2,467.00,174.00,503.00,198.00,0.902
256,2,540.00,172.00,600.00,224.00,0.938
256,2,310.00,182.00,469.00,289.00,0.963
257,2,523.00,171.00,564.00,205.00,0.845
257,2,587.00,168.00,620.00,200.00,0.920
257,2,458.00,173.00,495.00,200.00,0.937
257,2,303.00,183.00,465.00,290.00,0.959
257,2,537.00,171.00,600.00,224.00,0.959
258,2,521.00,169.00,564.00,205.00,0.826
258,2,449.00,173.00,488.00,200.00,0.919
258,2,586.00,167.00,620.00,200.00,0.922
258,2,536.00,171.00,598.00,224.00,0.933
258,2,296.00,183.00,461.00,294.00,0.967
259,2,518.00,170.00,561.00,204.00,0.866
259,2,585.00,167.00,620.00,199.00,0.911
259,2,438.00,173.00,481.00,204.00,0.921
259,2,534.00,171.00,595.00,223.00,0.942
259,2,287.00,183.00,459.00,295.00,0.967
260,2,518.00,165.00,562.00,205.00,0.864
260,2,428.00,173.00,472.00,205.00,0.893
260,2,584.00,167.00,619.00,199.00,0.899
260,2,533.00,170.00,593.00,224.00,0.935
260,2,279.00,183.00,456.00,299.00,0.969
261,2,516.00,169.00,562.00,205.00,0.869
261,2,412.00,174.00,462.00,208.00,0.903
261,2,585.00,167.00,619.00,199.00,0.917
261,2,531.00,170.00,592.00,225.00,0.948
261,2,270.00,184.00,453.00,302.00,0.963
262,2,515.00,170.00,561.00,206.00,0.888
262,2,395.00,177.00,451.00,212.00,0.901
262,2,584.00,167.00,619.00,199.00,0.910
262,2,529.00,170.00,591.00,227.00,0.944
262,2,262.00,184.00,453.00,306.00,0.964
263,2,374.00,176.00,440.00,217.00,0.869
263,2,513.00,169.00,560.00,208.00,0.877
263,2,585.00,167.00,620.00,200.00,0.912
263,2,528.00,170.00,590.00,227.00,0.950
263,2,251.00,185.00,446.00,311.00,0.954
264,2,588.00,171.00,620.00,201.00,0.816
264,2,512.00,170.00,559.00,209.00,0.854
264,2,357.00,180.00,427.00,220.00,0.861
264,2,526.00,171.00,590.00,228.00,0.926
264,2,241.00,186.00,445.00,316.00,0.956
265,2,507.00,163.00,545.00,200.00,0.671
265,2,325.00,183.00,414.00,231.00,0.765
265,2,587.00,171.00,621.00,203.00,0.850
265,2,510.00,170.00,558.00,212.00,0.859
265,2,525.00,172.00,590.00,230.00,0.923
265,2,230.00,187.00,443.00,323.00,0.953
266,2,300.00,184.00,390.00,234.00,0.621
266,2,501.00,160.00,542.00,196.00,0.803
266,2,508.00,171.00,558.00,215.00,0.862
266,2,587.00,172.00,621.00,205.00,0.877
266,2,522.00,173.00,589.00,231.00,0.922
266,2,217.00,188.00,439.00,326.00,0.959
267,2,263.00,185.00,368.00,248.00,0.717
267,2,494.00,158.00,537.00,193.00,0.854
267,2,508.00,171.00,557.00,215.00,0.864
267,2,586.00,170.00,621.00,204.00,0.903
267,2,520.00,172.00,588.00,231.00,0.926
267,2,204.00,189.00,432.00,332.00,0.954
268,2,506.00,171.00,556.00,215.00,0.816
268,2,586.00,171.00,621.00,203.00,0.874
268,2,488.00,156.00,531.00,193.00,0.881
268,2,197.00,186.00,336.00,257.00,0.892
268,2,517.00,171.00,587.00,231.00,0.931
268,2,194.00,189.00,428.00,337.00,0.960
269,2,503.00,170.00,554.00,214.00,0.832
269,2,585.00,169.00,621.00,201.00,0.897
269,2,482.00,155.00,529.00,194.00,0.904
269,2,118.00,186.00,315.00,274.00,0.922
269,2,516.00,171.00,587.00,232.00,0.934
269,2,182.00,189.00,422.00,342.00,0.963
270,2,502.00,170.00,553.00,215.00,0.826
270,2,585.00,169.00,621.00,203.00,0.900
270,2,477.00,155.00,523.00,195.00,0.907
270,2,514.00,172.00,585.00,233.00,0.937
270,2,3.00,189.00,248.00,302.00,0.941
270,2,167.00,191.00,419.00,348.00,0.953
271,2,502.00,170.00,554.00,217.00,0.818
271,2,585.00,169.00,621.00,203.00,0.905
271,2,468.00,154.00,516.00,195.00,0.921
271,2,514.00,170.00,585.00,233.00,0.931
271,2,0.00,192.00,179.00,339.00,0.955
271,2,156.00,190.00,419.00,353.00,0.961
272,2,500.00,169.00,553.00,214.00,0.782
272,2,0.00,196.00,78.00,360.00,0.866
272,2,585.00,168.00,622.00,203.00,0.913
272,2,463.00,152.00,513.00,196.00,0.932
272,2,513.00,170.00,586.00,234.00,0.941
272,2,148.00,189.00,419.00,356.00,0.960
273,2,499.00,169.00,552.00,218.00,0.707
273,2,586.00,167.00,623.00,203.00,0.916
273,2,454.00,152.00,511.00,198.00,0.939
273,2,512.00,170.00,586.00,235.00,0.947
273,2,136.00,190.00,418.00,360.00,0.955
274,2,501.00,168.00,559.00,218.00,0.627
274,2,587.00,167.00,625.00,203.00,0.921
274,2,447.00,152.00,505.00,199.00,0.936
274,2,510.00,169.00,586.00,236.00,0.949
274,2,127.00,190.00,416.00,365.00,0.958
275,2,501.00,169.00,553.00,212.00,0.786
275,2,588.00,166.00,626.00,202.00,0.928
275,2,435.00,151.00,496.00,200.00,0.943
275,2,510.00,168.00,586.00,235.00,0.952
275,2,122.00,188.00,414.00,367.00,0.967
276,2,501.00,168.00,555.00,211.00,0.711
276,2,589.00,166.00,626.00,202.00,0.921
276,2,425.00,149.00,491.00,203.00,0.954
276,2,509.00,167.00,586.00,234.00,0.955
276,2,116.00,188.00,413.00,369.00,0.969
277,2,502.00,168.00,557.00,212.00,0.716
277,2,588.00,166.00,627.00,203.00,0.920
277,2,508.00,167.00,585.00,234.00,0.950
277,2,414.00,149.00,485.00,204.00,0.954
277,2,113.00,188.00,411.00,370.00,0.968
278,2,501.00,166.00,559.00,213.00,0.804
278,2,589.00,165.00,628.00,203.00,0.924
278,2,508.00,167.00,585.00,235.00,0.945
278,2,401.00,146.00,480.00,207.00,0.965
278,2,110.00,188.00,411.00,369.00,0.970
279,2,500.00,165.00,558.00,214.00,0.800
279,2,591.00,166.00,628.00,201.00,0.923
279,2,507.00,165.00,585.00,234.00,0.943
279,2,385.00,143.00,471.00,208.00,0.957
279,2,110.00,186.00,411.00,370.00,0.970
280,2,501.00,166.00,559.00,214.00,0.669
280,2,592.00,167.00,629.00,201.00,0.922
280,2,506.00,165.00,585.00,233.00,0.943
280,2,366.00,141.00,460.00,212.00,0.957
280,2,113.00,186.00,412.00,369.00,0.972
281,2,501.00,165.00,559.00,212.00,0.736
281,2,591.00,165.00,631.00,200.00,0.921
281,2,506.00,165.00,585.00,235.00,0.947
281,2,349.00,140.00,453.00,216.00,0.950
281,2,114.00,185.00,415.00,369.00,0.973
282,2,503.00,166.00,558.00,212.00,0.767
282,2,592.00,164.00,632.00,201.00,0.927
282,2,507.00,165.00,586.00,236.00,0.949
282,2,325.00,139.00,442.00,223.00,0.956
282,2,118.00,187.00,420.00,369.00,0.972
283,2,504.00,167.00,559.00,216.00,0.626
283,2,486.00,167.00,521.00,193.00,0.731
283,2,593.00,166.00,633.00,202.00,0.936
283,2,508.00,166.00,585.00,237.00,0.948
283,2,297.00,136.00,427.00,226.00,0.955
283,2,121.00,188.00,420.00,369.00,0.973
284,2,505.00,169.00,558.00,218.00,0.477
284,2,483.00,171.00,516.00,196.00,0.845
284,2,594.00,168.00,634.00,204.00,0.935
284,2,257.00,137.00,415.00,238.00,0.937
284,2,507.00,168.00,586.00,240.00,0.943
284,2,126.00,191.00,423.00,370.00,0.969
285,2,502.00,170.00,562.00,216.00,0.572
285,2,478.00,172.00,512.00,197.00,0.792
285,2,596.00,171.00,634.00,206.00,0.922
285,2,219.00,137.00,398.00,248.00,0.930
285,2,508.00,171.00,585.00,241.00,0.937
285,2,130.00,193.00,424.00,369.00,0.958
286,2,502.00,168.00,560.00,212.00,0.407
286,2,470.00,173.00,505.00,199.00,0.887
286,2,596.00,171.00,635.00,206.00,0.914
286,2,508.00,169.00,586.00,241.00,0.940
286,2,159.00,130.00,375.00,257.00,0.945
286,2,137.00,186.00,419.00,366.00,0.954
287,2,503.00,168.00,559.00,210.00,0.521
287,2,462.00,173.00,502.00,200.00,0.904
287,2,597.00,169.00,636.00,206.00,0.913
287,2,79.00,125.00,348.00,276.00,0.932
287,2,510.00,170.00,587.00,241.00,0.936
287,2,136.00,191.00,425.00,365.00,0.954
288,2,505.00,168.00,560.00,210.00,0.595
288,2,598.00,169.00,636.00,206.00,0.899
288,2,453.00,174.00,494.00,202.00,0.925
288,2,510.00,170.00,587.00,240.00,0.938
288,2,0.00,115.00,315.00,310.00,0.963
288,2,142.00,192.00,427.00,365.00,0.965
289,2,505.00,169.00,561.00,212.00,0.592
289,2,599.00,168.00,637.00,206.00,0.846
289,2,444.00,174.00,489.00,205.00,0.911
289,2,510.00,170.00,587.00,240.00,0.939
289,2,3.00,106.00,272.00,332.00,0.962
289,2,146.00,191.00,429.00,364.00,0.965
290,2,580.00,169.00,615.00,203.00,0.524
290,2,505.00,170.00,561.00,213.00,0.674
290,2,599.00,170.00,637.00,207.00,0.896
290,2,433.00,175.00,481.00,208.00,0.917
290,2,509.00,170.00,587.00,241.00,0.946
290,2,0.00,107.00,215.00,345.00,0.957
290,2,148.00,190.00,430.00,364.00,0.961
291,2,580.00,170.00,614.00,202.00,0.678
291,2,503.00,170.00,559.00,213.00,0.701
291,2,599.00,171.00,638.00,208.00,0.906
291,2,421.00,175.00,474.00,210.00,0.933
291,2,507.00,170.00,586.00,242.00,0.935
291,2,1.00,105.00,138.00,342.00,0.943
291,2,154.00,190.00,431.00,363.00,0.966
292,2,497.00,171.00,543.00,202.00,0.674
292,2,581.00,170.00,615.00,202.00,0.744
292,2,599.00,171.00,638.00,208.00,0.908
292,2,506.00,170.00,586.00,242.00,0.942
292,2,407.00,176.00,464.00,213.00,0.943
292,2,156.00,189.00,432.00,363.00,0.967
293,2,499.00,170.00,554.00,208.00,0.507
293,2,487.00,171.00,529.00,200.00,0.716
293,2,580.00,170.00,614.00,202.00,0.742
293,2,599.00,171.00,638.00,208.00,0.910
293,2,393.00,176.00,454.00,216.00,0.927
293,2,506.00,170.00,585.00,242.00,0.943
293,2,158.00,189.00,432.00,360.00,0.969
294,2,579.00,170.00,613.00,202.00,0.732
294,2,482.00,173.00,515.00,200.00,0.819
294,2,599.00,170.00,637.00,208.00,0.910
294,2,370.00,177.00,441.00,221.00,0.917
294,2,506.00,170.00,584.00,241.00,0.930
294,2,160.00,189.00,433.00,361.00,0.967
295,2,504.00,170.00,559.00,218.00,0.323
295,2,579.00,171.00,613.00,202.00,0.708
295,2,476.00,173.00,511.00,199.00,0.866
295,2,600.00,170.00,637.00,208.00,0.902
295,2,353.00,179.00,429.00,222.00,0.920
295,2,506.00,169.00,583.00,241.00,0.926
295,2,162.00,188.00,435.00,359.00,0.965
296,2,580.00,170.00,615.00,203.00,0.689
296,2,321.00,179.00,414.00,233.00,0.865
296,2,599.00,170.00,638.00,208.00,0.900
296,2,508.00,169.00,583.00,240.00,0.921
296,2,466.00,174.00,505.00,201.00,0.925
296,2,163.00,189.00,436.00,359.00,0.963
297,2,579.00,170.00,616.00,203.00,0.812
297,2,293.00,179.00,389.00,238.00,0.840
297,2,598.00,170.00,639.00,208.00,0.902
297,2,454.00,174.00,496.00,203.00,0.912
297,2,506.00,169.00,583.00,241.00,0.927
297,2,168.00,191.00,435.00,358.00,0.956
298,2,504.00,169.00,560.00,217.00,0.432
298,2,577.00,171.00,613.00,203.00,0.596
298,2,262.00,180.00,374.00,251.00,0.876
298,2,599.00,170.00,638.00,209.00,0.904
298,2,444.00,174.00,490.00,207.00,0.912
298,2,506.00,170.00,583.00,241.00,0.931
298,2,170.00,190.00,436.00,355.00,0.958
299,2,504.00,170.00,560.00,217.00,0.302
299,2,578.00,170.00,616.00,204.00,0.651
299,2,228.00,185.00,349.00,255.00,0.859
299,2,599.00,170.00,638.00,210.00,0.897
299,2,433.00,174.00,487.00,209.00,0.926
299,2,505.00,171.00,583.00,242.00,0.934
299,2,168.00,189.00,437.00,359.00,0.961
300,2,577.00,171.00,615.00,204.00,0.700
300,2,150.00,187.00,316.00,274.00,0.894
300,2,599.00,170.00,638.00,210.00,0.895
300,2,504.00,171.00,583.00,243.00,0.931
300,2,419.00,175.00,478.00,212.00,0.938
300,2,171.00,189.00,437.00,358.00,0.951
301,2,575.00,171.00,613.00,204.00,0.678
301,2,598.00,170.00,638.00,210.00,0.893
301,2,403.00,175.00,468.00,215.00,0.926
301,2,503.00,171.00,583.00,244.00,0.926
301,2,67.00,188.00,266.00,294.00,0.944
301,2,171.00,189.00,436.00,357.00,0.951
302,2,578.00,171.00,617.00,205.00,0.830
302,2,598.00,170.00,639.00,211.00,0.883
302,2,502.00,171.00,581.00,244.00,0.924
302,2,389.00,176.00,457.00,217.00,0.933
302,2,175.00,191.00,438.00,354.00,0.950
302,2,1.00,190.00,219.00,319.00,0.952
303,2,576.00,170.00,616.00,204.00,0.743
303,2,598.00,170.00,639.00,211.00,0.887
303,2,358.00,177.00,446.00,224.00,0.913
303,2,501.00,171.00,581.00,244.00,0.919
303,2,174.00,189.00,437.00,353.00,0.949
303,2,0.00,193.00,149.00,352.00,0.950
304,2,579.00,170.00,617.00,204.00,0.766
304,2,0.00,189.00,43.00,355.00,0.767
304,2,336.00,177.00,430.00,232.00,0.873
304,2,598.00,170.00,639.00,211.00,0.894
304,2,500.00,170.00,580.00,244.00,0.916
304,2,177.00,190.00,439.00,352.00,0.949
305,2,578.00,170.00,616.00,203.00,0.674
305,2,312.00,180.00,421.00,239.00,0.837
305,2,598.00,170.00,639.00,211.00,0.895
305,2,500.00,171.00,578.00,242.00,0.918
305,2,176.00,190.00,437.00,355.00,0.946
306,2,496.00,171.00,556.00,217.00,0.658
306,2,579.00,170.00,617.00,203.00,0.799
306,2,281.00,179.00,396.00,251.00,0.880
306,2,597.00,171.00,639.00,211.00,0.896
306,2,499.00,171.00,578.00,243.00,0.921
306,2,181.00,190.00,439.00,351.00,0.964
307,2,491.00,173.00,538.00,207.00,0.678
307,2,580.00,169.00,616.00,203.00,0.778
307,2,252.00,181.00,386.00,253.00,0.843
307,2,598.00,170.00,639.00,211.00,0.896
307,2,497.00,171.00,578.00,244.00,0.928
307,2,183.00,188.00,442.00,350.00,0.967
308,2,490.00,171.00,554.00,217.00,0.592
308,2,574.00,172.00,613.00,205.00,0.620
308,2,481.00,174.00,523.00,203.00,0.807
308,2,186.00,183.00,338.00,262.00,0.899
308,2,598.00,172.00,640.00,213.00,0.905
308,2,497.00,172.00,580.00,246.00,0.925
308,2,184.00,188.00,445.00,350.00,0.959
309,2,574.00,172.00,612.00,204.00,0.569
309,2,474.00,174.00,516.00,203.00,0.823
309,2,598.00,172.00,640.00,213.00,0.913
309,2,496.00,172.00,579.00,246.00,0.921
309,2,113.00,182.00,319.00,277.00,0.932
309,2,187.00,189.00,443.00,350.00,0.963
310,2,574.00,172.00,612.00,205.00,0.600
310,2,465.00,175.00,510.00,205.00,0.883
310,2,598.00,172.00,640.00,213.00,0.911
310,2,495.00,172.00,577.00,244.00,0.920
310,2,8.00,185.00,269.00,301.00,0.940
310,2,184.00,190.00,445.00,352.00,0.958
311,2,572.00,172.00,610.00,205.00,0.584
311,2,456.00,176.00,503.00,207.00,0.906
311,2,598.00,172.00,640.00,213.00,0.912
311,2,495.00,173.00,579.00,248.00,0.925
311,2,0.00,188.00,215.00,331.00,0.957
311,2,182.00,189.00,443.00,354.00,0.959
312,2,573.00,172.00,612.00,206.00,0.506
312,2,599.00,172.00,641.00,214.00,0.914
312,2,495.00,173.00,578.00,246.00,0.921
312,2,446.00,177.00,495.00,210.00,0.931
312,2,0.00,188.00,137.00,355.00,0.944
312,2,180.00,189.00,445.00,354.00,0.959
313,2,572.00,174.00,608.00,206.00,0.572
313,2,494.00,172.00,576.00,245.00,0.914
313,2,598.00,172.00,643.00,214.00,0.914
313,2,433.00,176.00,489.00,212.00,0.937
313,2,178.00,189.00,443.00,355.00,0.957
314,2,572.00,173.00,609.00,206.00,0.709
314,2,598.00,172.00,641.00,214.00,0.911
314,2,493.00,172.00,575.00,246.00,0.920
314,2,420.00,177.00,482.00,215.00,0.945
314,2,176.00,191.00,441.00,355.00,0.951
315,2,573.00,174.00,610.00,207.00,0.639
315,2,598.00,172.00,641.00,215.00,0.912
315,2,491.00,173.00,577.00,251.00,0.924
315,2,171.00,189.00,439.00,359.00,0.949
315,2,407.00,177.00,475.00,218.00,0.955
316,2,573.00,173.00,613.00,206.00,0.747
316,2,599.00,172.00,641.00,215.00,0.912
316,2,490.00,173.00,577.00,252.00,0.923
316,2,393.00,179.00,464.00,221.00,0.945
316,2,169.00,190.00,439.00,360.00,0.953
317,2,575.00,173.00,613.00,207.00,0.676
317,2,598.00,173.00,641.00,216.00,0.905
317,2,489.00,174.00,577.00,253.00,0.923
317,2,372.00,181.00,452.00,226.00,0.940
317,2,162.00,191.00,439.00,364.00,0.964
318,2,513.00,174.00,575.00,224.00,0.468
318,2,573.00,173.00,613.00,206.00,0.730
318,2,598.00,172.00,641.00,216.00,0.915
318,2,487.00,174.00,577.00,254.00,0.920
318,2,347.00,180.00,439.00,235.00,0.925
318,2,157.00,191.00,438.00,365.00,0.967
319,2,512.00,174.00,574.00,223.00,0.293
319,2,571.00,172.00,608.00,206.00,0.601
319,2,323.00,180.00,426.00,238.00,0.902
319,2,485.00,173.00,577.00,255.00,0.913
319,2,598.00,172.00,641.00,216.00,0.924
319,2,152.00,190.00,438.00,365.00,0.963
320,2,488.00,173.00,552.00,225.00,0.258
320,2,512.00,172.00,574.00,222.00,0.304
320,2,573.00,172.00,612.00,204.00,0.806
320,2,300.00,181.00,409.00,243.00,0.863
320,2,484.00,171.00,575.00,254.00,0.912
320,2,598.00,171.00,642.00,215.00,0.919
320,2,148.00,189.00,439.00,366.00,0.965
321,2,511.00,169.00,573.00,221.00,0.441
321,2,574.00,169.00,612.00,203.00,0.705
321,2,483.00,169.00,575.00,254.00,0.911
321,2,271.00,179.00,382.00,255.00,0.915
321,2,598.00,171.00,642.00,214.00,0.915
321,2,146.00,188.00,439.00,366.00,0.968
322,2,487.00,173.00,552.00,223.00,0.339
322,2,515.00,168.00,576.00,219.00,0.652
322,2,574.00,170.00,613.00,203.00,0.871
322,2,230.00,181.00,358.00,259.00,0.887
322,2,597.00,170.00,642.00,214.00,0.909
322,2,482.00,170.00,575.00,253.00,0.915
322,2,145.00,187.00,436.00,367.00,0.966
323,2,518.00,168.00,576.00,217.00,0.598
323,2,178.00,183.00,336.00,264.00,0.828
323,2,573.00,170.00,610.00,203.00,0.835
323,2,597.00,169.00,643.00,214.00,0.916
323,2,480.00,169.00,574.00,255.00,0.922
323,2,139.00,185.00,436.00,368.00,0.962
324,2,508.00,170.00,574.00,224.00,0.560
324,2,573.00,170.00,610.00,203.00,0.759
324,2,597.00,170.00,642.00,213.00,0.918
324,2,479.00,168.00,574.00,255.00,0.923
324,2,42.00,182.00,294.00,294.00,0.949
324,2,135.00,188.00,436.00,369.00,0.957
325,2,513.00,168.00,574.00,217.00,0.256
325,2,485.00,171.00,550.00,223.00,0.423
325,2,573.00,169.00,610.00,202.00,0.700
325,2,597.00,169.00,643.00,213.00,0.923
325,2,478.00,168.00,574.00,255.00,0.929
325,2,1.00,184.00,253.00,317.00,0.940
325,2,135.00,188.00,436.00,369.00,0.958
326,2,511.00,170.00,573.00,223.00,0.371
326,2,486.00,171.00,549.00,222.00,0.391
326,2,573.00,171.00,608.00,201.00,0.774
326,2,597.00,169.00,643.00,213.00,0.926
326,2,1.00,187.00,187.00,334.00,0.930
326,2,478.00,167.00,574.00,255.00,0.934
326,2,131.00,189.00,435.00,369.00,0.959
327,2,511.00,171.00,572.00,223.00,0.350
327,2,486.00,171.00,548.00,221.00,0.425
327,2,572.00,171.00,607.00,201.00,0.750
327,2,0.00,190.00,126.00,339.00,0.917
327,2,597.00,171.00,643.00,213.00,0.920
327,2,477.00,167.00,573.00,255.00,0.935
327,2,133.00,189.00,435.00,369.00,0.957
328,2,486.00,171.00,551.00,222.00,0.462
328,2,516.00,171.00,573.00,221.00,0.498
328,2,573.00,171.00,608.00,201.00,0.823
328,2,597.00,170.00,643.00,214.00,0.921
328,2,478.00,168.00,573.00,255.00,0.931
328,2,135.00,188.00,435.00,368.00,0.953
329,2,515.00,170.00,573.00,222.00,0.476
329,2,572.00,170.00,609.00,202.00,0.832
329,2,597.00,169.00,643.00,214.00,0.920
329,2,478.00,168.00,573.00,255.00,0.933
329,2,139.00,188.00,435.00,368.00,0.958
330,2,519.00,171.00,574.00,220.00,0.557
330,2,571.00,170.00,610.00,203.00,0.821
330,2,597.00,170.00,643.00,214.00,0.918
330,2,478.00,168.00,573.00,255.00,0.934
330,2,142.00,188.00,437.00,367.00,0.963
331,2,520.00,167.00,578.00,216.00,0.687
331,2,571.00,171.00,609.00,203.00,0.748
331,2,597.00,170.00,643.00,215.00,0.916
331,2,479.00,169.00,573.00,254.00,0.929
331,2,145.00,187.00,438.00,367.00,0.965
332,2,520.00,168.00,577.00,216.00,0.701
332,2,572.00,171.00,609.00,203.00,0.759
332,2,597.00,170.00,644.00,215.00,0.921
332,2,480.00,169.00,573.00,254.00,0.932
332,2,149.00,187.00,438.00,366.00,0.967
333,2,517.00,170.00,575.00,220.00,0.628
333,2,572.00,170.00,609.00,202.00,0.664
333,2,597.00,170.00,643.00,214.00,0.925
333,2,481.00,169.00,573.00,252.00,0.934
333,2,156.00,186.00,439.00,365.00,0.968
334,2,539.00,170.00,595.00,207.00,0.287
334,2,519.00,171.00,575.00,219.00,0.553
334,2,572.00,170.00,609.00,202.00,0.649
334,2,597.00,170.00,644.00,214.00,0.919
334,2,481.00,169.00,574.00,252.00,0.944
334,2,161.00,186.00,441.00,362.00,0.962
335,2,571.00,171.00,608.00,202.00,0.619
335,2,519.00,167.00,577.00,214.00,0.641
335,2,597.00,170.00,643.00,214.00,0.923
335,2,482.00,169.00,573.00,251.00,0.941
335,2,169.00,188.00,441.00,359.00,0.956
336,2,520.00,167.00,577.00,214.00,0.683
336,2,573.00,171.00,609.00,201.00,0.727
336,2,598.00,170.00,644.00,213.00,0.925
336,2,483.00,169.00,573.00,250.00,0.938
336,2,177.00,187.00,445.00,356.00,0.959
337,2,521.00,167.00,578.00,215.00,0.626
337,2,573.00,171.00,608.00,202.00,0.791
337,2,597.00,170.00,645.00,213.00,0.920
337,2,484.00,170.00,574.00,250.00,0.944
337,2,186.00,187.00,449.00,353.00,0.962
338,2,541.00,171.00,595.00,208.00,0.428
338,2,520.00,170.00,579.00,216.00,0.644
338,2,572.00,172.00,608.00,203.00,0.736
338,2,598.00,171.00,645.00,215.00,0.930
338,2,485.00,171.00,575.00,251.00,0.942
338,2,192.00,189.00,450.00,352.00,0.961
