0,2,1.00,208.00,294.00,374.00,0.918
0,2,538.00,145.00,585.00,203.00,0.940
1,2,0.00,210.00,285.00,374.00,0.913
1,2,538.00,144.00,584.00,201.00,0.934
2,2,539.00,143.00,585.00,199.00,0.922
2,2,0.00,208.00,267.00,374.00,0.930
3,2,0.00,210.00,237.00,373.00,0.926
3,2,539.00,142.00,584.00,198.00,0.927
4,2,539.00,140.00,583.00,196.00,0.932
4,2,2.00,223.00,210.00,374.00,0.932
5,2,0.00,231.00,192.00,371.00,0.914
5,2,541.00,138.00,586.00,195.00,0.938
6,2,1.00,230.00,174.00,374.00,0.785
6,2,542.00,137.00,587.00,195.00,0.936
7,2,3.00,232.00,145.00,374.00,0.772
7,2,542.00,137.00,588.00,195.00,0.935
8,2,544.00,138.00,591.00,195.00,0.937
9,2,546.00,137.00,594.00,195.00,0.949
10,2,548.00,138.00,594.00,194.00,0.943
11,2,552.00,134.00,598.00,193.00,0.958
12,2,553.00,133.00,599.00,191.00,0.944
13,2,555.00,131.00,600.00,191.00,0.918
14,2,518.00,159.00,540.00,181.00,0.298
14,2,556.00,131.00,604.00,190.00,0.913
15,2,520.00,161.00,544.00,182.00,0.439
15,2,559.00,134.00,606.00,192.00,0.911
16,2,521.00,162.00,545.00,183.00,0.510
16,2,561.00,137.00,609.00,193.00,0.945
17,2,525.00,160.00,549.00,182.00,0.682
17,2,566.00,136.00,610.00,192.00,0.934
18,2,528.00,161.00,552.00,183.00,0.528
18,2,568.00,131.00,616.00,191.00,0.940
19,2,531.00,160.00,557.00,181.00,0.577
19,2,572.00,129.00,621.00,191.00,0.922
20,2,535.00,158.00,560.00,181.00,0.725
20,2,577.00,130.00,626.00,189.00,0.933
21,2,539.00,156.00,565.00,179.00,0.469
21,2,580.00,129.00,626.00,187.00,0.936
22,2,543.00,156.00,569.00,179.00,0.700
22,2,584.00,129.00,632.00,190.00,0.922
23,2,547.00,156.00,573.00,179.00,0.768
23,2,588.00,129.00,636.00,187.00,0.924
24,2,551.00,156.00,578.00,180.00,0.637
24,2,596.00,129.00,641.00,188.00,0.885
25,2,555.00,157.00,582.00,180.00,0.672
25,2,599.00,128.00,646.00,189.00,0.947
26,2,558.00,157.00,586.00,181.00,0.712
26,2,602.00,128.00,652.00,190.00,0.934
27,2,560.00,157.00,588.00,181.00,0.875
27,2,605.00,128.00,656.00,190.00,0.926
28,2,563.00,159.00,590.00,182.00,0.844
28,2,608.00,128.00,657.00,190.00,0.958
29,2,566.00,158.00,594.00,182.00,0.857
29,2,611.00,128.00,660.00,191.00,0.943
30,2,570.00,155.00,598.00,181.00,0.899
30,2,615.00,129.00,663.00,193.00,0.943
31,2,620.00,129.00,666.00,190.00,0.927
31,2,572.00,156.00,600.00,182.00,0.937
32,2,573.00,158.00,602.00,183.00,0.908
32,2,623.00,127.00,672.00,189.00,0.943
33,2,577.00,159.00,607.00,184.00,0.858
33,2,628.00,131.00,675.00,193.00,0.925
34,2,579.00,158.00,610.00,184.00,0.869
34,2,630.00,130.00,682.00,192.00,0.945
35,2,583.00,160.00,613.00,186.00,0.872
35,2,634.00,130.00,688.00,193.00,0.942
36,2,585.00,159.00,618.00,187.00,0.856
36,2,642.00,133.00,691.00,196.00,0.960
37,2,590.00,163.00,623.00,190.00,0.897
37,2,646.00,133.00,699.00,197.00,0.945
38,2,591.00,166.00,628.00,194.00,0.913
38,2,651.00,142.00,703.00,202.00,0.924
39,2,596.00,167.00,633.00,196.00,0.902
39,2,657.00,143.00,709.00,205.00,0.943
40,2,601.00,166.00,638.00,196.00,0.901
40,2,662.00,140.00,713.00,203.00,0.941
41,2,604.00,163.00,643.00,195.00,0.906
41,2,667.00,135.00,721.00,200.00,0.947
42,2,608.00,164.00,645.00,194.00,0.909
42,2,672.00,132.00,727.00,200.00,0.955
43,2,609.00,162.00,650.00,194.00,0.905
43,2,675.00,133.00,733.00,200.00,0.945
44,2,610.00,163.00,652.00,196.00,0.923
44,2,679.00,134.00,736.00,200.00,0.946
45,2,611.00,163.00,655.00,198.00,0.928
45,2,682.00,135.00,739.00,200.00,0.942
46,2,611.00,163.00,656.00,200.00,0.935
46,2,685.00,133.00,743.00,203.00,0.954
47,2,610.00,164.00,656.00,202.00,0.945
47,2,685.00,132.00,744.00,204.00,0.958
48,2,606.00,166.00,653.00,203.00,0.933
48,2,683.00,132.00,744.00,204.00,0.951
49,2,600.00,168.00,649.00,206.00,0.926
49,2,679.00,134.00,743.00,208.00,0.946
50,2,593.00,168.00,645.00,209.00,0.911
50,2,674.00,133.00,741.00,210.00,0.947
51,2,589.00,168.00,641.00,210.00,0.938
51,2,671.00,133.00,737.00,211.00,0.955
52,2,581.00,168.00,638.00,214.00,0.947
52,2,668.00,134.00,736.00,211.00,0.956
53,2,574.00,168.00,631.00,214.00,0.924
53,2,662.00,134.00,731.00,209.00,0.943
54,2,569.00,169.00,627.00,216.00,0.933
54,2,659.00,134.00,730.00,210.00,0.943
55,2,559.00,169.00,621.00,219.00,0.939
55,2,654.00,132.00,726.00,212.00,0.944
56,2,649.00,131.00,723.00,211.00,0.945
56,2,552.00,169.00,617.00,221.00,0.948
57,2,644.00,132.00,719.00,213.00,0.943
57,2,543.00,168.00,612.00,225.00,0.955
58,2,643.00,132.00,716.00,215.00,0.948
58,2,536.00,169.00,606.00,228.00,0.959
59,2,637.00,129.00,714.00,214.00,0.954
59,2,527.00,169.00,604.00,230.00,0.962
60,2,520.00,168.00,600.00,233.00,0.953
60,2,634.00,127.00,714.00,215.00,0.956
61,2,632.00,127.00,713.00,216.00,0.957
61,2,511.00,170.00,595.00,238.00,0.961
62,2,630.00,126.00,711.00,216.00,0.957
62,2,503.00,169.00,592.00,243.00,0.960
63,2,494.00,169.00,589.00,248.00,0.952
63,2,628.00,125.00,710.00,216.00,0.960
64,2,628.00,126.00,709.00,218.00,0.962
64,2,482.00,168.00,590.00,255.00,0.964
65,2,470.00,169.00,585.00,262.00,0.958
65,2,626.00,126.00,710.00,220.00,0.960
66,2,624.00,124.00,710.00,221.00,0.959
66,2,455.00,171.00,582.00,270.00,0.975
67,2,618.00,124.00,709.00,223.00,0.962
67,2,441.00,173.00,577.00,278.00,0.963
68,2,615.00,123.00,706.00,224.00,0.962
68,2,421.00,173.00,571.00,288.00,0.967
69,2,612.00,122.00,705.00,226.00,0.965
69,2,400.00,175.00,562.00,302.00,0.971
70,2,609.00,120.00,704.00,228.00,0.965
70,2,377.00,175.00,558.00,312.00,0.971
71,2,604.00,120.00,702.00,229.00,0.961
71,2,349.00,174.00,553.00,330.00,0.971
72,2,602.00,122.00,699.00,231.00,0.961
72,2,316.00,177.00,544.00,346.00,0.965
73,2,283.00,178.00,537.00,365.00,0.965
73,2,599.00,121.00,698.00,231.00,0.966
74,2,597.00,121.00,697.00,233.00,0.968
74,2,243.00,177.00,532.00,374.00,0.968
75,2,195.00,184.00,521.00,373.00,0.928
75,2,592.00,119.00,696.00,234.00,0.968
76,2,145.00,187.00,511.00,374.00,0.858
76,2,590.00,120.00,693.00,234.00,0.969
77,2,90.00,188.00,497.00,372.00,0.817
77,2,589.00,121.00,692.00,234.00,0.969
78,2,30.00,186.00,490.00,372.00,0.755
78,2,588.00,120.00,693.00,235.00,0.970
79,2,22.00,191.00,481.00,372.00,0.868
79,2,588.00,122.00,692.00,236.00,0.968
80,2,588.00,123.00,690.00,239.00,0.965
80,2,4.00,197.00,466.00,374.00,0.965
81,2,590.00,124.00,690.00,242.00,0.964
81,2,3.00,200.00,450.00,374.00,0.968
82,2,5.00,202.00,433.00,374.00,0.964
82,2,589.00,126.00,690.00,243.00,0.964
83,2,1.00,206.00,416.00,374.00,0.933
83,2,590.00,126.00,692.00,243.00,0.967
84,2,0.00,204.00,128.00,290.00,0.400
84,2,2.00,212.00,393.00,374.00,0.964
84,2,590.00,125.00,694.00,243.00,0.968
85,2,4.00,219.00,367.00,374.00,0.963
85,2,591.00,123.00,699.00,244.00,0.971
86,2,5.00,224.00,332.00,374.00,0.938
86,2,593.00,122.00,702.00,244.00,0.971
87,2,2.00,219.00,290.00,374.00,0.959
87,2,596.00,122.00,705.00,245.00,0.972
88,2,1.00,233.00,250.00,374.00,0.896
88,2,599.00,123.00,707.00,245.00,0.968
89,2,603.00,121.00,713.00,244.00,0.968
90,2,608.00,122.00,716.00,247.00,0.962
91,2,614.00,122.00,722.00,248.00,0.958
92,2,620.00,122.00,733.00,249.00,0.960
93,2,624.00,119.00,736.00,251.00,0.962
94,2,629.00,122.00,740.00,252.00,0.964
95,2,633.00,122.00,746.00,252.00,0.969
96,2,641.00,120.00,754.00,254.00,0.966
97,2,647.00,120.00,765.00,255.00,0.972
98,2,654.00,118.00,772.00,256.00,0.971
99,2,659.00,116.00,784.00,257.00,0.965
100,2,667.00,118.00,791.00,258.00,0.961
101,2,674.00,110.00,804.00,259.00,0.967
102,2,680.00,113.00,811.00,260.00,0.966
103,2,685.00,112.00,819.00,261.00,0.971
104,2,692.00,109.00,829.00,263.00,0.971
105,2,695.00,108.00,838.00,265.00,0.974
106,2,700.00,106.00,851.00,267.00,0.968
107,2,702.00,107.00,855.00,268.00,0.966
108,2,702.00,106.00,861.00,271.00,0.964
109,2,704.00,101.00,871.00,273.00,0.961
110,2,705.00,100.00,878.00,276.00,0.967
111,2,706.00,97.00,881.00,280.00,0.966
112,2,708.00,96.00,887.00,283.00,0.971
113,2,708.00,95.00,900.00,287.00,0.970
114,2,712.00,88.00,914.00,290.00,0.975
115,2,714.00,81.00,930.00,293.00,0.975
116,2,718.00,74.00,941.00,296.00,0.967
117,2,717.00,63.00,960.00,298.00,0.965
118,2,724.00,60.00,973.00,306.00,0.969
119,2,728.00,57.00,993.00,310.00,0.965
120,2,730.00,57.00,1015.00,316.00,0.968
121,2,733.00,52.00,1040.00,328.00,0.974
122,2,737.00,43.00,1062.00,342.00,0.954
123,2,741.00,26.00,1095.00,357.00,0.964
124,2,742.00,15.00,1131.00,364.00,0.969
125,2,747.00,4.00,1173.00,367.00,0.961
126,2,747.00,0.00,1230.00,370.00,0.970
127,2,1137.00,151.00,1238.00,330.00,0.263
127,2,751.00,0.00,1238.00,373.00,0.976
128,2,749.00,0.00,1230.00,369.00,0.970
129,2,759.00,0.00,1238.00,372.00,0.976
130,2,763.00,0.00,1238.00,373.00,0.979
131,2,767.00,0.00,1238.00,374.00,0.978
132,2,770.00,0.00,1238.00,373.00,0.975
133,2,777.00,0.00,1238.00,374.00,0.970
134,2,779.00,0.00,1238.00,373.00,0.969
135,2,791.00,0.00,1238.00,370.00,0.965
136,2,800.00,0.00,1238.00,370.00,0.965
137,2,812.00,0.00,1238.00,369.00,0.968
138,2,828.00,0.00,1238.00,368.00,0.968
139,2,839.00,0.00,1238.00,372.00,0.972
140,2,846.00,0.00,1238.00,373.00,0.956
141,2,871.00,0.00,1238.00,374.00,0.957
142,2,892.00,0.00,1238.00,373.00,0.928
143,2,923.00,0.00,1238.00,372.00,0.572
146,2,1088.00,134.00,1238.00,370.00,0.508
188,2,516.00,172.00,538.00,205.00,0.294
189,2,520.00,174.00,545.00,198.00,0.288
190,2,518.00,176.00,548.00,198.00,0.665
191,2,517.00,176.00,550.00,200.00,0.741
192,2,518.00,177.00,551.00,199.00,0.786
193,2,519.00,176.00,551.00,198.00,0.808
194,2,520.00,174.00,552.00,197.00,0.785
195,2,520.00,172.00,551.00,195.00,0.823
196,2,523.00,169.00,552.00,194.00,0.823
197,2,525.00,168.00,554.00,193.00,0.895
198,2,528.00,169.00,557.00,193.00,0.859
199,2,529.00,167.00,559.00,192.00,0.898
200,2,531.00,168.00,560.00,191.00,0.897
201,2,536.00,168.00,563.00,190.00,0.870
202,2,538.00,167.00,566.00,190.00,0.862
203,2,541.00,166.00,569.00,190.00,0.901
204,2,543.00,167.00,573.00,190.00,0.883
205,2,545.00,166.00,574.00,190.00,0.888
206,2,548.00,167.00,577.00,190.00,0.856
207,2,551.00,167.00,581.00,191.00,0.857
208,2,552.00,165.00,581.00,190.00,0.869
209,2,553.00,166.00,582.00,190.00,0.907
210,2,553.00,165.00,583.00,190.00,0.906
211,2,552.00,165.00,583.00,190.00,0.920
212,2,553.00,165.00,582.00,190.00,0.919
213,2,552.00,165.00,582.00,191.00,0.919
214,2,552.00,164.00,584.00,190.00,0.919
215,2,554.00,164.00,584.00,190.00,0.947
216,2,555.00,164.00,587.00,190.00,0.954
217,2,557.00,164.00,588.00,191.00,0.941
218,2,558.00,165.00,590.00,191.00,0.917
219,2,559.00,165.00,592.00,192.00,0.923
220,2,560.00,164.00,593.00,191.00,0.918
221,2,564.00,164.00,596.00,192.00,0.901
222,2,565.00,165.00,597.00,192.00,0.902
223,2,565.00,165.00,599.00,192.00,0.897
224,2,566.00,166.00,600.00,193.00,0.891
225,2,567.00,165.00,600.00,194.00,0.895
226,2,566.00,166.00,600.00,195.00,0.893
227,2,567.00,166.00,601.00,195.00,0.900
228,2,564.00,166.00,599.00,194.00,0.890
229,2,564.00,165.00,599.00,194.00,0.890
230,2,562.00,165.00,597.00,193.00,0.897
231,2,558.00,165.00,595.00,194.00,0.929
232,2,556.00,166.00,593.00,195.00,0.931
233,2,553.00,167.00,591.00,197.00,0.903
234,2,549.00,168.00,587.00,197.00,0.917
235,2,545.00,170.00,584.00,198.00,0.910
236,2,542.00,170.00,581.00,199.00,0.906
237,2,540.00,171.00,578.00,200.00,0.848
238,2,537.00,173.00,576.00,201.00,0.791
239,2,536.00,173.00,574.00,203.00,0.903
240,2,534.00,175.00,573.00,205.00,0.910
241,2,533.00,175.00,572.00,206.00,0.909
242,2,532.00,176.00,572.00,207.00,0.913
243,2,533.00,177.00,572.00,207.00,0.914
244,2,533.00,176.00,574.00,208.00,0.906
245,2,534.00,176.00,576.00,207.00,0.896
246,2,536.00,175.00,578.00,206.00,0.891
247,2,539.00,175.00,582.00,207.00,0.914
248,2,543.00,177.00,586.00,208.00,0.899
249,2,546.00,176.00,588.00,208.00,0.908
250,2,550.00,177.00,592.00,209.00,0.932
251,2,553.00,176.00,596.00,209.00,0.939
252,2,556.00,177.00,600.00,210.00,0.937
253,2,558.00,177.00,602.00,210.00,0.920
254,2,559.00,176.00,604.00,209.00,0.921
255,2,559.00,176.00,604.00,210.00,0.927
256,2,559.00,177.00,604.00,211.00,0.929
257,2,558.00,177.00,604.00,211.00,0.927
258,2,558.00,176.00,604.00,210.00,0.934
259,2,556.00,175.00,603.00,209.00,0.929
260,2,555.00,175.00,603.00,210.00,0.926
261,2,555.00,175.00,602.00,211.00,0.926
262,2,553.00,176.00,601.00,212.00,0.943
263,2,553.00,175.00,599.00,210.00,0.937
264,2,552.00,174.00,599.00,210.00,0.931
265,2,551.00,173.00,598.00,209.00,0.926
266,2,551.00,173.00,598.00,209.00,0.930
267,2,550.00,174.00,598.00,211.00,0.921
268,2,549.00,175.00,598.00,212.00,0.923
269,2,547.00,176.00,597.00,215.00,0.925
270,2,548.00,178.00,596.00,216.00,0.923
271,2,547.00,178.00,597.00,216.00,0.931
272,2,547.00,180.00,596.00,218.00,0.915
273,2,547.00,181.00,596.00,220.00,0.912
274,2,546.00,182.00,596.00,220.00,0.915
275,2,545.00,181.00,597.00,221.00,0.921
276,2,544.00,180.00,596.00,220.00,0.916
277,2,544.00,180.00,596.00,220.00,0.914
278,2,544.00,180.00,597.00,220.00,0.915
279,2,542.00,177.00,597.00,218.00,0.918
280,2,541.00,173.00,597.00,215.00,0.933
281,2,543.00,170.00,597.00,212.00,0.926
282,2,543.00,167.00,597.00,209.00,0.926
283,2,542.00,163.00,597.00,207.00,0.931
284,2,540.00,164.00,597.00,205.00,0.929
285,2,538.00,163.00,594.00,205.00,0.949
286,2,538.00,161.00,592.00,203.00,0.947
287,2,536.00,159.00,593.00,202.00,0.925
288,2,536.00,157.00,591.00,201.00,0.924
289,2,535.00,156.00,590.00,201.00,0.930
290,2,1071.00,6.00,1237.00,322.00,0.772
290,2,533.00,155.00,589.00,202.00,0.916
291,2,530.00,156.00,589.00,203.00,0.912
292,2,529.00,158.00,587.00,203.00,0.899
293,2,529.00,158.00,595.00,207.00,0.878
294,2,561.00,155.00,602.00,225.00,0.303
294,2,527.00,161.00,583.00,208.00,0.838
295,2,526.00,162.00,579.00,210.00,0.713
296,2,526.00,164.00,580.00,212.00,0.776
297,2,526.00,164.00,581.00,214.00,0.718
298,2,531.00,162.00,587.00,224.00,0.423
303,2,554.00,175.00,602.00,241.00,0.301
304,2,544.00,175.00,607.00,248.00,0.396
305,2,531.00,173.00,594.00,251.00,0.497
306,2,535.00,175.00,603.00,238.00,0.780
307,2,534.00,175.00,604.00,233.00,0.830
308,2,538.00,173.00,607.00,229.00,0.879
309,2,539.00,171.00,608.00,229.00,0.909
310,2,534.00,171.00,604.00,229.00,0.914
311,2,533.00,171.00,604.00,228.00,0.936
312,2,529.00,170.00,604.00,228.00,0.939
313,2,525.00,171.00,600.00,228.00,0.941
314,2,522.00,171.00,598.00,229.00,0.948
315,2,520.00,171.00,596.00,228.00,0.952
316,2,517.00,171.00,594.00,229.00,0.958
317,2,514.00,170.00,592.00,229.00,0.959
318,2,512.00,170.00,591.00,229.00,0.966
319,2,510.00,170.00,589.00,230.00,0.965
320,2,507.00,170.00,586.00,229.00,0.951
321,2,502.00,170.00,583.00,230.00,0.952
322,2,503.00,171.00,581.00,230.00,0.948
323,2,500.00,170.00,579.00,231.00,0.939
324,2,497.00,171.00,577.00,231.00,0.940
325,2,496.00,171.00,574.00,231.00,0.948
326,2,492.00,171.00,575.00,232.00,0.944
327,2,491.00,171.00,571.00,232.00,0.944
328,2,489.00,171.00,571.00,234.00,0.954
329,2,486.00,171.00,577.00,234.00,0.952
330,2,483.00,172.00,574.00,234.00,0.926
331,2,481.00,171.00,571.00,234.00,0.915
332,2,477.00,171.00,566.00,234.00,0.901
333,2,474.00,171.00,562.00,234.00,0.907
334,2,472.00,171.00,559.00,234.00,0.919
335,2,471.00,171.00,555.00,235.00,0.893
336,2,470.00,166.00,561.00,235.00,0.880
337,2,467.00,167.00,556.00,237.00,0.875
338,2,462.00,168.00,554.00,238.00,0.856
339,2,461.00,167.00,548.00,234.00,0.854
340,2,455.00,167.00,550.00,234.00,0.833
341,2,451.00,167.00,549.00,240.00,0.739
342,2,453.00,167.00,542.00,235.00,0.795
343,2,453.00,168.00,541.00,234.00,0.772
344,2,456.00,169.00,543.00,238.00,0.770
345,2,454.00,167.00,539.00,240.00,0.784
346,2,457.00,167.00,538.00,238.00,0.702
347,2,438.00,169.00,543.00,240.00,0.748
348,2,440.00,168.00,547.00,243.00,0.809
349,2,430.00,169.00,538.00,243.00,0.830
350,2,430.00,169.00,528.00,242.00,0.823
351,2,420.00,168.00,522.00,245.00,0.861
352,2,419.00,170.00,522.00,243.00,0.821
353,2,477.00,159.00,548.00,318.00,0.322
353,2,411.00,169.00,520.00,246.00,0.643
354,2,403.00,167.00,519.00,251.00,0.729
355,2,406.00,168.00,510.00,250.00,0.603
356,2,396.00,170.00,504.00,250.00,0.266
356,2,440.00,161.00,537.00,250.00,0.318
357,2,402.00,172.00,503.00,251.00,0.499
358,2,434.00,163.00,531.00,245.00,0.382
358,2,397.00,172.00,493.00,254.00,0.417
359,2,395.00,172.00,494.00,253.00,0.702
360,2,397.00,174.00,491.00,254.00,0.737
361,2,390.00,175.00,494.00,249.00,0.632
362,2,390.00,172.00,493.00,255.00,0.726
363,2,370.00,175.00,477.00,258.00,0.841
364,2,362.00,174.00,468.00,257.00,0.863
365,2,355.00,174.00,472.00,258.00,0.814
366,2,351.00,173.00,468.00,257.00,0.841
367,2,440.00,162.00,531.00,264.00,0.414
367,2,347.00,175.00,465.00,257.00,0.784
368,2,396.00,164.00,513.00,268.00,0.491
368,2,353.00,172.00,472.00,262.00,0.722
369,2,434.00,166.00,520.00,253.00,0.394
369,2,348.00,171.00,460.00,267.00,0.778
370,2,359.00,169.00,468.00,270.00,0.673
371,2,394.00,171.00,497.00,259.00,0.348
371,2,352.00,166.00,459.00,280.00,0.546
372,2,343.00,172.00,460.00,275.00,0.507
373,2,355.00,164.00,476.00,259.00,0.526
374,2,329.00,175.00,452.00,271.00,0.496
374,2,296.00,182.00,400.00,270.00,0.535
375,2,298.00,177.00,412.00,280.00,0.413
375,2,357.00,173.00,469.00,260.00,0.656
376,2,286.00,176.00,413.00,291.00,0.452
376,2,338.00,176.00,450.00,262.00,0.686
377,2,324.00,178.00,445.00,258.00,0.756
378,2,361.00,172.00,442.00,303.00,0.411
378,2,326.00,178.00,454.00,255.00,0.679
379,2,337.00,178.00,455.00,268.00,0.759
380,2,327.00,177.00,451.00,278.00,0.849
381,2,313.00,179.00,452.00,279.00,0.843
382,2,299.00,179.00,443.00,286.00,0.769
383,2,287.00,177.00,437.00,290.00,0.894
384,2,286.00,179.00,433.00,285.00,0.875
385,2,264.00,180.00,426.00,291.00,0.919
386,2,243.00,182.00,419.00,294.00,0.914
387,2,218.00,180.00,410.00,299.00,0.908
388,2,210.00,181.00,402.00,301.00,0.967
389,2,193.00,181.00,392.00,304.00,0.947
390,2,174.00,181.00,383.00,310.00,0.957
391,2,148.00,180.00,372.00,316.00,0.957
392,2,138.00,177.00,363.00,318.00,0.938
393,2,111.00,178.00,352.00,323.00,0.953
394,2,87.00,177.00,345.00,328.00,0.949
395,2,73.00,180.00,340.00,332.00,0.958
396,2,49.00,183.00,331.00,337.00,0.950
397,2,33.00,182.00,324.00,343.00,0.955
398,2,19.00,180.00,319.00,349.00,0.952
399,2,5.00,185.00,317.00,354.00,0.959
400,2,3.00,185.00,328.00,362.00,0.950
401,2,0.00,184.00,322.00,366.00,0.938
402,2,0.00,177.00,316.00,373.00,0.904
403,2,0.00,165.00,314.00,372.00,0.869
404,2,0.00,165.00,324.00,374.00,0.746
405,2,0.00,180.00,338.00,374.00,0.928
406,2,0.00,191.00,346.00,374.00,0.963
407,2,0.00,208.00,76.00,372.00,0.691
407,2,0.00,192.00,350.00,374.00,0.975
408,2,0.00,193.00,356.00,374.00,0.975
409,2,0.00,195.00,363.00,374.00,0.974
410,2,0.00,211.00,70.00,340.00,0.333
410,2,0.00,197.00,371.00,374.00,0.975
411,2,0.00,200.00,378.00,373.00,0.978
412,2,0.00,201.00,382.00,374.00,0.980
413,2,0.00,198.00,390.00,374.00,0.977
414,2,1.00,196.00,402.00,373.00,0.977
415,2,0.00,196.00,410.00,373.00,0.975
416,2,5.00,195.00,413.00,374.00,0.978
417,2,3.00,194.00,421.00,374.00,0.976
418,2,1.00,191.00,424.00,374.00,0.974
419,2,0.00,191.00,422.00,374.00,0.973
420,2,0.00,190.00,419.00,374.00,0.972
421,2,1.00,192.00,415.00,374.00,0.971
422,2,1.00,193.00,406.00,374.00,0.966
423,2,4.00,193.00,388.00,373.00,0.965
424,2,1.00,199.00,379.00,373.00,0.969
425,2,0.00,201.00,363.00,374.00,0.960
426,2,0.00,202.00,349.00,371.00,0.958
427,2,0.00,211.00,320.00,371.00,0.958
428,2,1.00,212.00,293.00,373.00,0.940
429,2,0.00,219.00,250.00,373.00,0.941
430,2,0.00,232.00,209.00,371.00,0.878
467,2,1192.00,185.00,1238.00,371.00,0.251
479,2,495.00,166.00,535.00,200.00,0.601
480,2,493.00,166.00,531.00,200.00,0.771
481,2,458.00,164.00,517.00,252.00,0.379
481,2,486.00,167.00,528.00,201.00,0.805
482,2,485.00,165.00,526.00,202.00,0.889
483,2,479.00,166.00,524.00,202.00,0.875
484,2,429.00,161.00,488.00,267.00,0.368
484,2,477.00,165.00,523.00,202.00,0.888
485,2,478.00,164.00,522.00,203.00,0.898
486,2,478.00,164.00,520.00,203.00,0.908
487,2,477.00,164.00,520.00,204.00,0.895
488,2,477.00,165.00,521.00,205.00,0.892
489,2,477.00,166.00,522.00,206.00,0.894
490,2,478.00,166.00,522.00,207.00,0.901
491,2,480.00,168.00,524.00,209.00,0.912
492,2,483.00,167.00,526.00,209.00,0.921
493,2,485.00,169.00,529.00,210.00,0.916
494,2,489.00,169.00,533.00,210.00,0.912
495,2,493.00,169.00,537.00,210.00,0.906
496,2,495.00,169.00,539.00,209.00,0.906
497,2,499.00,169.00,542.00,208.00,0.924
498,2,570.00,171.00,592.00,193.00,0.409
498,2,501.00,168.00,546.00,209.00,0.918
499,2,572.00,173.00,593.00,193.00,0.447
499,2,504.00,168.00,549.00,209.00,0.891
500,2,578.00,172.00,598.00,192.00,0.465
500,2,508.00,167.00,553.00,210.00,0.900
501,2,581.00,171.00,601.00,190.00,0.700
501,2,511.00,165.00,555.00,208.00,0.906
502,2,583.00,169.00,602.00,192.00,0.497
502,2,514.00,164.00,558.00,207.00,0.920
503,2,586.00,168.00,607.00,189.00,0.671
503,2,517.00,164.00,563.00,206.00,0.923
504,2,587.00,168.00,608.00,190.00,0.627
504,2,519.00,164.00,566.00,207.00,0.909
505,2,591.00,168.00,614.00,191.00,0.689
505,2,523.00,163.00,569.00,207.00,0.912
506,2,595.00,167.00,614.00,192.00,0.605
506,2,526.00,163.00,572.00,208.00,0.913
507,2,597.00,168.00,619.00,191.00,0.723
507,2,529.00,163.00,575.00,208.00,0.912
508,2,564.00,168.00,596.00,201.00,0.376
508,2,600.00,168.00,622.00,191.00,0.789
508,2,531.00,163.00,579.00,207.00,0.924
509,2,602.00,169.00,625.00,190.00,0.738
509,2,533.00,163.00,581.00,208.00,0.923
510,2,561.00,166.00,596.00,202.00,0.298
510,2,604.00,168.00,628.00,190.00,0.865
510,2,535.00,163.00,584.00,209.00,0.871
511,2,609.00,169.00,631.00,190.00,0.845
511,2,539.00,163.00,586.00,209.00,0.885
512,2,579.00,170.00,612.00,200.00,0.312
512,2,612.00,169.00,635.00,191.00,0.845
512,2,542.00,163.00,590.00,209.00,0.901
513,2,578.00,171.00,613.00,202.00,0.519
513,2,614.00,169.00,636.00,192.00,0.803
513,2,545.00,165.00,592.00,209.00,0.906
514,2,578.00,170.00,612.00,204.00,0.533
514,2,617.00,170.00,642.00,193.00,0.800
514,2,546.00,166.00,594.00,210.00,0.921
515,2,578.00,170.00,614.00,204.00,0.337
515,2,548.00,166.00,597.00,211.00,0.870
515,2,617.00,170.00,642.00,194.00,0.892
516,2,579.00,169.00,614.00,204.00,0.348
516,2,549.00,167.00,598.00,211.00,0.876
516,2,618.00,169.00,645.00,194.00,0.912
517,2,581.00,169.00,616.00,204.00,0.384
517,2,620.00,169.00,646.00,194.00,0.866
517,2,550.00,166.00,600.00,212.00,0.910
518,2,580.00,169.00,616.00,205.00,0.385
518,2,621.00,170.00,647.00,196.00,0.828
518,2,551.00,167.00,601.00,212.00,0.905
519,2,592.00,172.00,624.00,206.00,0.358
519,2,622.00,171.00,648.00,196.00,0.803
519,2,552.00,167.00,602.00,214.00,0.901
520,2,624.00,171.00,649.00,196.00,0.824
520,2,551.00,167.00,603.00,214.00,0.914
521,2,594.00,174.00,625.00,207.00,0.353
521,2,623.00,171.00,649.00,197.00,0.832
521,2,553.00,167.00,602.00,214.00,0.910
522,2,589.00,176.00,623.00,208.00,0.527
522,2,621.00,171.00,648.00,198.00,0.852
522,2,551.00,167.00,602.00,214.00,0.925
523,2,587.00,176.00,618.00,207.00,0.301
523,2,620.00,171.00,647.00,197.00,0.877
523,2,548.00,167.00,600.00,214.00,0.939
524,2,577.00,169.00,614.00,209.00,0.542
524,2,617.00,171.00,645.00,197.00,0.891
524,2,546.00,167.00,598.00,215.00,0.927
525,2,578.00,170.00,613.00,210.00,0.600
525,2,614.00,171.00,642.00,199.00,0.851
525,2,544.00,167.00,595.00,215.00,0.922
526,2,1.00,104.00,75.00,363.00,0.317
526,2,575.00,170.00,613.00,210.00,0.702
526,2,611.00,171.00,639.00,199.00,0.861
526,2,539.00,165.00,594.00,217.00,0.920
527,2,573.00,169.00,616.00,213.00,0.728
527,2,608.00,172.00,637.00,199.00,0.840
527,2,534.00,167.00,589.00,217.00,0.917
528,2,572.00,172.00,615.00,213.00,0.680
528,2,602.00,172.00,633.00,201.00,0.756
528,2,532.00,168.00,588.00,217.00,0.947
529,2,561.00,170.00,604.00,212.00,0.652
529,2,601.00,173.00,631.00,201.00,0.863
529,2,529.00,169.00,585.00,218.00,0.935
530,2,560.00,169.00,604.00,214.00,0.671
530,2,598.00,173.00,629.00,201.00,0.851
530,2,526.00,168.00,582.00,219.00,0.920
531,2,562.00,169.00,602.00,215.00,0.677
531,2,594.00,172.00,625.00,202.00,0.832
531,2,523.00,168.00,578.00,219.00,0.919
532,2,564.00,170.00,604.00,215.00,0.613
532,2,592.00,173.00,622.00,203.00,0.840
532,2,518.00,165.00,576.00,220.00,0.922
533,2,564.00,174.00,602.00,216.00,0.490
533,2,585.00,171.00,620.00,203.00,0.691
533,2,516.00,168.00,576.00,220.00,0.930
534,2,568.00,171.00,608.00,207.00,0.373
534,2,553.00,167.00,596.00,211.00,0.576
534,2,583.00,172.00,617.00,202.00,0.758
534,2,513.00,167.00,572.00,219.00,0.931
535,2,545.00,169.00,592.00,215.00,0.699
535,2,582.00,171.00,615.00,202.00,0.792
535,2,510.00,168.00,569.00,221.00,0.910
536,2,544.00,169.00,592.00,216.00,0.664
536,2,574.00,167.00,611.00,203.00,0.742
536,2,504.00,164.00,568.00,220.00,0.918
537,2,563.00,164.00,604.00,205.00,0.681
537,2,544.00,173.00,590.00,217.00,0.717
537,2,501.00,166.00,563.00,220.00,0.924
538,2,543.00,172.00,589.00,217.00,0.662
538,2,557.00,159.00,603.00,206.00,0.804
538,2,500.00,165.00,563.00,221.00,0.921
539,2,537.00,169.00,587.00,217.00,0.585
539,2,555.00,158.00,601.00,206.00,0.813
539,2,498.00,166.00,562.00,221.00,0.924
540,2,528.00,169.00,576.00,215.00,0.574
540,2,550.00,157.00,599.00,207.00,0.834
540,2,495.00,165.00,561.00,221.00,0.925
541,2,531.00,170.00,576.00,216.00,0.685
541,2,549.00,157.00,595.00,207.00,0.777
541,2,491.00,164.00,555.00,221.00,0.910
542,2,530.00,172.00,575.00,217.00,0.612
542,2,544.00,157.00,592.00,208.00,0.798
542,2,488.00,164.00,554.00,221.00,0.909
543,2,542.00,164.00,588.00,208.00,0.649
543,2,531.00,172.00,575.00,217.00,0.748
543,2,485.00,163.00,550.00,220.00,0.912
544,2,531.00,171.00,573.00,217.00,0.674
544,2,484.00,161.00,548.00,221.00,0.915
545,2,543.00,166.00,582.00,205.00,0.526
545,2,528.00,171.00,571.00,217.00,0.685
545,2,482.00,160.00,548.00,221.00,0.923
546,2,543.00,173.00,574.00,209.00,0.389
546,2,524.00,170.00,570.00,216.00,0.698
546,2,479.00,158.00,550.00,221.00,0.912
547,2,519.00,165.00,567.00,214.00,0.622
547,2,476.00,157.00,549.00,221.00,0.906
548,2,512.00,167.00,566.00,217.00,0.741
548,2,475.00,158.00,545.00,222.00,0.900
549,2,512.00,166.00,565.00,217.00,0.676
549,2,473.00,158.00,549.00,221.00,0.897
550,2,527.00,168.00,567.00,205.00,0.702
550,2,473.00,160.00,548.00,221.00,0.902
551,2,520.00,166.00,562.00,209.00,0.697
551,2,471.00,161.00,548.00,222.00,0.910
552,2,519.00,166.00,561.00,212.00,0.707
552,2,470.00,161.00,546.00,222.00,0.910
553,2,528.00,168.00,563.00,209.00,0.579
553,2,469.00,160.00,543.00,222.00,0.910
554,2,518.00,166.00,559.00,212.00,0.661
554,2,468.00,161.00,541.00,223.00,0.915
555,2,517.00,166.00,559.00,212.00,0.704
555,2,468.00,161.00,542.00,223.00,0.912
556,2,512.00,165.00,558.00,209.00,0.651
556,2,466.00,161.00,540.00,223.00,0.908
557,2,513.00,165.00,558.00,214.00,0.585
557,2,464.00,160.00,534.00,222.00,0.853
558,2,509.00,165.00,558.00,213.00,0.588
558,2,466.00,162.00,538.00,222.00,0.841
559,2,563.00,164.00,590.00,193.00,0.426
559,2,511.00,165.00,556.00,211.00,0.620
559,2,462.00,161.00,533.00,222.00,0.849
560,2,514.00,168.00,551.00,207.00,0.470
560,2,459.00,161.00,532.00,222.00,0.823
561,2,506.00,164.00,545.00,224.00,0.442
561,2,565.00,168.00,591.00,193.00,0.595
561,2,460.00,161.00,531.00,222.00,0.816
562,2,497.00,163.00,548.00,212.00,0.388
562,2,459.00,159.00,526.00,221.00,0.781
563,2,499.00,161.00,548.00,208.00,0.578
563,2,459.00,155.00,532.00,220.00,0.815
564,2,502.00,162.00,547.00,205.00,0.658
564,2,459.00,156.00,529.00,219.00,0.808
565,2,495.00,161.00,551.00,209.00,0.526
565,2,458.00,158.00,541.00,218.00,0.720
566,2,505.00,163.00,556.00,215.00,0.373
566,2,456.00,158.00,543.00,219.00,0.714
567,2,481.00,163.00,520.00,222.00,0.252
567,2,501.00,161.00,541.00,225.00,0.305
567,2,457.00,157.00,541.00,218.00,0.692
568,2,500.00,161.00,540.00,225.00,0.320
568,2,555.00,156.00,584.00,190.00,0.395
568,2,456.00,156.00,543.00,220.00,0.715
569,2,497.00,163.00,538.00,226.00,0.352
569,2,556.00,159.00,584.00,191.00,0.715
569,2,453.00,156.00,542.00,220.00,0.760
570,2,493.00,162.00,536.00,225.00,0.337
570,2,556.00,164.00,583.00,192.00,0.579
570,2,457.00,157.00,543.00,219.00,0.645
571,2,472.00,165.00,511.00,227.00,0.269
571,2,556.00,166.00,583.00,192.00,0.715
571,2,455.00,156.00,539.00,221.00,0.738
572,2,557.00,168.00,584.00,194.00,0.678
572,2,461.00,157.00,540.00,221.00,0.752
573,2,464.00,158.00,539.00,219.00,0.771
573,2,557.00,166.00,583.00,193.00,0.800
574,2,466.00,159.00,538.00,217.00,0.756
574,2,556.00,167.00,583.00,192.00,0.811
575,2,465.00,157.00,539.00,216.00,0.793
575,2,556.00,168.00,582.00,193.00,0.806
576,2,466.00,155.00,539.00,217.00,0.763
576,2,555.00,169.00,581.00,193.00,0.839
577,2,462.00,156.00,537.00,220.00,0.694
577,2,554.00,168.00,580.00,193.00,0.846
578,2,485.00,160.00,537.00,210.00,0.270
578,2,446.00,156.00,531.00,223.00,0.765
578,2,552.00,169.00,578.00,194.00,0.848
579,2,487.00,164.00,534.00,210.00,0.394
579,2,448.00,153.00,528.00,218.00,0.759
579,2,551.00,171.00,576.00,195.00,0.778
580,2,441.00,158.00,500.00,247.00,0.264
580,2,484.00,161.00,532.00,209.00,0.320
580,2,444.00,152.00,529.00,218.00,0.811
580,2,547.00,170.00,573.00,195.00,0.811
581,2,477.00,161.00,529.00,213.00,0.666
581,2,440.00,154.00,527.00,220.00,0.771
581,2,545.00,168.00,571.00,194.00,0.854
582,2,479.00,162.00,529.00,212.00,0.725
582,2,437.00,153.00,523.00,221.00,0.801
582,2,542.00,168.00,571.00,195.00,0.864
583,2,437.00,157.00,522.00,221.00,0.775
583,2,474.00,163.00,527.00,210.00,0.790
583,2,541.00,171.00,568.00,195.00,0.852
584,2,472.00,163.00,524.00,212.00,0.732
584,2,424.00,158.00,520.00,224.00,0.813
584,2,539.00,171.00,567.00,196.00,0.872
585,2,463.00,161.00,519.00,215.00,0.710
585,2,422.00,158.00,513.00,222.00,0.813
585,2,538.00,171.00,566.00,197.00,0.892
586,2,422.00,160.00,504.00,225.00,0.799
586,2,462.00,161.00,519.00,212.00,0.817
586,2,536.00,171.00,565.00,197.00,0.863
587,2,424.00,161.00,502.00,227.00,0.816
587,2,463.00,162.00,516.00,212.00,0.853
587,2,533.00,171.00,566.00,197.00,0.860
588,2,423.00,162.00,500.00,227.00,0.836
588,2,461.00,163.00,514.00,210.00,0.860
588,2,531.00,170.00,564.00,198.00,0.881
589,2,459.00,163.00,512.00,210.00,0.830
589,2,421.00,160.00,501.00,222.00,0.844
589,2,530.00,170.00,563.00,198.00,0.870
590,2,456.00,161.00,513.00,211.00,0.801
590,2,414.00,158.00,499.00,223.00,0.848
590,2,528.00,168.00,561.00,199.00,0.860
591,2,453.00,163.00,509.00,213.00,0.787
591,2,526.00,170.00,559.00,200.00,0.838
591,2,413.00,158.00,498.00,224.00,0.903
592,2,453.00,163.00,508.00,213.00,0.794
592,2,525.00,169.00,561.00,201.00,0.858
592,2,414.00,158.00,496.00,225.00,0.925
593,2,451.00,162.00,506.00,214.00,0.790
593,2,524.00,168.00,560.00,201.00,0.866
593,2,412.00,157.00,495.00,226.00,0.917
594,2,450.00,161.00,503.00,214.00,0.804
594,2,523.00,166.00,560.00,201.00,0.882
594,2,409.00,157.00,492.00,226.00,0.913
595,2,449.00,159.00,504.00,211.00,0.854
595,2,410.00,157.00,489.00,226.00,0.891
595,2,522.00,165.00,559.00,200.00,0.908
596,2,450.00,158.00,503.00,209.00,0.873
596,2,521.00,163.00,559.00,199.00,0.895
596,2,409.00,156.00,487.00,225.00,0.905
597,2,386.00,164.00,437.00,246.00,0.318
597,2,449.00,157.00,502.00,209.00,0.869
597,2,521.00,161.00,559.00,199.00,0.901
597,2,405.00,153.00,485.00,225.00,0.922
598,2,449.00,157.00,502.00,208.00,0.866
598,2,521.00,161.00,559.00,199.00,0.886
598,2,404.00,151.00,484.00,224.00,0.924
599,2,447.00,156.00,502.00,209.00,0.878
599,2,521.00,161.00,560.00,200.00,0.884
599,2,401.00,151.00,483.00,223.00,0.909
600,2,447.00,156.00,502.00,209.00,0.870
600,2,522.00,162.00,562.00,200.00,0.890
600,2,398.00,151.00,484.00,225.00,0.919
601,2,447.00,157.00,503.00,208.00,0.894
601,2,522.00,161.00,563.00,201.00,0.905
601,2,397.00,152.00,485.00,226.00,0.908
602,2,448.00,157.00,505.00,209.00,0.897
602,2,395.00,152.00,485.00,227.00,0.905
602,2,523.00,159.00,566.00,202.00,0.921
603,2,449.00,157.00,504.00,208.00,0.908
603,2,524.00,158.00,567.00,202.00,0.916
603,2,399.00,153.00,485.00,227.00,0.924
604,2,449.00,157.00,505.00,209.00,0.911
604,2,391.00,153.00,489.00,227.00,0.919
604,2,525.00,161.00,568.00,203.00,0.927
605,2,448.00,156.00,506.00,209.00,0.904
605,2,394.00,152.00,486.00,229.00,0.921
605,2,525.00,160.00,570.00,203.00,0.921
606,2,448.00,156.00,506.00,209.00,0.903
606,2,395.00,151.00,487.00,229.00,0.915
606,2,526.00,160.00,571.00,205.00,0.918
607,2,447.00,157.00,506.00,209.00,0.909
607,2,525.00,161.00,571.00,206.00,0.913
607,2,391.00,153.00,488.00,228.00,0.921
608,2,447.00,156.00,505.00,209.00,0.905
608,2,523.00,162.00,570.00,206.00,0.913
608,2,388.00,153.00,488.00,229.00,0.923
609,2,447.00,155.00,503.00,208.00,0.884
609,2,521.00,160.00,570.00,206.00,0.911
609,2,389.00,149.00,486.00,228.00,0.913
610,2,446.00,154.00,503.00,208.00,0.883
610,2,387.00,149.00,486.00,229.00,0.913
610,2,520.00,160.00,570.00,206.00,0.914
611,2,438.00,155.00,501.00,210.00,0.889
611,2,383.00,148.00,486.00,228.00,0.890
611,2,518.00,160.00,568.00,207.00,0.913
612,2,440.00,156.00,501.00,210.00,0.887
612,2,381.00,148.00,485.00,228.00,0.895
612,2,515.00,159.00,567.00,209.00,0.917
613,2,437.00,155.00,499.00,211.00,0.889
613,2,514.00,160.00,566.00,210.00,0.918
613,2,374.00,150.00,481.00,230.00,0.929
614,2,436.00,155.00,497.00,210.00,0.895
614,2,513.00,160.00,566.00,212.00,0.920
614,2,374.00,150.00,477.00,230.00,0.935
615,2,434.00,155.00,497.00,211.00,0.898
615,2,510.00,157.00,566.00,212.00,0.931
615,2,372.00,149.00,477.00,230.00,0.934
616,2,433.00,153.00,497.00,211.00,0.900
616,2,373.00,149.00,477.00,229.00,0.931
616,2,508.00,157.00,566.00,213.00,0.932
617,2,432.00,154.00,497.00,212.00,0.891
617,2,507.00,157.00,565.00,213.00,0.928
617,2,372.00,149.00,475.00,230.00,0.931
618,2,431.00,153.00,498.00,212.00,0.898
618,2,504.00,155.00,564.00,213.00,0.925
618,2,373.00,150.00,475.00,229.00,0.929
619,2,431.00,154.00,497.00,212.00,0.883
619,2,503.00,157.00,565.00,215.00,0.918
619,2,372.00,149.00,475.00,230.00,0.928
620,2,432.00,155.00,497.00,213.00,0.889
620,2,501.00,157.00,564.00,216.00,0.918
620,2,372.00,151.00,476.00,231.00,0.946
621,2,432.00,156.00,497.00,214.00,0.875
621,2,499.00,158.00,563.00,219.00,0.911
621,2,372.00,152.00,476.00,233.00,0.948
622,2,432.00,155.00,498.00,214.00,0.890
622,2,498.00,156.00,563.00,219.00,0.916
622,2,372.00,151.00,475.00,233.00,0.946
623,2,432.00,155.00,497.00,214.00,0.892
623,2,497.00,157.00,563.00,219.00,0.907
623,2,372.00,151.00,475.00,232.00,0.945
624,2,432.00,155.00,497.00,214.00,0.895
624,2,495.00,158.00,563.00,221.00,0.911
624,2,372.00,151.00,475.00,232.00,0.946
625,2,432.00,155.00,498.00,214.00,0.892
625,2,493.00,155.00,563.00,222.00,0.907
625,2,371.00,151.00,475.00,232.00,0.944
626,2,432.00,155.00,497.00,214.00,0.888
626,2,490.00,156.00,562.00,223.00,0.902
626,2,372.00,151.00,476.00,232.00,0.944
627,2,433.00,155.00,498.00,214.00,0.885
627,2,489.00,158.00,562.00,224.00,0.932
627,2,372.00,151.00,476.00,232.00,0.947
628,2,432.00,154.00,499.00,213.00,0.882
628,2,488.00,156.00,563.00,226.00,0.940
628,2,372.00,151.00,476.00,232.00,0.950
629,2,433.00,154.00,500.00,213.00,0.884
629,2,372.00,151.00,476.00,232.00,0.948
629,2,487.00,159.00,561.00,227.00,0.948
630,2,433.00,154.00,502.00,214.00,0.887
630,2,485.00,159.00,561.00,229.00,0.950
630,2,372.00,151.00,477.00,231.00,0.952
631,2,434.00,154.00,506.00,215.00,0.886
631,2,484.00,159.00,560.00,230.00,0.950
631,2,372.00,152.00,477.00,232.00,0.952
632,2,434.00,153.00,505.00,215.00,0.875
632,2,372.00,151.00,478.00,232.00,0.946
632,2,480.00,158.00,561.00,233.00,0.949
633,2,434.00,153.00,504.00,214.00,0.878
633,2,371.00,152.00,478.00,232.00,0.950
633,2,477.00,157.00,561.00,234.00,0.950
634,2,431.00,153.00,502.00,216.00,0.855
634,2,371.00,151.00,480.00,232.00,0.947
634,2,474.00,156.00,560.00,235.00,0.948
635,2,431.00,153.00,508.00,217.00,0.868
635,2,471.00,157.00,561.00,238.00,0.936
635,2,371.00,152.00,480.00,232.00,0.947
636,2,432.00,154.00,509.00,219.00,0.852
636,2,467.00,156.00,561.00,240.00,0.939
636,2,371.00,151.00,479.00,232.00,0.941
637,2,431.00,154.00,503.00,216.00,0.823
637,2,371.00,151.00,479.00,233.00,0.936
637,2,463.00,157.00,561.00,242.00,0.941
638,2,432.00,154.00,500.00,213.00,0.819
638,2,371.00,151.00,477.00,233.00,0.933
638,2,459.00,158.00,559.00,244.00,0.945
639,2,433.00,154.00,500.00,213.00,0.747
639,2,369.00,151.00,476.00,233.00,0.924
639,2,454.00,158.00,558.00,246.00,0.949
640,2,434.00,154.00,499.00,209.00,0.725
640,2,369.00,151.00,474.00,234.00,0.926
640,2,450.00,158.00,558.00,248.00,0.949
641,2,437.00,154.00,500.00,205.00,0.671
641,2,371.00,151.00,473.00,232.00,0.914
641,2,447.00,158.00,558.00,250.00,0.943
642,2,436.00,152.00,497.00,205.00,0.649
642,2,369.00,150.00,473.00,234.00,0.912
642,2,439.00,158.00,555.00,252.00,0.932
643,2,436.00,152.00,499.00,207.00,0.580
643,2,372.00,152.00,467.00,232.00,0.909
643,2,436.00,158.00,554.00,254.00,0.911
644,2,0.00,184.00,96.00,370.00,0.321
644,2,430.00,147.00,494.00,206.00,0.520
644,2,368.00,150.00,474.00,234.00,0.915
644,2,429.00,155.00,554.00,259.00,0.956
645,2,476.00,160.00,545.00,217.00,0.289
645,2,438.00,143.00,498.00,206.00,0.503
645,2,368.00,150.00,477.00,234.00,0.912
645,2,422.00,155.00,551.00,260.00,0.970
646,2,475.00,160.00,539.00,215.00,0.308
646,2,438.00,143.00,497.00,206.00,0.488
646,2,368.00,149.00,474.00,233.00,0.912
646,2,417.00,156.00,548.00,261.00,0.967
647,2,475.00,160.00,538.00,216.00,0.527
647,2,440.00,144.00,497.00,209.00,0.545
647,2,369.00,149.00,474.00,234.00,0.921
647,2,411.00,156.00,546.00,263.00,0.958
648,2,476.00,160.00,535.00,211.00,0.307
648,2,439.00,146.00,491.00,205.00,0.525
648,2,370.00,150.00,472.00,233.00,0.916
648,2,410.00,155.00,548.00,264.00,0.968
649,2,474.00,159.00,535.00,210.00,0.330
649,2,437.00,147.00,491.00,205.00,0.517
649,2,370.00,151.00,471.00,233.00,0.917
649,2,405.00,155.00,548.00,265.00,0.969
650,2,438.00,149.00,492.00,206.00,0.581
650,2,373.00,151.00,473.00,235.00,0.925
650,2,398.00,156.00,548.00,268.00,0.966
651,2,425.00,157.00,520.00,224.00,0.271
651,2,440.00,154.00,496.00,208.00,0.592
651,2,372.00,154.00,472.00,233.00,0.918
651,2,391.00,157.00,547.00,269.00,0.954
652,2,0.00,207.00,19.00,301.00,0.267
652,2,442.00,155.00,493.00,204.00,0.586
652,2,374.00,152.00,469.00,234.00,0.908
652,2,387.00,159.00,540.00,268.00,0.955
653,2,442.00,155.00,496.00,205.00,0.562
653,2,375.00,151.00,471.00,234.00,0.892
653,2,381.00,158.00,537.00,270.00,0.965
654,2,440.00,153.00,495.00,204.00,0.573
654,2,376.00,151.00,470.00,230.00,0.825
654,2,375.00,156.00,535.00,272.00,0.972
655,2,438.00,153.00,499.00,211.00,0.598
655,2,373.00,150.00,470.00,230.00,0.783
655,2,370.00,155.00,534.00,275.00,0.970
656,2,446.00,155.00,500.00,206.00,0.403
656,2,411.00,148.00,492.00,214.00,0.567
656,2,378.00,150.00,470.00,225.00,0.607
656,2,363.00,153.00,531.00,277.00,0.968
657,2,384.00,148.00,475.00,224.00,0.342
657,2,418.00,146.00,494.00,214.00,0.595
657,2,355.00,151.00,529.00,280.00,0.964
658,2,412.00,143.00,491.00,218.00,0.662
658,2,348.00,152.00,526.00,282.00,0.929
659,2,443.00,157.00,503.00,209.00,0.457
659,2,412.00,144.00,492.00,218.00,0.638
659,2,335.00,150.00,527.00,287.00,0.934
660,2,437.00,155.00,504.00,209.00,0.443
660,2,409.00,146.00,490.00,218.00,0.647
660,2,330.00,150.00,523.00,289.00,0.968
661,2,441.00,160.00,505.00,208.00,0.447
661,2,409.00,150.00,505.00,225.00,0.645
661,2,323.00,152.00,521.00,289.00,0.965
662,2,440.00,158.00,504.00,204.00,0.370
662,2,407.00,148.00,500.00,221.00,0.642
662,2,320.00,150.00,517.00,293.00,0.955
663,2,439.00,159.00,501.00,205.00,0.394
663,2,411.00,150.00,499.00,221.00,0.689
663,2,309.00,152.00,518.00,296.00,0.951
664,2,439.00,157.00,502.00,207.00,0.468
664,2,410.00,149.00,495.00,221.00,0.683
664,2,301.00,151.00,516.00,300.00,0.948
665,2,363.00,150.00,474.00,231.00,0.331
665,2,438.00,156.00,505.00,205.00,0.482
665,2,407.00,147.00,496.00,223.00,0.682
665,2,291.00,150.00,511.00,303.00,0.946
666,2,442.00,157.00,504.00,206.00,0.472
666,2,407.00,150.00,496.00,223.00,0.648
666,2,281.00,149.00,510.00,307.00,0.956
667,2,404.00,154.00,501.00,229.00,0.275
667,2,378.00,146.00,470.00,218.00,0.665
667,2,278.00,148.00,503.00,310.00,0.959
668,2,450.00,156.00,500.00,202.00,0.418
668,2,379.00,147.00,473.00,222.00,0.684
668,2,268.00,149.00,501.00,314.00,0.962
669,2,444.00,156.00,496.00,203.00,0.329
669,2,386.00,142.00,475.00,222.00,0.636
669,2,256.00,149.00,504.00,316.00,0.960
670,2,441.00,155.00,505.00,213.00,0.602
670,2,385.00,138.00,476.00,222.00,0.663
670,2,246.00,148.00,498.00,319.00,0.972
671,2,460.00,159.00,522.00,228.00,0.317
671,2,394.00,145.00,488.00,221.00,0.608
671,2,437.00,155.00,502.00,213.00,0.655
671,2,241.00,149.00,495.00,323.00,0.971
672,2,461.00,159.00,515.00,231.00,0.316
672,2,395.00,150.00,487.00,221.00,0.563
672,2,438.00,156.00,502.00,210.00,0.634
672,2,233.00,149.00,489.00,329.00,0.969
673,2,437.00,157.00,502.00,215.00,0.549
673,2,399.00,152.00,492.00,228.00,0.631
673,2,222.00,148.00,487.00,333.00,0.968
674,2,440.00,155.00,504.00,214.00,0.528
674,2,389.00,153.00,489.00,229.00,0.600
674,2,213.00,147.00,487.00,338.00,0.967
675,2,374.00,152.00,487.00,232.00,0.646
675,2,437.00,156.00,501.00,208.00,0.653
675,2,200.00,149.00,483.00,343.00,0.950
676,2,441.00,156.00,502.00,208.00,0.700
676,2,371.00,154.00,479.00,230.00,0.716
676,2,186.00,145.00,480.00,350.00,0.956
677,2,373.00,154.00,481.00,229.00,0.570
677,2,435.00,155.00,501.00,213.00,0.697
677,2,176.00,148.00,480.00,356.00,0.970
678,2,438.00,155.00,505.00,212.00,0.755
678,2,370.00,155.00,480.00,238.00,0.796
678,2,161.00,147.00,474.00,361.00,0.973
679,2,437.00,156.00,506.00,212.00,0.749
679,2,363.00,155.00,477.00,240.00,0.803
679,2,148.00,147.00,474.00,366.00,0.973
680,2,437.00,156.00,503.00,211.00,0.711
680,2,367.00,154.00,475.00,236.00,0.779
680,2,135.00,147.00,466.00,372.00,0.970
681,2,433.00,156.00,505.00,212.00,0.759
681,2,362.00,157.00,473.00,236.00,0.846
681,2,116.00,145.00,466.00,371.00,0.973
682,2,434.00,156.00,505.00,212.00,0.793
682,2,364.00,156.00,472.00,234.00,0.854
682,2,98.00,144.00,464.00,372.00,0.975
683,2,433.00,156.00,509.00,213.00,0.850
683,2,368.00,153.00,477.00,233.00,0.876
683,2,76.00,142.00,457.00,374.00,0.969
684,2,434.00,156.00,509.00,213.00,0.869
684,2,368.00,152.00,476.00,232.00,0.896
684,2,64.00,144.00,456.00,373.00,0.973
685,2,433.00,156.00,508.00,213.00,0.849
685,2,368.00,153.00,477.00,232.00,0.896
685,2,45.00,143.00,453.00,373.00,0.965
686,2,431.00,156.00,509.00,214.00,0.862
686,2,374.00,154.00,478.00,232.00,0.910
686,2,24.00,143.00,450.00,372.00,0.967
687,2,432.00,156.00,507.00,214.00,0.856
687,2,374.00,153.00,477.00,232.00,0.914
687,2,2.00,139.00,446.00,374.00,0.967
688,2,431.00,156.00,505.00,215.00,0.847
688,2,375.00,153.00,477.00,232.00,0.914
688,2,0.00,138.00,440.00,372.00,0.963
689,2,431.00,156.00,501.00,214.00,0.816
689,2,373.00,152.00,477.00,231.00,0.915
689,2,0.00,136.00,435.00,373.00,0.962
690,2,432.00,156.00,501.00,213.00,0.871
690,2,372.00,152.00,477.00,230.00,0.925
690,2,0.00,132.00,432.00,374.00,0.962
691,2,433.00,156.00,500.00,213.00,0.858
691,2,372.00,151.00,477.00,231.00,0.924
691,2,0.00,132.00,431.00,374.00,0.962
692,2,434.00,157.00,499.00,210.00,0.781
692,2,372.00,152.00,476.00,230.00,0.915
692,2,1.00,131.00,429.00,373.00,0.963
693,2,0.00,119.00,86.00,374.00,0.376
693,2,428.00,157.00,490.00,209.00,0.710
693,2,372.00,151.00,476.00,230.00,0.914
693,2,2.00,128.00,427.00,373.00,0.963
694,2,419.00,154.00,476.00,202.00,0.250
694,2,1.00,80.00,86.00,374.00,0.274
694,2,372.00,151.00,477.00,231.00,0.920
694,2,2.00,124.00,426.00,373.00,0.962
695,2,419.00,155.00,478.00,207.00,0.501
695,2,371.00,150.00,474.00,231.00,0.907
695,2,2.00,125.00,424.00,372.00,0.962
696,2,420.00,155.00,484.00,213.00,0.606
696,2,372.00,150.00,473.00,230.00,0.875
696,2,2.00,125.00,421.00,373.00,0.963
697,2,419.00,154.00,491.00,217.00,0.564
697,2,372.00,149.00,467.00,231.00,0.850
697,2,1.00,125.00,418.00,373.00,0.963
698,2,446.00,157.00,503.00,212.00,0.382
698,2,414.00,151.00,491.00,215.00,0.611
698,2,368.00,151.00,462.00,231.00,0.828
698,2,1.00,126.00,416.00,373.00,0.962
699,2,443.00,153.00,508.00,264.00,0.259
699,2,457.00,159.00,505.00,206.00,0.380
699,2,419.00,151.00,496.00,215.00,0.583
699,2,365.00,151.00,461.00,234.00,0.793
699,2,1.00,126.00,416.00,373.00,0.962
700,2,371.00,152.00,468.00,228.00,0.709
700,2,443.00,156.00,502.00,207.00,0.732
700,2,1.00,124.00,415.00,373.00,0.961
701,2,383.00,153.00,475.00,224.00,0.675
701,2,440.00,156.00,500.00,209.00,0.755
701,2,1.00,125.00,413.00,372.00,0.962
702,2,381.00,152.00,472.00,225.00,0.619
702,2,424.00,153.00,498.00,217.00,0.725
702,2,0.00,124.00,416.00,372.00,0.967
703,2,409.00,154.00,495.00,222.00,0.727
703,2,0.00,123.00,417.00,371.00,0.965
704,2,434.00,156.00,499.00,215.00,0.597
704,2,392.00,153.00,487.00,227.00,0.697
704,2,0.00,121.00,415.00,371.00,0.966
705,2,370.00,153.00,471.00,236.00,0.526
705,2,430.00,153.00,495.00,218.00,0.673
705,2,0.00,123.00,414.00,371.00,0.965
706,2,436.00,158.00,494.00,214.00,0.660
706,2,373.00,152.00,476.00,235.00,0.841
706,2,0.00,123.00,410.00,371.00,0.968
707,2,431.00,156.00,496.00,216.00,0.743
707,2,373.00,152.00,478.00,236.00,0.891
707,2,0.00,124.00,404.00,371.00,0.968
708,2,429.00,155.00,496.00,216.00,0.776
708,2,372.00,153.00,477.00,238.00,0.888
708,2,0.00,121.00,398.00,372.00,0.966
709,2,430.00,156.00,496.00,216.00,0.755
709,2,373.00,154.00,476.00,238.00,0.912
709,2,0.00,118.00,394.00,372.00,0.964
710,2,429.00,158.00,494.00,218.00,0.790
710,2,372.00,156.00,474.00,241.00,0.900
710,2,0.00,122.00,391.00,372.00,0.963
711,2,433.00,163.00,495.00,220.00,0.847
711,2,370.00,157.00,475.00,243.00,0.867
711,2,0.00,122.00,387.00,373.00,0.963
712,2,431.00,164.00,494.00,221.00,0.852
712,2,372.00,157.00,477.00,243.00,0.893
712,2,0.00,122.00,385.00,373.00,0.961
713,2,429.00,167.00,495.00,227.00,0.872
713,2,369.00,156.00,479.00,246.00,0.899
713,2,0.00,122.00,376.00,373.00,0.963
714,2,429.00,170.00,495.00,229.00,0.828
714,2,366.00,157.00,475.00,249.00,0.907
714,2,0.00,124.00,370.00,374.00,0.964
715,2,424.00,170.00,493.00,232.00,0.846
715,2,361.00,162.00,470.00,250.00,0.887
715,2,0.00,125.00,365.00,373.00,0.962
716,2,423.00,170.00,493.00,234.00,0.871
716,2,352.00,161.00,471.00,253.00,0.939
716,2,0.00,127.00,354.00,372.00,0.964
717,2,425.00,169.00,493.00,233.00,0.871
717,2,352.00,160.00,472.00,254.00,0.949
717,2,0.00,126.00,339.00,373.00,0.956
718,2,425.00,170.00,493.00,234.00,0.866
718,2,352.00,160.00,471.00,254.00,0.943
718,2,4.00,130.00,322.00,374.00,0.948
719,2,428.00,170.00,494.00,233.00,0.837
719,2,1.00,123.00,315.00,374.00,0.946
719,2,353.00,161.00,473.00,254.00,0.947
720,2,430.00,171.00,496.00,234.00,0.860
720,2,1.00,128.00,306.00,374.00,0.943
720,2,355.00,161.00,475.00,254.00,0.944
721,2,432.00,171.00,498.00,233.00,0.877
721,2,356.00,161.00,476.00,254.00,0.948
721,2,0.00,130.00,279.00,374.00,0.952
722,2,435.00,170.00,499.00,232.00,0.890
722,2,0.00,135.00,251.00,374.00,0.928
722,2,357.00,161.00,479.00,255.00,0.951
723,2,435.00,170.00,501.00,234.00,0.906
723,2,0.00,137.00,229.00,374.00,0.916
723,2,356.00,160.00,482.00,256.00,0.949
724,2,0.00,134.00,194.00,374.00,0.897
724,2,434.00,168.00,503.00,234.00,0.913
724,2,354.00,160.00,482.00,257.00,0.946
725,2,0.00,133.00,170.00,373.00,0.822
725,2,432.00,168.00,505.00,236.00,0.912
725,2,352.00,162.00,483.00,261.00,0.948
726,2,0.00,217.00,73.00,372.00,0.472
726,2,435.00,166.00,506.00,233.00,0.913
726,2,349.00,159.00,484.00,257.00,0.952
727,2,436.00,159.00,510.00,226.00,0.907
727,2,351.00,153.00,482.00,250.00,0.945
728,2,438.00,152.00,513.00,220.00,0.921
728,2,354.00,148.00,487.00,246.00,0.941
729,2,439.00,150.00,513.00,218.00,0.925
729,2,353.00,146.00,486.00,245.00,0.949
730,2,436.00,146.00,515.00,217.00,0.930
730,2,349.00,139.00,485.00,245.00,0.948
731,2,437.00,150.00,514.00,219.00,0.929
731,2,352.00,139.00,486.00,246.00,0.961
732,2,438.00,151.00,514.00,223.00,0.924
732,2,350.00,143.00,486.00,249.00,0.955
733,2,348.00,163.00,429.00,241.00,0.256
733,2,1138.00,120.00,1238.00,276.00,0.267
733,2,438.00,153.00,515.00,226.00,0.918
733,2,349.00,145.00,486.00,252.00,0.957
734,2,1160.00,137.00,1237.00,274.00,0.277
734,2,1.00,88.00,129.00,363.00,0.396
734,2,441.00,154.00,518.00,228.00,0.923
734,2,351.00,144.00,488.00,254.00,0.965
735,2,443.00,155.00,521.00,230.00,0.927
735,2,354.00,145.00,490.00,255.00,0.962
736,2,508.00,167.00,537.00,218.00,0.296
736,2,446.00,156.00,521.00,230.00,0.932
736,2,353.00,145.00,493.00,256.00,0.965
737,2,449.00,157.00,528.00,232.00,0.934
737,2,354.00,145.00,495.00,256.00,0.966
738,2,537.00,169.00,559.00,191.00,0.297
738,2,451.00,156.00,530.00,231.00,0.934
738,2,356.00,145.00,496.00,256.00,0.968
739,2,540.00,170.00,562.00,195.00,0.356
739,2,452.00,156.00,529.00,231.00,0.930
739,2,360.00,145.00,497.00,257.00,0.970
740,2,6.00,148.00,88.00,318.00,0.386
740,2,458.00,158.00,534.00,232.00,0.905
740,2,362.00,146.00,503.00,260.00,0.964
741,2,463.00,162.00,538.00,234.00,0.912
741,2,365.00,153.00,509.00,263.00,0.969
742,2,463.00,163.00,543.00,238.00,0.914
742,2,366.00,155.00,512.00,264.00,0.979
743,2,464.00,163.00,545.00,239.00,0.910
743,2,368.00,154.00,516.00,265.00,0.980
744,2,470.00,165.00,553.00,239.00,0.916
744,2,372.00,156.00,520.00,266.00,0.970
745,2,474.00,165.00,558.00,242.00,0.927
745,2,375.00,149.00,525.00,269.00,0.964
746,2,477.00,166.00,568.00,245.00,0.918
746,2,377.00,156.00,529.00,272.00,0.957
747,2,481.00,167.00,567.00,244.00,0.925
747,2,379.00,156.00,535.00,272.00,0.972
748,2,483.00,168.00,569.00,247.00,0.924
748,2,382.00,156.00,537.00,275.00,0.959
749,2,489.00,169.00,574.00,247.00,0.943
749,2,384.00,155.00,544.00,277.00,0.961
750,2,490.00,165.00,581.00,246.00,0.904
750,2,390.00,153.00,549.00,277.00,0.971
751,2,504.00,159.00,590.00,240.00,0.902
751,2,390.00,148.00,552.00,275.00,0.982
752,2,506.00,153.00,595.00,239.00,0.915
752,2,391.00,146.00,555.00,271.00,0.983
753,2,507.00,151.00,599.00,234.00,0.886
753,2,389.00,143.00,556.00,269.00,0.978
754,2,509.00,150.00,605.00,236.00,0.882
754,2,385.00,140.00,558.00,270.00,0.975
755,2,506.00,148.00,601.00,230.00,0.862
755,2,381.00,137.00,558.00,269.00,0.969
756,2,509.00,150.00,601.00,231.00,0.874
756,2,373.00,131.00,560.00,274.00,0.957
757,2,502.00,147.00,599.00,232.00,0.857
757,2,365.00,131.00,558.00,277.00,0.958
758,2,499.00,150.00,589.00,232.00,0.873
758,2,361.00,131.00,554.00,279.00,0.968
759,2,493.00,145.00,590.00,234.00,0.812
759,2,354.00,132.00,552.00,282.00,0.967
760,2,484.00,148.00,585.00,236.00,0.813
760,2,339.00,126.00,551.00,282.00,0.955
761,2,488.00,147.00,589.00,236.00,0.621
761,2,339.00,131.00,542.00,291.00,0.968
762,2,507.00,154.00,580.00,260.00,0.354
762,2,467.00,148.00,571.00,232.00,0.550
762,2,321.00,127.00,543.00,295.00,0.932
763,2,469.00,153.00,578.00,245.00,0.731
763,2,307.00,125.00,540.00,299.00,0.963
764,2,479.00,152.00,581.00,233.00,0.784
764,2,299.00,122.00,537.00,300.00,0.966
765,2,477.00,148.00,578.00,235.00,0.794
765,2,286.00,120.00,522.00,303.00,0.966
766,2,464.00,144.00,573.00,241.00,0.738
766,2,270.00,114.00,511.00,303.00,0.967
767,2,458.00,140.00,571.00,240.00,0.890
767,2,256.00,108.00,517.00,307.00,0.968
768,2,447.00,136.00,568.00,243.00,0.916
768,2,238.00,105.00,501.00,314.00,0.946
769,2,439.00,140.00,568.00,247.00,0.909
769,2,228.00,100.00,506.00,321.00,0.930
770,2,436.00,136.00,566.00,247.00,0.950
770,2,209.00,103.00,506.00,328.00,0.954
771,2,189.00,96.00,499.00,332.00,0.942
771,2,430.00,135.00,561.00,247.00,0.960
772,2,158.00,97.00,500.00,346.00,0.935
772,2,428.00,134.00,558.00,249.00,0.958
773,2,145.00,105.00,503.00,353.00,0.921
773,2,426.00,136.00,550.00,251.00,0.960
774,2,113.00,103.00,496.00,372.00,0.824
774,2,410.00,136.00,552.00,257.00,0.953
775,2,0.00,34.00,142.00,374.00,0.462
775,2,73.00,97.00,499.00,374.00,0.883
775,2,395.00,139.00,550.00,266.00,0.960
776,2,0.00,52.00,102.00,372.00,0.295
776,2,32.00,101.00,463.00,374.00,0.689
776,2,393.00,142.00,547.00,271.00,0.967
777,2,0.00,154.00,340.00,373.00,0.440
777,2,150.00,93.00,475.00,372.00,0.914
777,2,394.00,144.00,541.00,277.00,0.958
778,2,0.00,164.00,243.00,373.00,0.614
778,2,374.00,145.00,542.00,290.00,0.952
778,2,58.00,95.00,466.00,374.00,0.955
779,2,0.00,194.00,69.00,374.00,0.307
779,2,0.00,103.00,464.00,374.00,0.950
779,2,370.00,155.00,533.00,297.00,0.963
780,2,5.00,92.00,452.00,374.00,0.945
780,2,357.00,152.00,535.00,307.00,0.957
781,2,0.00,181.00,106.00,369.00,0.370
781,2,0.00,85.00,434.00,374.00,0.952
781,2,356.00,161.00,523.00,314.00,0.955
782,2,9.00,64.00,429.00,372.00,0.941
782,2,334.00,154.00,526.00,319.00,0.956
783,2,0.00,48.00,419.00,374.00,0.942
783,2,321.00,151.00,524.00,321.00,0.960
784,2,0.00,56.00,402.00,374.00,0.950
784,2,289.00,147.00,517.00,327.00,0.967
785,2,1160.00,85.00,1238.00,290.00,0.554
785,2,0.00,60.00,381.00,373.00,0.915
785,2,279.00,141.00,512.00,330.00,0.976
786,2,0.00,60.00,366.00,371.00,0.843
786,2,273.00,139.00,509.00,339.00,0.971
787,2,1.00,64.00,336.00,367.00,0.939
787,2,246.00,134.00,503.00,349.00,0.970
788,2,0.00,53.00,308.00,374.00,0.937
788,2,224.00,132.00,498.00,358.00,0.956
789,2,0.00,53.00,288.00,374.00,0.937
789,2,193.00,131.00,490.00,369.00,0.941
790,2,1.00,56.00,233.00,367.00,0.867
790,2,163.00,128.00,480.00,372.00,0.964
791,2,0.00,58.00,155.00,374.00,0.851
791,2,109.00,124.00,470.00,374.00,0.967
792,2,38.00,114.00,467.00,372.00,0.960
793,2,0.00,103.00,454.00,374.00,0.956
794,2,0.00,187.00,80.00,361.00,0.337
794,2,0.00,102.00,445.00,374.00,0.957
795,2,0.00,90.00,435.00,374.00,0.959
796,2,0.00,86.00,420.00,372.00,0.955
797,2,0.00,76.00,409.00,370.00,0.930
798,2,0.00,56.00,388.00,374.00,0.906
799,2,639.00,158.00,685.00,207.00,0.695
799,2,2.00,75.00,369.00,372.00,0.843
800,2,639.00,159.00,685.00,207.00,0.427
800,2,1.00,50.00,352.00,373.00,0.878
801,2,640.00,159.00,690.00,209.00,0.681
801,2,0.00,49.00,320.00,374.00,0.935
802,2,645.00,160.00,694.00,208.00,0.857
802,2,0.00,53.00,280.00,374.00,0.932
803,2,648.00,160.00,700.00,209.00,0.868
803,2,0.00,48.00,234.00,374.00,0.936
804,2,651.00,161.00,707.00,211.00,0.835
804,2,0.00,38.00,198.00,367.00,0.841
805,2,655.00,162.00,710.00,211.00,0.862
806,2,659.00,160.00,719.00,212.00,0.945
807,2,663.00,160.00,724.00,213.00,0.933
808,2,668.00,157.00,726.00,212.00,0.929
809,2,670.00,158.00,733.00,215.00,0.958
810,2,673.00,158.00,737.00,215.00,0.946
811,2,677.00,156.00,740.00,217.00,0.916
812,2,679.00,158.00,745.00,218.00,0.926
813,2,681.00,160.00,746.00,221.00,0.922
814,2,682.00,162.00,751.00,225.00,0.930
815,2,683.00,165.00,755.00,229.00,0.952
816,2,685.00,165.00,759.00,230.00,0.943
817,2,687.00,164.00,765.00,231.00,0.943
818,2,687.00,161.00,769.00,232.00,0.948
819,2,687.00,159.00,772.00,232.00,0.957
820,2,689.00,159.00,777.00,235.00,0.954
821,2,693.00,159.00,784.00,237.00,0.943
822,2,696.00,159.00,788.00,239.00,0.948
823,2,416.00,138.00,571.00,193.00,0.308
823,2,698.00,158.00,792.00,242.00,0.952
824,2,421.00,143.00,566.00,194.00,0.545
824,2,699.00,160.00,797.00,245.00,0.955
825,2,405.00,142.00,560.00,194.00,0.544
825,2,701.00,160.00,805.00,249.00,0.960
826,2,395.00,137.00,562.00,194.00,0.567
826,2,702.00,160.00,815.00,254.00,0.958
827,2,397.00,140.00,552.00,192.00,0.769
827,2,705.00,158.00,824.00,257.00,0.963
828,2,394.00,142.00,548.00,192.00,0.818
828,2,706.00,154.00,833.00,261.00,0.966
829,2,392.00,143.00,542.00,193.00,0.782
829,2,709.00,154.00,842.00,264.00,0.963
830,2,374.00,141.00,549.00,193.00,0.791
830,2,713.00,151.00,858.00,268.00,0.974
831,2,380.00,143.00,542.00,192.00,0.764
831,2,717.00,152.00,868.00,270.00,0.974
832,2,367.00,142.00,547.00,193.00,0.788
832,2,723.00,150.00,881.00,276.00,0.969
833,2,355.00,140.00,550.00,193.00,0.795
833,2,727.00,151.00,896.00,280.00,0.973
834,2,347.00,141.00,538.00,194.00,0.818
834,2,730.00,145.00,915.00,290.00,0.969
835,2,344.00,141.00,522.00,194.00,0.799
835,2,734.00,144.00,936.00,298.00,0.968
836,2,338.00,140.00,517.00,196.00,0.859
836,2,740.00,143.00,961.00,306.00,0.970
837,2,328.00,138.00,523.00,196.00,0.809
837,2,747.00,140.00,988.00,315.00,0.968
838,2,327.00,136.00,528.00,194.00,0.830
838,2,755.00,137.00,1022.00,328.00,0.976
839,2,1188.00,165.00,1238.00,371.00,0.279
839,2,324.00,131.00,522.00,190.00,0.782
839,2,766.00,133.00,1060.00,344.00,0.970
840,2,347.00,136.00,534.00,189.00,0.706
840,2,777.00,130.00,1104.00,360.00,0.973
841,2,356.00,133.00,541.00,191.00,0.756
841,2,791.00,123.00,1168.00,372.00,0.969
842,2,361.00,134.00,549.00,191.00,0.755
842,2,804.00,116.00,1228.00,370.00,0.961
843,2,352.00,132.00,555.00,193.00,0.815
843,2,819.00,111.00,1238.00,372.00,0.964
844,2,360.00,135.00,563.00,195.00,0.808
844,2,841.00,110.00,1232.00,370.00,0.978
845,2,357.00,132.00,569.00,198.00,0.859
845,2,853.00,101.00,1238.00,372.00,0.966
846,2,371.00,132.00,578.00,198.00,0.891
846,2,874.00,102.00,1238.00,371.00,0.970
847,2,375.00,132.00,580.00,197.00,0.889
847,2,895.00,104.00,1238.00,374.00,0.955
848,2,392.00,132.00,585.00,196.00,0.882
848,2,923.00,102.00,1238.00,374.00,0.943
849,2,388.00,132.00,590.00,194.00,0.848
849,2,958.00,115.00,1238.00,370.00,0.945
850,2,402.00,133.00,597.00,197.00,0.793
850,2,993.00,113.00,1237.00,371.00,0.917
851,2,401.00,136.00,620.00,198.00,0.818
851,2,1037.00,202.00,1238.00,373.00,0.847
852,2,1100.00,213.00,1236.00,371.00,0.633
852,2,414.00,137.00,615.00,196.00,0.838
853,2,436.00,137.00,622.00,193.00,0.821
854,2,419.00,136.00,625.00,198.00,0.861
855,2,429.00,134.00,627.00,199.00,0.880
856,2,433.00,133.00,635.00,199.00,0.876
857,2,438.00,134.00,645.00,197.00,0.873
858,2,328.00,138.00,457.00,207.00,0.419
858,2,443.00,134.00,661.00,200.00,0.847
859,2,343.00,136.00,459.00,205.00,0.436
859,2,447.00,135.00,660.00,201.00,0.904
860,2,350.00,135.00,465.00,206.00,0.687
860,2,456.00,133.00,668.00,201.00,0.935
861,2,410.00,131.00,471.00,203.00,0.475
861,2,316.00,133.00,460.00,209.00,0.581
861,2,459.00,131.00,678.00,200.00,0.932
862,2,360.00,131.00,468.00,210.00,0.672
862,2,460.00,132.00,692.00,201.00,0.918
863,2,307.00,129.00,460.00,213.00,0.513
863,2,411.00,131.00,479.00,205.00,0.628
863,2,471.00,130.00,693.00,201.00,0.914
864,2,314.00,114.00,438.00,208.00,0.367
864,2,411.00,126.00,481.00,205.00,0.757
864,2,476.00,129.00,699.00,202.00,0.918
865,2,303.00,118.00,429.00,210.00,0.388
865,2,395.00,130.00,488.00,206.00,0.810
865,2,487.00,131.00,711.00,201.00,0.888
866,2,308.00,110.00,428.00,213.00,0.516
866,2,391.00,132.00,488.00,211.00,0.839
866,2,489.00,128.00,721.00,200.00,0.897
867,2,303.00,120.00,428.00,216.00,0.659
867,2,413.00,132.00,492.00,208.00,0.861
867,2,494.00,127.00,732.00,199.00,0.878
868,2,329.00,122.00,505.00,211.00,0.286
868,2,298.00,116.00,429.00,216.00,0.623
868,2,491.00,130.00,735.00,202.00,0.857
868,2,418.00,128.00,503.00,209.00,0.881
869,2,296.00,115.00,433.00,215.00,0.640
869,2,499.00,126.00,745.00,200.00,0.876
869,2,431.00,128.00,509.00,208.00,0.901
870,2,305.00,124.00,443.00,212.00,0.726
870,2,431.00,130.00,517.00,208.00,0.898
870,2,510.00,128.00,748.00,199.00,0.908
871,2,306.00,125.00,452.00,215.00,0.821
871,2,438.00,131.00,519.00,208.00,0.890
871,2,513.00,128.00,751.00,199.00,0.906
872,2,312.00,127.00,458.00,215.00,0.827
872,2,445.00,131.00,526.00,209.00,0.884
872,2,515.00,127.00,752.00,199.00,0.901
873,2,329.00,125.00,458.00,216.00,0.845
873,2,452.00,131.00,532.00,209.00,0.893
873,2,520.00,125.00,762.00,196.00,0.901
874,2,330.00,124.00,463.00,214.00,0.875
874,2,525.00,123.00,771.00,196.00,0.892
874,2,455.00,127.00,536.00,204.00,0.904
875,2,328.00,126.00,468.00,216.00,0.869
875,2,531.00,121.00,769.00,195.00,0.901
875,2,464.00,125.00,541.00,203.00,0.919
876,2,340.00,127.00,475.00,215.00,0.869
876,2,531.00,122.00,776.00,196.00,0.890
876,2,467.00,122.00,549.00,204.00,0.913
877,2,347.00,128.00,476.00,211.00,0.878
877,2,541.00,122.00,782.00,195.00,0.885
877,2,469.00,122.00,551.00,207.00,0.929
878,2,545.00,120.00,792.00,194.00,0.859
878,2,330.00,126.00,481.00,213.00,0.885
878,2,477.00,122.00,555.00,203.00,0.926
879,2,554.00,126.00,612.00,190.00,0.605
879,2,569.00,118.00,804.00,195.00,0.733
879,2,344.00,125.00,482.00,215.00,0.882
879,2,482.00,123.00,558.00,202.00,0.899
880,2,274.00,115.00,363.00,213.00,0.420
880,2,566.00,117.00,804.00,194.00,0.704
880,2,489.00,127.00,562.00,200.00,0.876
880,2,347.00,125.00,495.00,214.00,0.882
881,2,275.00,116.00,356.00,210.00,0.398
881,2,579.00,117.00,805.00,192.00,0.856
881,2,493.00,122.00,571.00,202.00,0.892
881,2,340.00,123.00,505.00,216.00,0.898
882,2,298.00,112.00,362.00,208.00,0.490
882,2,574.00,117.00,811.00,194.00,0.876
882,2,500.00,124.00,577.00,202.00,0.907
882,2,342.00,123.00,512.00,215.00,0.914
883,2,287.00,114.00,362.00,212.00,0.742
883,2,581.00,117.00,816.00,194.00,0.888
883,2,348.00,122.00,515.00,215.00,0.912
883,2,503.00,123.00,585.00,203.00,0.916
884,2,280.00,119.00,361.00,220.00,0.743
884,2,584.00,117.00,824.00,194.00,0.886
884,2,507.00,122.00,596.00,205.00,0.902
884,2,358.00,123.00,517.00,215.00,0.935
885,2,271.00,126.00,364.00,224.00,0.800
885,2,587.00,116.00,829.00,193.00,0.877
885,2,514.00,121.00,605.00,204.00,0.911
885,2,363.00,123.00,529.00,215.00,0.946
886,2,286.00,126.00,374.00,227.00,0.832
886,2,583.00,114.00,831.00,193.00,0.881
886,2,521.00,120.00,608.00,205.00,0.911
886,2,368.00,123.00,532.00,216.00,0.932
887,2,263.00,127.00,381.00,224.00,0.868
887,2,599.00,112.00,836.00,195.00,0.899
887,2,531.00,117.00,614.00,203.00,0.910
887,2,373.00,121.00,534.00,214.00,0.943
888,2,298.00,127.00,380.00,218.00,0.873
888,2,605.00,110.00,842.00,193.00,0.903
888,2,535.00,114.00,620.00,203.00,0.908
888,2,377.00,118.00,543.00,210.00,0.940
889,2,229.00,112.00,304.00,233.00,0.495
889,2,611.00,109.00,847.00,193.00,0.890
889,2,385.00,115.00,550.00,208.00,0.912
889,2,302.00,124.00,386.00,219.00,0.913
889,2,539.00,117.00,625.00,202.00,0.919
890,2,8.00,113.00,310.00,227.00,0.264
890,2,224.00,122.00,298.00,225.00,0.503
890,2,614.00,110.00,851.00,194.00,0.885
890,2,543.00,118.00,629.00,203.00,0.901
890,2,296.00,123.00,388.00,220.00,0.916
890,2,390.00,113.00,559.00,208.00,0.919
891,2,7.00,109.00,298.00,230.00,0.541
891,2,621.00,107.00,859.00,194.00,0.858
891,2,544.00,116.00,628.00,203.00,0.881
891,2,299.00,120.00,395.00,219.00,0.916
891,2,392.00,112.00,567.00,209.00,0.927
892,2,3.00,108.00,295.00,237.00,0.867
892,2,626.00,107.00,875.00,195.00,0.888
892,2,553.00,116.00,639.00,203.00,0.905
892,2,308.00,122.00,409.00,219.00,0.923
892,2,404.00,113.00,569.00,209.00,0.940
893,2,190.00,120.00,314.00,233.00,0.303
893,2,2.00,112.00,308.00,241.00,0.866
893,2,560.00,115.00,649.00,204.00,0.904
893,2,633.00,105.00,887.00,196.00,0.915
893,2,312.00,123.00,409.00,215.00,0.916
893,2,403.00,110.00,575.00,210.00,0.947
894,2,641.00,108.00,896.00,195.00,0.893
894,2,0.00,101.00,313.00,245.00,0.897
894,2,320.00,121.00,413.00,215.00,0.918
894,2,561.00,115.00,659.00,203.00,0.925
894,2,410.00,110.00,581.00,212.00,0.928
895,2,638.00,108.00,918.00,196.00,0.891
895,2,569.00,115.00,667.00,205.00,0.900
895,2,0.00,103.00,323.00,245.00,0.903
895,2,327.00,122.00,422.00,217.00,0.906
895,2,417.00,111.00,597.00,211.00,0.920
896,2,570.00,115.00,674.00,206.00,0.894
896,2,653.00,107.00,917.00,194.00,0.899
896,2,326.00,121.00,427.00,222.00,0.908
896,2,0.00,103.00,324.00,250.00,0.915
896,2,423.00,111.00,610.00,213.00,0.921
897,2,650.00,106.00,924.00,196.00,0.881
897,2,334.00,119.00,430.00,214.00,0.897
897,2,0.00,103.00,339.00,242.00,0.918
897,2,583.00,112.00,681.00,207.00,0.921
897,2,428.00,111.00,608.00,215.00,0.947
898,2,667.00,108.00,934.00,196.00,0.831
898,2,0.00,105.00,348.00,241.00,0.872
898,2,596.00,113.00,691.00,206.00,0.906
898,2,346.00,121.00,441.00,219.00,0.926
898,2,435.00,111.00,611.00,215.00,0.944
899,2,0.00,106.00,349.00,236.00,0.863
899,2,686.00,105.00,939.00,195.00,0.873
899,2,602.00,109.00,702.00,206.00,0.894
899,2,441.00,108.00,623.00,215.00,0.931
899,2,345.00,117.00,449.00,223.00,0.939
900,2,283.00,125.00,356.00,237.00,0.269
900,2,0.00,107.00,361.00,239.00,0.854
900,2,607.00,108.00,706.00,208.00,0.898
900,2,687.00,104.00,950.00,199.00,0.926
900,2,449.00,109.00,628.00,216.00,0.930
900,2,355.00,115.00,458.00,223.00,0.935
901,2,699.00,106.00,964.00,199.00,0.881
901,2,0.00,104.00,365.00,247.00,0.920
901,2,621.00,110.00,725.00,207.00,0.923
901,2,459.00,107.00,629.00,218.00,0.933
901,2,359.00,116.00,471.00,223.00,0.935
902,2,713.00,108.00,969.00,196.00,0.889
902,2,625.00,109.00,741.00,209.00,0.892
902,2,468.00,107.00,634.00,219.00,0.906
902,2,0.00,109.00,380.00,249.00,0.908
902,2,366.00,113.00,476.00,223.00,0.931
903,2,96.00,111.00,391.00,245.00,0.865
903,2,728.00,104.00,979.00,200.00,0.875
903,2,641.00,110.00,743.00,209.00,0.913
903,2,477.00,107.00,663.00,217.00,0.931
903,2,375.00,116.00,486.00,224.00,0.931
904,2,0.00,104.00,131.00,251.00,0.416
904,2,726.00,102.00,999.00,204.00,0.787
904,2,80.00,107.00,406.00,246.00,0.854
904,2,651.00,106.00,759.00,208.00,0.927
904,2,387.00,113.00,497.00,221.00,0.933
904,2,483.00,105.00,671.00,216.00,0.938
905,2,742.00,94.00,1013.00,204.00,0.851
905,2,36.00,103.00,408.00,242.00,0.886
905,2,657.00,104.00,760.00,207.00,0.899
905,2,494.00,101.00,681.00,215.00,0.903
905,2,391.00,111.00,504.00,222.00,0.942
906,2,326.00,116.00,408.00,230.00,0.265
906,2,744.00,99.00,1025.00,202.00,0.840
906,2,665.00,104.00,770.00,208.00,0.886
906,2,4.00,100.00,412.00,245.00,0.905
906,2,505.00,98.00,697.00,215.00,0.931
906,2,402.00,108.00,514.00,220.00,0.943
907,2,674.00,101.00,768.00,207.00,0.836
907,2,742.00,100.00,1033.00,206.00,0.871
907,2,0.00,100.00,429.00,249.00,0.891
907,2,513.00,98.00,701.00,215.00,0.910
907,2,409.00,107.00,524.00,223.00,0.946
908,2,753.00,102.00,1045.00,207.00,0.868
908,2,684.00,104.00,783.00,205.00,0.891
908,2,519.00,97.00,710.00,219.00,0.909
908,2,0.00,100.00,439.00,250.00,0.941
908,2,414.00,107.00,536.00,226.00,0.942
909,2,755.00,105.00,823.00,203.00,0.317
909,2,687.00,106.00,792.00,203.00,0.797
909,2,768.00,103.00,1059.00,206.00,0.852
909,2,529.00,101.00,724.00,216.00,0.853
909,2,426.00,108.00,544.00,225.00,0.929
909,2,0.00,97.00,443.00,253.00,0.958
910,2,795.00,100.00,1068.00,206.00,0.799
910,2,710.00,102.00,810.00,207.00,0.861
910,2,533.00,98.00,730.00,215.00,0.867
910,2,439.00,105.00,551.00,225.00,0.929
910,2,0.00,94.00,453.00,257.00,0.955
911,2,800.00,99.00,1076.00,204.00,0.843
911,2,718.00,101.00,808.00,205.00,0.878
911,2,548.00,96.00,735.00,212.00,0.929
911,2,448.00,105.00,561.00,219.00,0.935
911,2,0.00,92.00,470.00,250.00,0.957
912,2,729.00,98.00,828.00,204.00,0.868
912,2,802.00,99.00,1097.00,205.00,0.873
912,2,559.00,95.00,755.00,212.00,0.897
912,2,461.00,101.00,574.00,219.00,0.932
912,2,1.00,93.00,480.00,251.00,0.955
913,2,797.00,101.00,1096.00,202.00,0.867
913,2,733.00,100.00,833.00,205.00,0.871
913,2,571.00,96.00,765.00,214.00,0.904
913,2,470.00,102.00,588.00,222.00,0.929
913,2,0.00,94.00,477.00,255.00,0.958
914,2,594.00,98.00,775.00,216.00,0.863
914,2,741.00,102.00,843.00,207.00,0.875
914,2,811.00,102.00,1101.00,201.00,0.881
914,2,475.00,101.00,610.00,225.00,0.931
914,2,0.00,90.00,498.00,254.00,0.942
915,2,753.00,103.00,848.00,209.00,0.752
915,2,818.00,100.00,1113.00,205.00,0.866
915,2,598.00,101.00,789.00,216.00,0.908
915,2,492.00,101.00,619.00,227.00,0.914
915,2,0.00,92.00,512.00,256.00,0.954
916,2,761.00,104.00,868.00,211.00,0.817
916,2,814.00,103.00,1113.00,206.00,0.873
916,2,597.00,101.00,791.00,218.00,0.914
916,2,502.00,104.00,618.00,227.00,0.926
916,2,0.00,94.00,512.00,258.00,0.958
917,2,761.00,105.00,871.00,209.00,0.787
917,2,835.00,105.00,1123.00,204.00,0.857
917,2,510.00,109.00,631.00,229.00,0.927
917,2,613.00,102.00,789.00,219.00,0.937
917,2,5.00,95.00,528.00,261.00,0.949
918,2,804.00,105.00,916.00,208.00,0.258
918,2,851.00,98.00,1140.00,207.00,0.756
918,2,764.00,103.00,867.00,210.00,0.784
918,2,527.00,106.00,643.00,228.00,0.926
918,2,621.00,103.00,794.00,219.00,0.937
918,2,14.00,96.00,536.00,263.00,0.949
919,2,860.00,105.00,1125.00,198.00,0.783
919,2,768.00,103.00,877.00,209.00,0.813
919,2,632.00,98.00,809.00,218.00,0.916
919,2,528.00,106.00,646.00,228.00,0.929
919,2,19.00,96.00,539.00,260.00,0.953
920,2,596.00,110.00,680.00,217.00,0.356
920,2,808.00,103.00,931.00,208.00,0.412
920,2,769.00,102.00,876.00,209.00,0.827
920,2,536.00,107.00,645.00,225.00,0.859
920,2,862.00,101.00,1150.00,202.00,0.871
920,2,646.00,100.00,814.00,217.00,0.899
920,2,34.00,97.00,555.00,260.00,0.956
921,2,870.00,103.00,952.00,194.00,0.295
921,2,1040.00,98.00,1233.00,184.00,0.590
921,2,659.00,96.00,821.00,216.00,0.773
921,2,791.00,100.00,905.00,208.00,0.818
921,2,875.00,100.00,1160.00,200.00,0.829
921,2,550.00,104.00,678.00,224.00,0.906
921,2,29.00,95.00,575.00,255.00,0.956
922,2,1030.00,87.00,1237.00,180.00,0.455
922,2,791.00,101.00,913.00,208.00,0.766
922,2,863.00,99.00,1162.00,200.00,0.834
922,2,673.00,99.00,827.00,215.00,0.857
922,2,563.00,105.00,693.00,222.00,0.901
922,2,60.00,96.00,587.00,256.00,0.948
923,2,1047.00,82.00,1237.00,187.00,0.380
923,2,861.00,100.00,1170.00,209.00,0.762
923,2,794.00,100.00,926.00,209.00,0.774
923,2,678.00,98.00,827.00,216.00,0.895
923,2,594.00,105.00,703.00,222.00,0.902
923,2,80.00,98.00,610.00,257.00,0.956
924,2,985.00,98.00,1216.00,203.00,0.318
924,2,821.00,102.00,966.00,209.00,0.801
924,2,681.00,97.00,837.00,217.00,0.875
924,2,600.00,104.00,711.00,224.00,0.909
924,2,90.00,96.00,605.00,257.00,0.952
925,2,996.00,91.00,1238.00,213.00,0.342
925,2,774.00,100.00,891.00,211.00,0.621
925,2,830.00,102.00,978.00,210.00,0.779
925,2,689.00,103.00,827.00,218.00,0.883
925,2,600.00,104.00,722.00,224.00,0.932
925,2,110.00,96.00,612.00,256.00,0.957
926,2,701.00,99.00,859.00,216.00,0.858
926,2,830.00,101.00,982.00,212.00,0.883
926,2,611.00,105.00,735.00,223.00,0.914
926,2,120.00,94.00,629.00,253.00,0.959
927,2,714.00,98.00,839.00,216.00,0.783
927,2,822.00,100.00,985.00,218.00,0.851
927,2,619.00,102.00,738.00,222.00,0.908
927,2,142.00,92.00,616.00,256.00,0.949
928,2,755.00,99.00,893.00,213.00,0.457
928,2,712.00,100.00,839.00,217.00,0.752
928,2,826.00,100.00,978.00,219.00,0.835
928,2,620.00,103.00,748.00,222.00,0.915
928,2,153.00,93.00,629.00,252.00,0.954
929,2,576.00,110.00,666.00,227.00,0.414
929,2,825.00,100.00,979.00,221.00,0.779
929,2,727.00,99.00,864.00,217.00,0.793
929,2,646.00,105.00,765.00,222.00,0.911
929,2,168.00,96.00,646.00,253.00,0.961
930,2,813.00,102.00,972.00,222.00,0.676
930,2,565.00,109.00,672.00,231.00,0.682
930,2,741.00,101.00,862.00,216.00,0.790
930,2,653.00,105.00,776.00,224.00,0.919
930,2,182.00,94.00,625.00,255.00,0.960
931,2,855.00,122.00,946.00,295.00,0.342
931,2,803.00,100.00,981.00,222.00,0.608
931,2,576.00,106.00,687.00,229.00,0.689
931,2,746.00,101.00,869.00,217.00,0.731
931,2,663.00,105.00,788.00,225.00,0.915
931,2,206.00,94.00,632.00,253.00,0.962
932,2,850.00,120.00,943.00,303.00,0.459
932,2,808.00,101.00,983.00,217.00,0.568
932,2,759.00,101.00,872.00,214.00,0.803
932,2,674.00,106.00,799.00,223.00,0.906
932,2,210.00,93.00,671.00,255.00,0.944
933,2,799.00,101.00,1000.00,216.00,0.300
933,2,826.00,117.00,954.00,269.00,0.392
933,2,774.00,101.00,891.00,217.00,0.666
933,2,681.00,104.00,803.00,222.00,0.910
933,2,229.00,95.00,712.00,251.00,0.956
934,2,770.00,101.00,930.00,220.00,0.720
934,2,686.00,103.00,810.00,221.00,0.914
934,2,244.00,92.00,722.00,252.00,0.955
935,2,773.00,99.00,928.00,219.00,0.690
935,2,0.00,177.00,49.00,313.00,0.718
935,2,695.00,100.00,814.00,221.00,0.903
935,2,254.00,90.00,723.00,254.00,0.946
936,2,764.00,97.00,917.00,222.00,0.612
936,2,0.00,142.00,101.00,317.00,0.714
936,2,613.00,102.00,736.00,224.00,0.824
936,2,699.00,99.00,817.00,220.00,0.891
936,2,268.00,92.00,726.00,252.00,0.938
937,2,705.00,99.00,830.00,215.00,0.334
937,2,738.00,97.00,906.00,223.00,0.766
937,2,0.00,170.00,142.00,318.00,0.917
937,2,281.00,93.00,754.00,250.00,0.958
938,2,794.00,99.00,1003.00,214.00,0.388
938,2,740.00,101.00,863.00,222.00,0.785
938,2,0.00,173.00,196.00,315.00,0.933
938,2,296.00,92.00,766.00,248.00,0.962
939,2,806.00,99.00,989.00,215.00,0.386
939,2,744.00,102.00,842.00,220.00,0.849
939,2,1.00,174.00,239.00,313.00,0.952
939,2,309.00,92.00,780.00,248.00,0.961
940,2,805.00,97.00,1004.00,215.00,0.555
940,2,741.00,101.00,847.00,220.00,0.828
940,2,325.00,91.00,787.00,248.00,0.947
940,2,0.00,170.00,291.00,310.00,0.957
941,2,803.00,98.00,1002.00,213.00,0.479
941,2,751.00,100.00,859.00,223.00,0.803
941,2,342.00,91.00,794.00,250.00,0.942
941,2,0.00,168.00,343.00,311.00,0.966
942,2,805.00,99.00,998.00,213.00,0.606
942,2,759.00,101.00,859.00,219.00,0.807
942,2,354.00,90.00,805.00,246.00,0.960
942,2,0.00,166.00,388.00,308.00,0.972
943,2,805.00,100.00,1011.00,213.00,0.435
943,2,775.00,101.00,871.00,216.00,0.533
943,2,365.00,93.00,821.00,245.00,0.957
943,2,54.00,164.00,433.00,304.00,0.968
944,2,817.00,101.00,1004.00,213.00,0.511
944,2,777.00,101.00,873.00,214.00,0.785
944,2,375.00,94.00,825.00,246.00,0.952
944,2,111.00,161.00,478.00,301.00,0.964
945,2,794.00,100.00,994.00,214.00,0.480
945,2,780.00,101.00,887.00,214.00,0.504
945,2,407.00,92.00,833.00,245.00,0.945
945,2,165.00,159.00,525.00,299.00,0.969
946,2,798.00,100.00,984.00,218.00,0.345
946,2,778.00,100.00,877.00,217.00,0.707
946,2,407.00,89.00,842.00,241.00,0.959
946,2,224.00,158.00,565.00,296.00,0.973
947,2,781.00,101.00,881.00,217.00,0.391
947,2,433.00,90.00,838.00,240.00,0.957
947,2,271.00,159.00,604.00,293.00,0.964
948,2,334.00,161.00,645.00,287.00,0.900
948,2,444.00,91.00,845.00,245.00,0.949
949,2,376.00,159.00,706.00,286.00,0.639
949,2,439.00,94.00,851.00,244.00,0.927
950,2,424.00,159.00,682.00,283.00,0.905
950,2,462.00,95.00,858.00,227.00,0.920
951,2,464.00,159.00,736.00,283.00,0.832
951,2,472.00,93.00,856.00,244.00,0.864
952,2,498.00,162.00,785.00,283.00,0.682
952,2,480.00,93.00,847.00,237.00,0.752
953,2,533.00,159.00,805.00,288.00,0.417
953,2,483.00,93.00,872.00,228.00,0.732
954,2,500.00,95.00,922.00,243.00,0.724
955,2,603.00,158.00,901.00,279.00,0.586
955,2,508.00,95.00,952.00,238.00,0.826
956,2,532.00,91.00,963.00,237.00,0.884
956,2,652.00,155.00,938.00,277.00,0.902
957,2,688.00,156.00,965.00,273.00,0.851
957,2,552.00,93.00,946.00,237.00,0.879
958,2,718.00,154.00,999.00,274.00,0.830
958,2,560.00,93.00,964.00,235.00,0.905
959,2,559.00,93.00,925.00,232.00,0.710
959,2,748.00,154.00,1029.00,270.00,0.926
960,2,563.00,96.00,920.00,233.00,0.645
960,2,784.00,154.00,1053.00,269.00,0.918
961,2,642.00,123.00,854.00,332.00,0.332
961,2,571.00,93.00,939.00,225.00,0.613
961,2,806.00,153.00,1069.00,268.00,0.954
962,2,583.00,92.00,873.00,228.00,0.393
962,2,829.00,152.00,1084.00,268.00,0.943
963,2,592.00,93.00,868.00,223.00,0.476
963,2,865.00,149.00,1131.00,262.00,0.906
964,2,618.00,88.00,951.00,218.00,0.415
964,2,1165.00,146.00,1238.00,371.00,0.421
964,2,890.00,149.00,1102.00,260.00,0.824
965,2,1175.00,162.00,1238.00,371.00,0.541
965,2,643.00,87.00,1079.00,216.00,0.652
965,2,917.00,148.00,1183.00,263.00,0.928
966,2,646.00,87.00,1073.00,219.00,0.846
966,2,939.00,146.00,1204.00,261.00,0.920
967,2,655.00,88.00,1081.00,219.00,0.750
967,2,956.00,144.00,1236.00,265.00,0.955
968,2,662.00,87.00,1101.00,223.00,0.918
968,2,981.00,143.00,1238.00,261.00,0.930
969,2,995.00,137.00,1238.00,236.00,0.750
969,2,675.00,86.00,1097.00,222.00,0.894
970,2,1193.00,84.00,1238.00,255.00,0.254
970,2,1022.00,145.00,1220.00,226.00,0.759
970,2,0.00,179.00,76.00,332.00,0.802
970,2,683.00,86.00,1085.00,219.00,0.918
971,2,1032.00,96.00,1238.00,221.00,0.706
971,2,0.00,202.00,129.00,328.00,0.904
971,2,700.00,87.00,1091.00,217.00,0.906
972,2,1040.00,98.00,1238.00,221.00,0.680
972,2,713.00,86.00,1117.00,217.00,0.870
972,2,0.00,202.00,180.00,327.00,0.951
973,2,1051.00,108.00,1237.00,205.00,0.409
973,2,726.00,88.00,1121.00,217.00,0.868
973,2,0.00,204.00,235.00,326.00,0.961
974,2,736.00,88.00,1147.00,219.00,0.835
974,2,0.00,199.00,271.00,331.00,0.938
975,2,743.00,89.00,1160.00,218.00,0.859
975,2,0.00,194.00,343.00,337.00,0.945
976,2,755.00,89.00,1181.00,218.00,0.844
976,2,55.00,197.00,391.00,327.00,0.936
977,2,1107.00,115.00,1235.00,229.00,0.413
977,2,790.00,88.00,1222.00,218.00,0.860
977,2,95.00,194.00,447.00,328.00,0.944
978,2,1024.00,100.00,1238.00,199.00,0.299
978,2,801.00,89.00,1232.00,215.00,0.871
978,2,181.00,191.00,418.00,327.00,0.940
979,2,246.00,172.00,537.00,329.00,0.783
979,2,797.00,90.00,1235.00,219.00,0.896
980,2,0.00,190.00,125.00,371.00,0.450
980,2,797.00,89.00,1233.00,221.00,0.884
980,2,299.00,185.00,594.00,315.00,0.954
981,2,0.00,156.00,88.00,374.00,0.340
981,2,799.00,89.00,1238.00,219.00,0.884
981,2,348.00,184.00,646.00,319.00,0.941
982,2,0.00,177.00,59.00,369.00,0.586
982,2,803.00,90.00,1234.00,217.00,0.907
982,2,411.00,184.00,688.00,321.00,0.952
983,2,815.00,89.00,1238.00,216.00,0.897
983,2,460.00,186.00,738.00,319.00,0.961
984,2,813.00,89.00,1237.00,215.00,0.900
984,2,507.00,182.00,779.00,314.00,0.944
985,2,823.00,89.00,1232.00,213.00,0.912
985,2,550.00,183.00,819.00,305.00,0.957
986,2,819.00,90.00,1235.00,213.00,0.902
986,2,591.00,181.00,857.00,304.00,0.956
987,2,835.00,91.00,1238.00,215.00,0.836
987,2,629.00,182.00,895.00,302.00,0.961
988,2,843.00,92.00,1238.00,213.00,0.732
988,2,669.00,184.00,927.00,300.00,0.962
989,2,845.00,92.00,1235.00,216.00,0.770
989,2,698.00,184.00,958.00,297.00,0.962
990,2,854.00,92.00,1233.00,215.00,0.755
990,2,732.00,182.00,987.00,296.00,0.963
991,2,860.00,93.00,1232.00,216.00,0.739
991,2,762.00,179.00,1011.00,293.00,0.961
992,2,0.00,128.00,145.00,374.00,0.264
992,2,878.00,93.00,1235.00,215.00,0.673
992,2,790.00,180.00,1038.00,291.00,0.969
993,2,1.00,168.00,63.00,374.00,0.484
993,2,898.00,91.00,1238.00,216.00,0.649
993,2,810.00,180.00,1060.00,288.00,0.964
994,2,934.00,91.00,1238.00,215.00,0.570
994,2,832.00,180.00,1079.00,287.00,0.970
995,2,1008.00,90.00,1236.00,210.00,0.600
995,2,857.00,178.00,1099.00,285.00,0.969
996,2,1028.00,91.00,1237.00,211.00,0.711
996,2,871.00,178.00,1116.00,284.00,0.970
997,2,1023.00,93.00,1237.00,210.00,0.606
997,2,890.00,178.00,1128.00,282.00,0.961
998,2,1034.00,93.00,1237.00,206.00,0.452
998,2,905.00,177.00,1144.00,281.00,0.969
999,2,1048.00,96.00,1238.00,212.00,0.800
999,2,917.00,177.00,1157.00,281.00,0.966
1000,2,1040.00,95.00,1238.00,210.00,0.808
1000,2,928.00,177.00,1164.00,279.00,0.956
1001,2,1012.00,95.00,1234.00,197.00,0.790
1001,2,942.00,176.00,1172.00,278.00,0.935
1002,2,1054.00,95.00,1237.00,196.00,0.858
1002,2,953.00,174.00,1184.00,277.00,0.953
1003,2,1062.00,93.00,1238.00,200.00,0.871
1003,2,962.00,175.00,1190.00,278.00,0.926
1004,2,1030.00,172.00,1168.00,355.00,0.454
1004,2,1066.00,96.00,1238.00,207.00,0.878
1004,2,966.00,176.00,1182.00,276.00,0.910
1005,2,976.00,176.00,1177.00,270.00,0.876
1005,2,1061.00,98.00,1238.00,205.00,0.880
1006,2,1055.00,98.00,1236.00,192.00,0.865
1006,2,975.00,172.00,1197.00,281.00,0.912
1007,2,1059.00,101.00,1238.00,194.00,0.882
1007,2,1000.00,174.00,1188.00,276.00,0.933
1008,2,1063.00,103.00,1238.00,188.00,0.875
1008,2,985.00,175.00,1190.00,275.00,0.939
1009,2,1061.00,105.00,1238.00,190.00,0.865
1009,2,991.00,176.00,1184.00,274.00,0.926
1010,2,1073.00,107.00,1238.00,188.00,0.861
1010,2,985.00,174.00,1215.00,273.00,0.923
1011,2,1082.00,101.00,1238.00,189.00,0.752
1011,2,988.00,175.00,1228.00,274.00,0.927
1012,2,1096.00,104.00,1238.00,195.00,0.747
1012,2,988.00,176.00,1226.00,273.00,0.932
1013,2,1095.00,105.00,1238.00,189.00,0.709
1013,2,992.00,176.00,1194.00,272.00,0.936
1014,2,1089.00,114.00,1237.00,185.00,0.614
1014,2,992.00,175.00,1193.00,272.00,0.940
1015,2,1092.00,111.00,1238.00,191.00,0.679
1015,2,993.00,176.00,1191.00,271.00,0.944
1016,2,1080.00,107.00,1238.00,196.00,0.675
1016,2,987.00,175.00,1220.00,273.00,0.932
1017,2,1068.00,110.00,1238.00,196.00,0.532
1017,2,987.00,176.00,1220.00,273.00,0.930
1018,2,1068.00,111.00,1238.00,197.00,0.504
1018,2,987.00,176.00,1220.00,272.00,0.929
1019,2,1067.00,112.00,1238.00,196.00,0.571
1019,2,987.00,176.00,1221.00,273.00,0.931
1020,2,1056.00,112.00,1238.00,198.00,0.543
1020,2,987.00,175.00,1222.00,273.00,0.930
1021,2,1054.00,112.00,1238.00,198.00,0.509
1021,2,987.00,175.00,1221.00,273.00,0.932
1022,2,1069.00,107.00,1238.00,202.00,0.564
1022,2,987.00,175.00,1219.00,272.00,0.929
1023,2,1086.00,108.00,1238.00,200.00,0.592
1023,2,987.00,175.00,1219.00,273.00,0.928
1024,2,1095.00,107.00,1237.00,199.00,0.553
1024,2,993.00,176.00,1194.00,272.00,0.929
1025,2,1060.00,109.00,1238.00,196.00,0.510
1025,2,987.00,175.00,1220.00,273.00,0.928
1026,2,1069.00,112.00,1238.00,196.00,0.506
1026,2,987.00,175.00,1220.00,273.00,0.930
1027,2,1073.00,114.00,1238.00,196.00,0.538
1027,2,987.00,175.00,1222.00,273.00,0.930
1028,2,1079.00,114.00,1237.00,197.00,0.522
1028,2,987.00,175.00,1222.00,273.00,0.931
1029,2,1087.00,109.00,1238.00,201.00,0.521
1029,2,987.00,175.00,1220.00,273.00,0.930
1030,2,1087.00,109.00,1237.00,201.00,0.437
1030,2,988.00,175.00,1220.00,273.00,0.930
1031,2,1086.00,110.00,1238.00,202.00,0.508
1031,2,987.00,175.00,1220.00,273.00,0.931
1032,2,1059.00,110.00,1238.00,200.00,0.530
1032,2,988.00,175.00,1223.00,273.00,0.929
1033,2,1058.00,110.00,1238.00,199.00,0.550
1033,2,988.00,175.00,1222.00,273.00,0.928
1034,2,1057.00,110.00,1238.00,200.00,0.487
1034,2,987.00,175.00,1222.00,273.00,0.929
1035,2,1058.00,111.00,1238.00,200.00,0.434
1035,2,988.00,175.00,1221.00,273.00,0.927
1036,2,1058.00,110.00,1238.00,201.00,0.396
1036,2,987.00,175.00,1221.00,273.00,0.927
1037,2,1063.00,108.00,1238.00,202.00,0.403
1037,2,987.00,175.00,1220.00,273.00,0.929
1038,2,1098.00,109.00,1237.00,204.00,0.399
1038,2,988.00,175.00,1218.00,273.00,0.928
1039,2,1104.00,108.00,1237.00,205.00,0.542
1039,2,993.00,176.00,1195.00,272.00,0.926
1040,2,1089.00,107.00,1238.00,202.00,0.550
1040,2,988.00,175.00,1217.00,273.00,0.928
1041,2,1093.00,109.00,1237.00,196.00,0.445
1041,2,993.00,176.00,1193.00,272.00,0.925
1042,2,1108.00,111.00,1237.00,201.00,0.548
1042,2,988.00,175.00,1217.00,273.00,0.928
1043,2,1107.00,109.00,1237.00,201.00,0.595
1043,2,988.00,175.00,1217.00,273.00,0.928
1044,2,1108.00,112.00,1238.00,207.00,0.598
1044,2,987.00,175.00,1213.00,273.00,0.930
1045,2,1110.00,110.00,1237.00,203.00,0.571
1045,2,988.00,175.00,1215.00,273.00,0.931
1046,2,1097.00,110.00,1238.00,202.00,0.581
1046,2,988.00,175.00,1218.00,273.00,0.928
1047,2,1069.00,113.00,1238.00,194.00,0.470
1047,2,987.00,175.00,1221.00,273.00,0.933
1048,2,1091.00,112.00,1238.00,196.00,0.549
1048,2,988.00,175.00,1221.00,274.00,0.932
1049,2,1083.00,115.00,1238.00,194.00,0.580
1049,2,986.00,176.00,1222.00,275.00,0.936
1050,2,1093.00,115.00,1237.00,196.00,0.522
1050,2,987.00,176.00,1221.00,275.00,0.938
1051,2,1119.00,117.00,1237.00,197.00,0.549
1051,2,987.00,176.00,1221.00,275.00,0.938
1052,2,1105.00,119.00,1238.00,196.00,0.628
1052,2,0.00,161.00,159.00,369.00,0.788
1052,2,988.00,176.00,1220.00,275.00,0.940
1053,2,1104.00,122.00,1238.00,197.00,0.661
1053,2,0.00,170.00,129.00,374.00,0.740
1053,2,989.00,176.00,1217.00,275.00,0.933
1054,2,0.00,167.00,77.00,374.00,0.591
1054,2,1108.00,121.00,1238.00,198.00,0.642
1054,2,995.00,178.00,1196.00,274.00,0.931
1055,2,1124.00,123.00,1237.00,199.00,0.652
1055,2,990.00,176.00,1217.00,277.00,0.934
1056,2,1131.00,119.00,1238.00,203.00,0.741
1056,2,991.00,177.00,1219.00,278.00,0.938
1057,2,1123.00,117.00,1237.00,204.00,0.678
1057,2,992.00,177.00,1215.00,278.00,0.939
1058,2,1133.00,119.00,1236.00,202.00,0.631
1058,2,994.00,178.00,1213.00,279.00,0.943
