0,301.087769,168.377487,451.824768,287.356201,0.946669
0,46.287422,198.850754,86.264320,216.817093,0.426915
1,299.638184,166.127502,449.709778,282.123199,0.938620
2,298.378448,159.700134,445.844635,274.039520,0.943387
2,100.708824,185.751450,134.062531,203.830215,0.470692
3,295.217102,152.614014,442.602966,265.925842,0.936371
3,112.144478,178.087860,142.972733,193.879913,0.350722
4,295.855469,152.894592,440.028503,264.330048,0.948263
4,121.793457,176.490829,169.290222,195.678604,0.495982
5,293.406708,154.831512,437.679657,264.959045,0.948954
5,126.515068,178.315811,176.008484,196.812454,0.543261
5,0.379913,184.880722,41.058788,207.269577,0.315672
6,292.584229,156.530136,435.611206,265.194275,0.946094
6,142.733093,180.500687,187.237030,200.226486,0.489827
7,291.249420,157.739212,433.944977,265.390076,0.942757
7,418.548248,166.282471,453.339630,201.114899,0.460406
7,152.967819,181.912598,195.375198,202.696503,0.388747
7,191.886414,182.563187,211.038696,201.827774,0.381948
7,126.732811,185.198593,163.605499,200.492233,0.381256
8,289.260101,159.674850,430.096771,265.514618,0.917623
8,416.401642,167.923325,464.749725,203.779495,0.666661
8,162.436218,183.053360,194.828094,205.121811,0.660346
8,133.811508,189.003113,179.878311,212.296570,0.552285
8,196.791901,184.737808,220.632935,203.403763,0.510470
8,40.331059,190.662567,71.765381,210.395294,0.308298
9,288.080231,157.873947,427.363129,264.270508,0.811118
9,419.665588,167.216064,474.196899,205.380402,0.797823
9,206.822189,183.518402,227.850693,202.007812,0.427478
9,139.627502,183.938293,183.440552,202.706818,0.412564
9,176.051559,181.766296,211.654831,203.005280,0.412047
10,286.449188,162.217819,424.957062,267.839661,0.845904
10,213.926605,186.652679,236.951630,206.570190,0.548281
10,185.007523,186.384018,220.297684,206.726761,0.443313
10,58.680466,192.377594,89.054855,214.098724,0.335928
11,284.960754,163.707443,422.281860,267.325287,0.891731
11,420.837067,172.526260,481.799042,212.745346,0.763175
11,196.924759,187.404007,228.716263,208.210831,0.652252
11,153.887115,188.779663,196.978241,208.186920,0.584823
11,226.986267,188.844147,245.395630,208.429871,0.542189
12,283.429962,161.606186,421.007172,263.876801,0.871500
12,428.256714,169.153519,496.131775,208.282425,0.683930
12,233.786987,186.691162,254.124451,206.057831,0.470720
12,42.275742,195.398849,85.340988,215.332718,0.419966
13,282.279297,157.465729,417.838257,261.698883,0.731632
13,168.991898,185.216034,213.641098,205.415222,0.572946
13,213.604218,183.899353,241.538025,202.029358,0.371717
13,49.494011,196.140213,80.783897,213.401077,0.347046
13,241.361603,183.915604,260.931122,204.385941,0.330892
13,154.275299,191.427277,171.341888,206.050812,0.307436
14,281.351074,159.400055,416.972717,261.966980,0.664532
14,178.775375,185.886780,223.338394,209.042206,0.444158
14,250.516205,187.124268,269.509857,205.312531,0.372311
14,222.168930,184.622879,250.707962,204.282669,0.340613
15,282.483612,160.584274,414.092255,261.624756,0.811984
15,455.350983,169.365662,513.081482,207.622101,0.633532
16,282.266876,156.335419,412.846710,257.190216,0.700950
16,80.143097,193.422409,103.978638,211.027939,0.514791
16,107.844604,188.866379,143.037216,209.890793,0.510686
16,267.311523,182.958771,289.621338,201.762787,0.430728
17,282.615265,160.964905,410.718231,259.827301,0.930093
17,475.060791,169.431854,529.291077,208.149200,0.791803
17,273.632599,186.021545,292.106659,204.731476,0.491787
17,201.228333,184.920883,254.705719,211.480820,0.377208
17,245.916824,184.386520,273.038605,202.815384,0.315280
18,482.250122,174.245529,543.419678,213.525925,0.820775
18,282.955902,166.760834,409.137054,264.807312,0.767280
18,208.353394,191.214066,249.572723,209.040268,0.404795
18,133.294250,195.854630,171.384888,217.469131,0.330541
19,284.914337,175.430954,408.846344,270.875153,0.782029
19,490.417084,180.245148,546.073853,220.857727,0.583102
19,125.152954,202.737869,170.445343,224.892929,0.387866
19,15.663017,213.970459,48.720451,231.711395,0.303116
20,286.610321,181.645523,408.167389,274.992615,0.872496
20,229.715424,207.343613,278.247406,231.071426,0.452048
21,290.275482,181.183792,408.045197,274.230316,0.792005
21,505.475769,183.896362,562.491638,223.760986,0.773138
21,236.043243,202.592239,287.682098,230.324112,0.569539
21,141.192719,208.519211,189.438019,230.295761,0.545781
22,294.883392,176.624512,409.285065,268.721069,0.876219
22,236.519730,196.724411,291.501556,219.174759,0.405135
22,41.828049,213.066727,73.321747,233.262650,0.321077
23,299.245697,172.444687,408.822235,264.404053,0.884728
23,156.015106,199.835892,203.277283,221.359146,0.537030
23,50.262543,209.664200,79.392593,228.192154,0.428273
23,246.395798,193.404831,301.399719,221.456802,0.322172
24,304.299133,173.407990,409.366760,264.477844,0.905589
25,309.126343,173.223053,409.880493,262.578888,0.899794
26,544.667175,168.742767,611.164490,212.456604,0.747014
26,316.033569,167.461136,412.801758,254.369095,0.645380
27,323.654053,162.442505,416.484009,249.329926,0.640403
27,657.293213,169.079224,685.922852,190.674652,0.451043
27,295.195251,179.930054,326.260559,198.105621,0.332536
28,331.002228,163.642624,417.774078,248.502274,0.803990
28,560.647827,162.013397,628.061768,205.964722,0.752202
28,664.918091,161.990524,695.852905,189.714767,0.637976
28,304.642548,180.532913,334.004852,199.331284,0.455467
29,337.306274,165.093445,421.040955,251.464691,0.803810
29,674.537964,163.035309,706.948975,190.473114,0.748133
29,569.276550,163.833069,635.660339,207.034180,0.584949
29,311.358002,182.646408,340.254059,202.503952,0.554340
29,228.430511,189.544815,262.001617,210.122269,0.373644
30,343.099365,168.552246,425.543152,251.930206,0.724893
30,577.477173,164.686951,642.375610,208.972748,0.659733
30,305.798828,183.980820,346.870056,218.573959,0.347001
31,587.365845,166.563751,651.404175,208.772156,0.848233
31,348.125916,166.127441,430.757507,250.140991,0.834174
31,325.630432,183.238617,351.504211,203.471008,0.430175
31,696.430420,164.081024,728.934937,195.350311,0.304285
32,596.150574,166.893097,661.777649,210.368256,0.747664
32,354.671417,165.911209,438.183136,249.778793,0.636306
32,707.977783,164.326416,742.113159,195.031799,0.515702
33,362.188538,167.040131,452.078430,249.335541,0.855621
33,606.059570,166.975174,671.204224,211.964249,0.785941
34,370.007690,165.855713,461.427917,248.100708,0.688507
34,615.868164,161.968018,693.387207,206.919312,0.529749
34,730.936707,161.663528,764.570496,191.604233,0.472970
35,624.653870,158.862305,704.392761,203.328552,0.392753
35,743.608521,159.534393,764.227539,186.435181,0.380236
37,649.548889,157.212921,730.116150,208.223358,0.668205
38,304.915527,188.052795,344.540466,209.537842,0.578216
39,675.461914,160.306213,758.884399,211.983765,0.697952
39,404.222412,182.325958,427.850220,199.959747,0.490644
39,314.252533,189.468384,351.286346,210.277039,0.455708
40,682.901306,159.836792,776.731995,213.002563,0.656190
40,303.886444,190.675720,361.148651,212.992584,0.445946
40,416.325043,182.763977,443.115753,200.414001,0.375646
40,280.983978,193.958740,304.027679,214.373291,0.310950
41,429.034241,184.954285,457.114746,204.688812,0.698405
41,453.595428,163.405151,558.531189,244.291656,0.622089
42,440.034943,187.967865,467.908051,207.275757,0.661102
42,469.278229,165.797745,575.260986,246.877365,0.552715
42,345.233215,195.998169,386.054260,218.999786,0.468846
43,486.270660,168.576935,595.475586,247.236206,0.715331
43,722.369751,164.290131,832.769043,221.336700,0.666686
43,335.831726,196.255417,400.228027,220.793839,0.595849
43,452.378601,188.985794,482.469421,209.244186,0.445182
44,503.992249,168.379425,606.374329,247.161835,0.854160
44,465.960205,187.400787,505.838135,207.016937,0.532266
45,523.407715,167.310822,618.771118,245.582977,0.829876
45,482.834808,186.630112,524.681030,207.851852,0.498326
46,542.989441,165.597626,649.732483,244.870148,0.867698
46,488.575134,184.002243,526.470581,205.803452,0.558002
47,562.404541,165.657242,673.480957,245.074966,0.889003
47,501.270355,185.371765,550.345337,207.341888,0.450164
47,919.608765,156.875565,934.810791,211.711777,0.423314
48,811.797485,158.745163,941.474731,222.008530,0.656151
48,942.180298,154.655930,963.325928,213.024948,0.598528
49,831.346130,157.623596,963.046692,222.086487,0.873591
50,851.117188,157.251785,986.427246,224.145126,0.750295
51,554.131287,182.448395,605.531311,203.966919,0.306158
52,891.117065,157.773773,1033.930542,227.096375,0.624689
52,675.693787,156.831985,785.890564,239.956009,0.594096
53,911.305054,157.188568,1027.490967,228.991486,0.879375
53,695.625916,158.792328,809.279724,240.932831,0.734558
54,716.206543,157.991028,832.961426,240.588501,0.804750
55,736.645874,157.011581,857.799561,240.500717,0.824497
56,755.875183,156.259842,882.500427,240.420059,0.820288
56,974.860107,154.491913,1136.494141,233.955963,0.740789
56,1148.961304,145.450150,1242.837769,234.669449,0.575803
57,1177.251343,145.456635,1241.732300,234.660675,0.704009
57,778.997620,149.384781,907.699646,240.260269,0.673341
57,995.443420,154.127380,1161.862061,235.571991,0.560984
57,617.587769,180.096832,652.174561,200.913208,0.365841
57,666.150330,178.721085,691.500793,205.884964,0.318542
58,1012.257385,154.539673,1153.570312,237.386292,0.729413
58,801.309692,155.672501,933.661743,239.195541,0.720387
58,676.652771,177.838928,699.940247,204.399811,0.328816
59,824.247009,154.976761,959.565002,239.205399,0.767509
59,1034.966797,150.970123,1212.575684,239.178223,0.762583
60,1050.571289,152.159332,1238.295410,239.475555,0.892727
60,844.697876,155.401138,986.389771,239.223465,0.722535
60,690.158447,178.333588,711.932983,205.140869,0.406962
60,638.136353,178.770096,677.952148,201.174637,0.328281
61,1067.940552,152.915436,1239.786255,244.706635,0.848142
61,869.174377,154.774231,1012.208557,239.489685,0.798971
61,647.222839,178.767242,697.892639,200.031097,0.425156
61,694.161255,177.937134,720.655762,205.660858,0.401941
62,890.415161,154.785019,1038.921143,239.351151,0.888258
62,1085.039795,151.829514,1238.746094,245.707870,0.878666
62,648.511902,178.227982,688.129456,200.418686,0.543868
62,699.952393,176.773163,723.307861,204.944641,0.497000
63,1100.897339,150.095306,1242.124878,248.431152,0.915043
63,912.235413,154.437057,1064.177490,239.271255,0.813847
63,703.106567,177.005203,733.108398,206.416611,0.645539
63,648.142822,178.270920,691.257812,199.720810,0.634494
64,1114.757202,150.254211,1242.539673,250.343872,0.920873
64,932.275696,154.425461,1089.401001,239.446701,0.700749
64,649.968140,178.246048,694.083862,199.982864,0.625417
64,705.862305,176.940231,732.239502,203.343643,0.416572
65,1128.279419,152.095642,1236.198853,252.409637,0.908468
65,954.073486,155.317490,1114.149414,240.233322,0.808753
65,652.535767,179.041260,694.624756,200.828857,0.678912
65,708.271667,178.005676,734.436707,205.276581,0.493115
66,1140.383545,152.505951,1241.563477,252.832184,0.916406
66,972.778931,156.807007,1136.554810,241.862549,0.782911
66,658.172119,180.743073,695.209717,203.281067,0.703020
66,704.956177,179.089050,734.948242,208.318939,0.497500
67,1146.449951,154.835388,1241.599854,259.836884,0.905903
67,991.964600,158.555664,1155.454834,243.649841,0.846717
67,651.550720,182.954376,694.344543,205.114105,0.721505
67,704.923706,180.831024,725.737427,199.153992,0.412800
68,1156.463013,157.681396,1241.476685,260.548706,0.925553
68,1010.614075,160.566391,1169.703491,246.138901,0.887706
68,648.181458,185.438873,690.249939,207.844910,0.774631
69,1164.246338,158.905090,1241.629883,261.615906,0.922129
69,1027.203491,160.738617,1185.658081,246.959869,0.882586
69,641.890442,185.656250,686.133118,208.299072,0.760018
69,695.213135,183.307175,719.662964,210.628738,0.504777
70,1170.339600,157.939148,1241.466797,261.364319,0.929191
70,1042.191650,159.567261,1194.882568,244.220154,0.866620
70,637.476562,184.178833,680.800903,207.488586,0.715366
70,688.912231,182.438202,714.879028,210.483734,0.355890
71,1174.477051,157.897247,1241.318115,262.755249,0.929717
71,627.693115,182.937485,672.718140,206.128494,0.792814
71,1056.962402,158.732574,1202.721436,244.239227,0.770031
71,682.040283,180.997131,704.828491,199.193756,0.525568
72,1175.974609,157.842712,1241.383057,263.933746,0.928331
72,1068.668457,158.307449,1210.405273,243.226822,0.847402
72,618.330444,181.758636,663.852051,205.559845,0.737488
72,673.658691,179.653854,696.170898,195.918076,0.487645
73,1174.699463,156.751587,1241.455078,265.981903,0.927015
73,1079.314209,158.202286,1212.993164,242.574203,0.826628
73,610.108948,181.193024,653.537659,205.064789,0.820339
73,662.761108,178.954056,685.697510,196.485184,0.500911
74,1173.746338,157.565704,1241.466309,268.189545,0.931321
74,1088.698853,158.874542,1212.054077,242.217712,0.903292
74,600.743530,181.240631,642.105469,206.003052,0.770724
74,650.813171,179.298874,674.733948,197.313858,0.405889
74,1213.404785,280.896881,1241.617676,335.031952,0.300026
75,1168.480103,156.951401,1241.563354,269.809784,0.923708
75,1094.858276,160.537384,1208.111450,241.283539,0.871596
75,589.903687,181.854630,628.590088,207.388779,0.763662
75,637.575378,180.227753,661.021667,196.509247,0.369122
75,572.626099,182.388351,594.211426,198.243820,0.310312
76,1165.076172,157.571686,1241.719727,274.028992,0.917002
76,1100.308350,162.571808,1201.946289,242.129730,0.905851
76,577.237305,183.265793,614.175293,208.715256,0.645992
76,560.353638,183.381454,579.287231,200.384018,0.494468
76,625.523865,181.640030,646.669495,196.115189,0.371769
77,1158.460938,159.809570,1241.444824,278.116821,0.924332
77,1102.150146,164.901718,1194.866943,243.933121,0.904873
77,562.932251,184.334122,625.985596,210.451248,0.748502
77,542.244263,183.983261,563.249146,200.232193,0.370731
78,1152.870728,158.679764,1241.582397,281.901917,0.923513
78,1105.948486,167.528702,1187.144775,245.010056,0.913503
78,551.607971,185.447495,615.859070,212.312729,0.791739
78,526.318237,183.348297,547.327637,201.010559,0.540890
79,1106.722656,168.031311,1177.876221,244.746521,0.919422
79,1144.864014,159.912643,1241.456787,283.259521,0.915899
79,539.182678,186.185684,606.749817,214.939316,0.809898
79,509.980438,184.681656,530.996460,202.196976,0.527565
80,1136.291382,160.942596,1241.339478,287.688782,0.911696
80,1106.202759,168.967117,1170.453003,244.459671,0.903886
80,525.936035,186.708420,592.182739,219.162979,0.831590
80,489.434937,186.374298,513.218811,204.009277,0.728949
81,1127.369263,161.021362,1241.490601,292.570038,0.913529
81,1102.696045,170.720795,1160.230713,244.900848,0.885563
81,511.559387,188.030640,574.124817,221.001801,0.787013
81,472.510284,187.723083,494.472015,205.037994,0.699658
82,1119.275391,159.088501,1241.860596,296.333984,0.917993
82,1099.134033,172.577820,1148.146973,243.891479,0.846853
82,451.752899,188.161438,474.965179,205.918243,0.749432
82,512.476318,187.798889,552.001465,225.775330,0.345211
83,1110.222778,158.719376,1241.635132,297.996094,0.914549
83,1094.189941,171.530365,1137.366211,241.901154,0.835047
83,429.431549,188.875870,455.127838,207.641495,0.747784
83,1079.399414,189.245346,1098.348633,218.303329,0.633395
83,490.667419,187.673279,524.918274,214.707794,0.444755
84,1100.931152,156.504288,1241.641113,300.009705,0.894600
84,1059.351562,186.419540,1091.926270,218.964340,0.809490
84,406.646698,189.887405,434.455902,209.229843,0.796876
84,1087.947388,170.182236,1123.952759,240.320419,0.764920
85,1092.419922,156.269165,1241.743408,303.714813,0.890827
85,1041.323120,185.012680,1083.789673,217.023026,0.851758
85,375.889923,189.249252,412.437775,209.531204,0.821744
85,1081.485474,168.554794,1112.335571,238.176041,0.790302
85,454.338989,188.160034,482.166199,215.412903,0.705973
86,1018.524475,185.232391,1064.449219,216.766571,0.872592
86,353.288879,189.389877,390.330627,210.564224,0.849892
86,1083.929810,154.764618,1241.804321,307.517334,0.834499
86,1068.101685,168.663956,1100.046021,235.227493,0.832821
86,433.669708,188.380142,459.356232,210.314499,0.752587
86,1059.924438,184.315125,1074.856079,215.823547,0.402528
87,326.352325,189.577530,366.227081,210.144455,0.827856
87,1056.858276,169.570572,1089.810669,236.347122,0.826613
87,1000.761047,186.660904,1047.519897,217.489822,0.821937
87,411.992554,188.856934,436.523743,210.367432,0.802581
87,1076.538330,156.001556,1241.498047,306.418915,0.756138
87,1043.033203,187.647339,1060.891113,215.930634,0.516775
87,1026.784180,182.660568,1054.775391,198.377609,0.314968
88,979.784729,186.552567,1031.827881,217.998276,0.839223
88,1046.774414,170.860504,1079.949951,235.276306,0.767283
88,389.814941,188.029831,412.916443,211.483353,0.711304
88,310.190491,188.472427,334.370422,210.194382,0.532034
88,1030.397705,187.812592,1045.422363,213.283630,0.349610
89,965.189148,185.546188,1008.858582,216.992874,0.841804
89,1035.036377,170.580780,1070.058838,233.141388,0.805860
89,366.556396,189.005020,388.374512,211.918747,0.596212
89,988.922974,183.925873,1023.709839,212.253479,0.556506
90,949.621155,184.725601,990.717712,216.149216,0.848929
90,1023.767151,169.993668,1060.865356,231.509048,0.845451
90,971.373779,181.310440,1004.368530,212.208450,0.547446
90,343.916901,191.396576,364.074371,213.190369,0.459635
90,241.994781,190.561539,296.571808,210.055161,0.357358
91,935.941406,185.163803,972.181152,215.878098,0.859258
91,1010.764648,170.376373,1052.264893,230.449982,0.853758
91,237.885834,183.914307,270.584442,216.107025,0.631341
92,998.095398,172.020416,1043.281738,230.474457,0.893661
92,926.281860,184.700989,955.353027,216.298279,0.771927
92,0.124912,223.790253,72.884415,305.571442,0.738664
92,1031.931519,150.358429,1242.214966,328.951691,0.674888
92,192.132202,189.959961,243.531921,213.115814,0.665276
92,962.247742,178.390564,985.512146,198.710876,0.453921
92,944.596985,182.837433,965.598083,211.926422,0.376074
92,979.599182,180.235107,991.631653,191.885193,0.342621
93,985.096924,171.415802,1033.530273,230.202148,0.897779
93,153.431396,189.011810,209.364655,212.139130,0.832121
93,1029.725586,149.068802,1241.786621,329.311401,0.714683
93,914.085510,181.334869,946.408020,213.385834,0.636773
93,936.243042,174.069946,965.420044,196.285370,0.368126
94,971.271362,171.010269,1024.195923,226.624069,0.908496
94,122.342331,186.671280,176.933640,211.268051,0.869940
94,870.867920,184.203278,904.673828,214.695282,0.850275
94,923.446045,177.033661,945.185303,195.077423,0.606836
94,946.918396,174.377991,960.958679,186.954529,0.413648
95,957.402527,171.896683,1015.944641,228.006271,0.897857
95,854.509460,184.818573,891.444397,215.162262,0.877380
95,88.595528,185.044006,149.732925,210.561401,0.874314
95,71.549934,182.874863,94.122429,206.544144,0.477026
96,53.387226,183.131744,125.538589,208.818878,0.886082
96,838.999573,185.692123,879.262756,217.130051,0.881213
96,942.941772,174.539764,999.630981,230.007233,0.868134
96,26.335922,180.301956,60.508842,205.763443,0.610248
96,859.154541,181.614014,884.848145,199.579193,0.463157
96,995.870789,183.800705,1009.196228,210.549698,0.360966
97,927.553345,175.415085,982.298828,231.309097,0.915960
97,16.477673,181.860580,91.369141,208.257187,0.880495
97,820.715088,186.857071,863.114624,218.275284,0.873426
97,979.181091,186.863937,1001.378601,213.693192,0.614368
97,-0.023582,179.077011,22.824200,206.300919,0.550595
97,841.197632,182.227005,869.015625,207.088303,0.415327
98,911.702148,175.769699,965.048462,230.309097,0.877822
98,802.926270,186.438293,845.205322,218.269958,0.864775
98,0.128069,181.037140,57.596359,208.528229,0.842491
98,962.424377,187.581299,989.905212,214.624908,0.652488
98,823.301636,182.674210,855.689697,208.767502,0.399144
98,848.632935,182.140656,869.092407,197.719238,0.328426
99,895.374084,175.824127,948.420959,229.284241,0.911520
99,785.560242,186.034622,827.943054,217.851913,0.881606
99,947.268799,187.791519,971.592651,214.511124,0.733704
99,968.924194,187.394455,986.822510,218.811111,0.724319
99,-0.008288,181.178131,20.808647,208.616241,0.552369
99,835.252502,181.944229,849.877625,197.236710,0.377409
99,874.264160,184.363434,888.727417,194.799408,0.324338
99,805.087280,182.193268,836.126465,203.138458,0.302877
100,880.523865,174.845596,930.453552,226.895432,0.899566
100,768.286438,184.857895,812.092224,217.596817,0.888224
100,946.865295,185.907379,980.390686,217.769836,0.878890
100,930.797974,186.501343,952.632446,213.359009,0.705726
100,812.352905,180.872604,830.094971,195.825424,0.551555
100,789.579895,180.323349,816.209534,201.659500,0.351205
100,824.597168,177.685410,839.797363,189.662308,0.303803
101,751.257874,183.865677,794.867371,215.996811,0.882333
101,929.637207,185.223907,968.211792,217.642120,0.855108
101,953.102356,189.264343,975.061584,225.955109,0.843480
101,869.443115,174.458313,911.958130,225.697327,0.820362
101,913.852722,186.163467,935.571716,213.071548,0.634770
101,794.421387,180.157578,811.237671,196.125565,0.535377
101,770.885559,179.284927,796.935242,202.564957,0.499849
101,847.311646,178.777725,859.461426,189.882187,0.417007
101,806.474426,176.735947,821.116150,191.188065,0.414067
102,937.375183,187.756470,973.747620,226.438416,0.898763
102,733.803101,182.916489,780.639893,215.249710,0.874912
102,910.699158,183.861603,952.681213,217.003448,0.874809
102,16.608164,174.078339,62.242111,207.234406,0.787415
102,896.667297,186.171143,918.500183,212.374664,0.671030
102,837.263123,177.649948,850.153137,191.741653,0.530464
102,891.100403,185.970016,904.874817,210.442062,0.400456
102,779.257080,179.576279,793.775513,195.564865,0.395999
102,788.695923,174.967422,804.021729,188.570358,0.394628
102,753.915161,178.144745,781.628052,199.472382,0.385146
102,828.038574,176.808319,839.940186,188.448059,0.364708
103,921.643372,187.932510,970.050232,226.247116,0.911159
103,894.637878,183.180817,935.518982,217.184387,0.877550
103,719.101746,182.671188,763.410339,214.498428,0.837946
103,956.766968,192.395386,970.677246,236.384979,0.782425
103,0.002130,175.144821,23.872677,208.944077,0.753377
103,878.983887,185.005829,901.805786,212.215485,0.689501
103,818.393616,177.062256,833.204651,190.873840,0.480621
103,874.191528,184.875397,889.514404,205.467255,0.407692
103,765.125305,181.258652,777.228210,193.314224,0.387079
104,906.166931,188.204941,955.649475,227.730759,0.903351
104,942.508850,190.305542,971.335999,237.639160,0.899737
104,703.677307,182.665665,747.825989,215.496201,0.862164
104,880.844238,183.799591,919.856812,217.637482,0.861654
104,811.623108,173.266754,856.926453,219.422668,0.834004
104,800.359802,177.839249,815.940613,193.028244,0.612441
104,866.935059,185.005966,887.440430,213.628494,0.578283
104,746.930603,180.494156,759.664490,194.325974,0.416210
104,752.162964,174.068405,768.759033,186.295181,0.405787
104,793.224854,175.959518,804.692627,188.594376,0.371337
104,720.613342,177.816269,750.061829,196.712418,0.343648
105,928.346863,189.245514,972.695374,239.036591,0.916262
105,889.636169,189.057693,940.307678,229.079117,0.912720
105,864.790649,184.604568,903.816406,217.931259,0.868922
105,687.991272,183.047272,732.193176,216.823303,0.858903
105,794.136780,173.676956,840.832947,219.156967,0.842266
105,783.610046,178.368591,798.441833,192.675476,0.651367
105,774.822021,177.935486,785.568237,188.792358,0.480341
105,703.703857,178.438309,732.308472,196.254868,0.381377
105,730.240662,181.297546,742.228699,193.805756,0.320052
105,734.968506,175.247131,749.485474,186.087677,0.300842
106,914.366455,189.413025,975.331177,239.826019,0.917982
106,777.080139,173.672577,828.933411,221.207825,0.907721
106,874.703857,189.235474,926.411621,229.871765,0.905057
106,667.530396,183.454895,714.945312,217.410034,0.871603
106,853.640564,184.694519,888.025452,216.161835,0.831691
106,823.571899,185.354126,839.254883,208.552582,0.678673
106,766.644470,178.832199,781.163391,192.042740,0.569435
106,686.958679,178.714279,717.103577,197.597855,0.510870
106,712.169312,181.545639,724.642090,193.204697,0.444823
106,756.744446,177.708344,767.559631,188.297119,0.418014
107,900.908386,189.703140,981.025940,240.845901,0.914821
107,861.987000,189.657883,913.394226,229.732132,0.903717
107,759.764832,174.003891,811.147888,221.029526,0.903178
107,651.045288,183.189346,699.048096,218.588242,0.870935
107,806.562256,185.981964,827.941040,212.254761,0.664710
107,750.197998,178.977448,763.903076,192.194641,0.588643
107,670.252075,178.183395,700.418457,198.267685,0.550730
107,846.691956,185.239288,872.395325,204.336975,0.549200
107,696.366516,181.348145,707.638855,193.734833,0.400326
107,739.262878,177.459747,751.117981,189.028229,0.385094
108,888.811401,190.123627,988.057129,242.663239,0.923257
108,854.157776,190.130295,899.434753,231.586411,0.905639
108,743.927734,174.451218,793.887329,220.747147,0.898094
108,634.074890,183.306793,684.124573,219.036194,0.889122
108,733.970337,179.541504,746.638916,192.330811,0.614765
108,795.721619,186.778320,821.836731,213.397980,0.611714
108,723.000061,177.669479,734.444885,189.171341,0.436696
108,654.641174,178.399063,682.327942,194.630325,0.400785
108,680.673035,180.816452,691.665222,193.861862,0.321518
109,877.112915,189.856842,975.900879,242.792175,0.924829
109,728.095947,173.952560,776.951416,219.786148,0.890455
109,847.087219,189.523132,888.616272,231.991028,0.877547
109,621.479431,182.980499,667.924744,219.311768,0.841014
109,799.584595,185.336212,825.378296,219.321014,0.769641
109,783.702026,185.946075,807.527100,213.645508,0.744245
109,773.413513,185.443909,793.602966,209.980621,0.691744
109,715.817871,178.638626,731.918457,191.593399,0.628618
109,273.250641,218.018158,294.265167,245.145874,0.508310
109,639.603699,178.851074,669.542908,200.513489,0.435099
109,707.524353,177.876175,721.541077,189.522568,0.396277
109,664.598145,180.247009,676.304565,193.791168,0.300549
110,865.865601,188.771164,964.332520,242.666641,0.934530
110,785.635925,183.860535,823.174500,217.594330,0.873313
110,602.731567,182.094772,653.420044,218.559616,0.870237
110,712.168701,173.049698,758.975464,217.900192,0.839567
110,836.690430,188.633987,875.590698,230.527908,0.838700
110,766.991638,185.978806,792.714783,213.410233,0.723237
110,757.936890,184.809631,779.003052,209.411774,0.720841
110,227.198303,191.827621,280.239136,256.095306,0.685006
110,700.070679,177.219879,716.089844,190.105957,0.543401
110,623.131958,176.735962,654.422241,196.045441,0.543361
110,691.159424,175.645889,704.348633,188.741501,0.418931
110,683.633179,172.803818,694.398682,183.003494,0.402777
110,652.494080,173.909760,665.783752,187.233246,0.315424
111,854.157227,188.161911,953.324463,242.884811,0.935317
111,585.030457,180.426956,637.860291,218.596512,0.893662
111,770.918640,183.017960,815.301331,217.558334,0.893204
111,695.747742,171.969086,742.998840,216.350464,0.858538
111,172.805267,191.010529,264.712006,262.838501,0.832392
111,830.052856,187.675659,864.057739,230.287354,0.827844
111,750.918396,184.122269,779.072083,212.404922,0.772688
111,686.676880,175.923172,698.938477,188.811478,0.491227
111,609.137695,175.628571,637.486084,195.448914,0.300757
112,843.720947,187.101166,943.592896,243.034882,0.931376
112,757.528442,181.966705,806.119263,217.168671,0.906188
112,568.465881,179.356415,620.993591,218.175079,0.879110
112,112.792740,181.160370,250.415451,270.603607,0.865982
112,679.724915,170.602585,726.569519,215.203629,0.847165
112,736.942993,183.915207,765.365601,210.776138,0.809442
112,726.095337,182.918793,750.627808,206.569153,0.737250
112,823.335693,187.213791,853.393677,228.719467,0.732586
112,669.921570,174.552856,684.154358,187.809235,0.445615
112,593.658142,174.874115,622.171692,198.302277,0.315728
113,834.268616,186.430542,934.533264,244.484833,0.933657
113,55.385010,182.412521,233.511963,278.565491,0.924624
113,744.014160,181.222305,793.097534,217.415756,0.917375
113,664.830627,170.246048,710.572693,213.879868,0.857181
113,558.502808,178.568451,606.957397,217.177399,0.834423
113,722.822693,182.281265,752.019592,210.927750,0.789631
113,1121.234131,108.183441,1240.188232,370.920410,0.595730
113,656.486450,174.158936,668.502319,186.302307,0.502930
113,815.231873,186.912292,843.971008,226.043884,0.434608
113,706.541626,178.115173,718.620361,198.150848,0.432583
113,646.077332,172.878922,657.678284,184.806747,0.393452
113,575.731873,173.293243,609.756531,189.951019,0.302745
114,0.148949,180.230133,217.606018,285.909180,0.940626
114,824.746338,186.567490,925.956787,245.465103,0.932525
114,731.429749,181.322662,782.763855,217.623657,0.916306
114,535.596252,179.034409,587.951599,218.764908,0.893171
114,650.881287,169.898346,696.751404,213.437836,0.891158
114,709.630981,182.491867,739.730591,211.310196,0.792199
114,641.496826,174.282562,654.723145,186.872253,0.448336
114,559.951233,173.531372,588.232361,189.214478,0.355346
114,693.398865,178.731903,706.254944,201.377991,0.340673
115,0.386024,182.247223,199.022430,295.771240,0.936537
115,816.939148,186.908188,919.333313,247.301559,0.935526
115,719.872803,181.281921,771.104858,218.734009,0.918826
115,636.690491,169.906540,683.382263,213.330338,0.881299
115,521.700562,179.312347,574.259155,220.196259,0.846749
115,696.535828,182.391632,727.982849,211.923737,0.783481
115,678.803345,178.086594,695.110352,203.575363,0.653747
115,627.095215,173.036972,641.591431,186.932053,0.577184
115,574.848755,175.168381,587.411621,190.636032,0.432524
115,580.403992,170.809372,595.447571,186.574631,0.369434
115,617.730591,171.680618,627.706665,182.916580,0.352487
116,808.318359,188.080688,911.828125,249.909302,0.937319
116,708.105042,181.807877,760.211853,220.646408,0.916014
116,0.279198,186.874603,180.116547,307.031342,0.912909
116,748.853516,187.797531,815.688721,234.029282,0.887922
116,506.752228,179.814774,565.198669,221.486374,0.866612
116,674.747559,182.584961,701.221069,210.252075,0.801640
116,622.550781,170.798782,667.950684,213.710373,0.696007
116,664.739441,180.109802,683.769836,206.308136,0.592256
116,612.966431,172.972031,627.981079,187.722305,0.526658
116,605.941589,170.560822,617.361877,183.222870,0.341767
117,800.695435,189.276443,904.785400,253.198074,0.940952
117,0.114067,191.892975,161.381073,318.794952,0.931437
117,695.372437,182.539963,749.404419,221.742508,0.913606
117,737.297791,187.926804,808.363953,235.982498,0.898728
117,489.473999,179.840652,549.939453,224.034561,0.859785
117,671.844910,184.411514,704.124207,214.610672,0.783921
117,650.337158,182.300842,667.774170,206.515045,0.721445
117,608.037537,171.293671,652.070129,214.414551,0.646273
117,659.384705,182.923248,686.664368,211.005188,0.548199
117,599.985352,174.822479,613.249634,188.276398,0.543680
117,591.449951,174.561737,601.703491,185.335938,0.363506
118,791.628967,190.152954,897.796082,255.380585,0.938482
118,683.680176,183.148209,736.976929,224.769363,0.916409
118,-0.084534,218.429352,134.764740,319.733673,0.886302
118,471.264496,181.260803,528.608887,225.550964,0.843736
118,662.222351,185.697372,693.944885,216.312943,0.839811
118,647.231567,184.127151,676.730103,212.067856,0.835013
118,593.964172,172.109955,636.693787,214.173279,0.760995
118,636.093628,182.409027,656.835693,207.584290,0.727398
118,634.224915,178.318680,649.497498,191.372330,0.467339
118,583.819397,175.386703,598.398743,189.056107,0.398669
118,500.398132,177.491699,533.783875,207.045807,0.307906
119,784.071594,190.329102,891.216125,257.970367,0.942791
119,671.490051,183.140762,726.237366,225.196274,0.915871
119,0.017467,239.936340,105.028625,326.284058,0.903017
119,716.306152,189.587509,792.071777,238.656509,0.895650
119,453.194519,181.946167,515.771545,227.997131,0.876419
119,634.648621,184.229797,664.782043,212.806427,0.824455
119,649.257324,185.152649,681.259277,217.129822,0.823713
119,579.150513,172.582840,623.108765,214.027786,0.804986
119,623.218750,183.068634,641.915161,207.745880,0.715016
119,572.019043,175.186310,585.406250,188.478363,0.507849
119,618.849854,178.216293,636.538330,195.068253,0.427693
119,523.926392,172.293594,536.819580,181.449142,0.398172
120,775.023315,190.433868,884.284302,260.905579,0.941867
120,659.381897,183.063385,713.663879,226.568420,0.917289
120,0.104027,252.086853,67.550980,335.017395,0.909488
120,433.985535,181.595078,501.304443,230.391983,0.877766
120,564.002747,172.387405,606.979675,213.627182,0.828847
120,636.704468,185.474289,669.501709,217.679001,0.782821
120,610.025635,182.497864,631.193604,208.550476,0.735772
120,622.348694,184.313324,651.822815,212.852814,0.730630
120,498.057159,175.866257,517.365417,194.429977,0.371906
120,550.991455,175.456024,562.522461,187.225464,0.351134
121,766.630859,190.617493,878.357422,263.261841,0.942600
121,646.013855,183.014999,702.575989,226.961319,0.918654
121,692.151672,190.017242,774.745789,240.477142,0.902307
121,413.950439,181.433823,484.014404,232.176071,0.887041
121,608.265625,184.200516,639.860352,213.525742,0.829337
121,548.892151,171.901794,591.308533,213.270569,0.816777
121,623.698181,185.846207,657.052185,217.505508,0.801664
121,596.123779,182.580353,619.128296,208.720367,0.770376
121,-0.000538,275.876038,19.981363,339.246826,0.769810
121,588.223816,178.794418,609.942322,199.874100,0.491066
121,484.373291,176.755081,502.772888,192.575180,0.479270
121,492.787018,171.827805,508.388519,181.103226,0.341227
121,536.877502,172.366623,548.292542,185.837753,0.303713
122,757.653687,190.509064,872.124634,266.217072,0.941443
122,633.124573,182.659424,690.751038,227.226807,0.921626
122,392.863129,180.284882,463.150238,233.513336,0.906033
122,681.772766,190.097443,766.384949,241.310974,0.898777
122,533.710022,171.420654,575.866882,212.668274,0.835892
122,594.943054,183.681976,625.381165,212.618103,0.815183
122,582.375366,182.415405,603.637939,207.886047,0.768404
122,464.949097,174.902420,487.225769,193.207870,0.548880
123,749.189026,190.536255,865.688416,269.591614,0.944888
123,668.167786,189.887146,759.000793,245.194244,0.918105
123,371.711945,180.617981,450.648712,234.815796,0.913487
123,619.839966,182.664597,678.780396,227.251358,0.911089
123,518.203979,171.347244,560.117676,212.284592,0.851833
123,594.816101,184.589874,631.270325,218.441895,0.803501
123,580.136475,183.527298,611.598022,213.841232,0.788852
123,567.991821,181.891479,591.585693,208.683441,0.769960
123,557.045959,178.623428,581.567322,200.647995,0.695957
123,450.494812,175.294952,473.233154,193.281067,0.314251
123,510.322815,173.094574,521.753845,187.064697,0.304208
124,741.357422,190.319153,860.448242,271.175537,0.943241
124,606.384399,182.316772,664.399292,228.146271,0.911280
124,350.439514,181.120697,430.378967,236.940765,0.899223
124,677.189514,189.201645,749.751526,247.541641,0.882816
124,501.534485,171.351822,543.775818,212.182785,0.877629
124,568.129639,183.432449,598.510498,213.479874,0.859483
124,581.629578,184.022629,617.897034,218.591812,0.824219
124,554.303406,181.445221,577.955505,209.529907,0.802803
124,541.144409,178.417175,567.558960,201.703369,0.739390
124,393.626160,176.296173,442.568298,221.185699,0.658605
124,431.492767,175.387833,457.649811,194.654800,0.535420
125,732.856567,189.074066,854.332153,272.739227,0.946946
125,326.588440,182.213623,411.083496,240.482910,0.921564
125,664.584717,188.580170,740.531738,248.134552,0.895071
125,592.799622,181.939331,649.553772,229.516998,0.882389
125,486.790527,171.252762,527.775391,211.875320,0.863879
125,566.646973,183.575012,603.103271,218.896515,0.848243
125,539.997742,181.416183,564.459045,208.953842,0.769871
125,375.638947,176.737976,424.401581,222.961304,0.736436
125,525.132446,177.684570,553.249268,201.119781,0.665048
125,551.037292,182.448669,584.475769,213.588226,0.542889
125,473.306732,170.122330,485.620087,180.951126,0.316456
126,724.599487,188.096771,848.987793,275.757568,0.943790
126,648.875000,187.760559,731.342163,250.215698,0.910796
126,301.232056,182.842438,395.229675,244.829834,0.908477
126,579.655762,180.912781,629.571899,229.944672,0.882362
126,471.285522,171.433472,511.794922,211.233582,0.857066
126,537.437134,182.455795,570.787231,213.516129,0.812528
126,525.994385,181.456818,548.349243,208.611664,0.761830
126,512.562500,177.984634,540.149292,201.588272,0.747430
126,351.716003,175.467621,407.203491,224.046173,0.545600
126,348.315674,159.352097,426.797180,197.954391,0.356732
126,508.842896,178.344849,521.012695,198.459351,0.320643
126,420.030823,171.624268,439.281189,182.188873,0.314116
127,717.822144,186.595108,845.862183,278.372406,0.945590
127,276.412994,184.674500,373.317047,249.192688,0.919140
127,632.515991,187.273300,724.387085,252.274246,0.915508
127,456.206360,171.089417,496.792603,211.812775,0.852117
127,566.663208,180.802521,621.904907,229.540649,0.848350
127,524.759338,182.442322,559.316711,214.251099,0.826009
127,497.880737,177.702759,528.221558,202.413086,0.796433
127,334.544525,177.195404,389.948456,229.732147,0.792172
127,512.946411,180.425735,538.788696,209.306076,0.777746
127,540.915283,183.023727,578.064209,220.801132,0.764083
127,493.858276,178.148376,506.483154,193.788574,0.336259
128,714.881226,185.515076,845.548828,281.189331,0.944618
128,617.430054,186.591660,719.296997,254.869675,0.923138
128,254.252945,186.814941,356.122711,252.810181,0.917038
128,444.073944,172.107910,484.782196,212.358276,0.864082
128,529.243774,183.309708,568.213013,221.325516,0.818725
128,488.968781,178.678650,517.777588,202.285950,0.777902
128,334.898010,181.534302,375.132202,234.202911,0.760536
128,502.711792,181.134888,528.620605,210.347870,0.756952
128,855.125122,180.394394,873.697021,200.115891,0.476942
128,482.156952,178.414124,494.762665,197.611053,0.470857
128,557.176208,181.884354,597.211365,229.164200,0.309190
128,401.535004,172.770081,415.968475,184.113617,0.305462
129,713.561035,185.607483,850.017334,286.472076,0.946473
129,607.443542,187.537369,717.918762,258.107147,0.936297
129,233.311554,189.756271,341.385773,261.252991,0.926021
129,521.458862,183.948334,560.535767,223.261993,0.815880
129,482.119232,179.191910,509.790009,204.927475,0.781048
129,302.243378,182.406326,360.340729,240.372757,0.767156
129,495.462921,182.825668,520.523010,212.536118,0.766242
129,435.644165,173.370697,475.015442,213.691132,0.735459
129,852.397461,178.746246,877.307617,200.355957,0.661308
129,346.009369,183.778366,364.693939,228.130173,0.590785
129,472.864624,179.683640,487.174011,199.238541,0.572848
130,714.951782,185.665665,856.968750,292.694031,0.943674
130,602.640991,188.562225,718.080078,262.365814,0.939569
130,211.663361,192.925262,327.504730,266.655579,0.919206
130,289.753754,183.100433,348.622589,243.557709,0.865091
130,428.050659,175.310776,467.698608,214.906967,0.831402
130,516.078369,184.961578,559.054810,225.618744,0.824399
130,488.819794,183.631790,519.908325,214.562210,0.780342
130,475.911469,181.128082,505.472321,206.314850,0.771216
130,339.574615,186.816650,355.647430,231.009094,0.715804
130,854.760803,178.280304,882.600281,200.203827,0.647433
130,570.341492,182.333817,618.607849,232.532608,0.643570
130,470.110535,180.963852,487.284424,201.578140,0.511624
130,464.048401,180.046890,477.243896,200.229721,0.448877
131,718.376831,186.171646,866.857666,300.027527,0.943604
131,599.976074,189.655823,722.361572,266.669922,0.941728
131,193.344025,196.746307,315.527679,272.907532,0.936667
131,274.070953,186.098602,337.964630,250.719147,0.872877
131,423.913330,176.820847,461.702454,216.752975,0.867835
131,858.191956,177.377808,893.257751,200.975647,0.834155
131,558.871643,183.300262,617.048645,235.982758,0.827422
131,498.551178,186.722916,531.343445,221.600204,0.807842
131,485.044403,185.895554,509.901703,216.518326,0.803591
131,328.897186,190.342712,348.470123,233.993347,0.751896
131,472.476349,183.528229,499.048187,208.450348,0.728152
131,465.992249,183.915314,481.348267,204.630951,0.566056
131,376.682861,182.055756,390.573853,194.225281,0.436275
131,292.096069,167.485779,382.249512,210.025787,0.382314
131,458.161438,180.857834,468.987305,201.634232,0.321115
132,599.460815,190.026794,727.994263,271.331940,0.946579
132,725.162354,186.674377,881.530396,308.897003,0.939970
132,175.340363,200.113007,306.069397,279.422516,0.930323
132,264.833344,188.617416,331.235870,254.505173,0.878900
132,550.403015,184.364746,616.412781,238.613800,0.872664
132,420.287628,178.681061,458.465118,218.871246,0.848720
132,482.918060,187.003235,512.068787,218.186218,0.795055
132,865.518982,176.488815,906.759460,201.921158,0.750579
132,322.677521,193.144180,344.200287,237.899124,0.735212
132,469.566193,186.219681,494.707001,210.301895,0.716414
132,496.994080,188.294998,529.602234,223.875046,0.713611
132,455.425507,183.548599,468.912750,204.445145,0.603340
132,463.940582,185.838547,479.313019,206.162308,0.465282
132,387.392731,180.171753,401.483978,189.758453,0.320492
133,600.765259,190.639450,736.154175,275.091919,0.949890
133,736.440430,186.438538,899.479858,314.105133,0.942950
133,158.332062,202.844772,297.482056,286.795410,0.930637
133,548.111816,184.585953,618.481323,243.526169,0.911608
133,419.242889,179.186874,457.378876,219.229752,0.898989
133,256.753632,190.326599,324.741791,257.781555,0.877072
133,316.235443,194.298126,341.321198,239.597900,0.818661
133,483.206085,187.082916,511.927094,218.902039,0.784098
133,495.562134,189.345963,529.333252,225.479599,0.767851
133,471.087067,185.583237,495.483978,211.471542,0.673683
133,878.193665,174.073074,923.177185,201.724503,0.662368
133,455.383698,185.316406,469.111725,205.005585,0.567855
133,466.253632,186.080872,480.514740,207.823669,0.435272
134,603.659973,189.637177,749.240417,279.293365,0.950445
134,750.289856,185.465454,924.740662,322.350983,0.935753
134,139.499878,201.862259,290.729065,289.931824,0.933973
134,546.082520,183.119812,621.324951,243.415802,0.919302
134,246.653351,188.773529,322.126312,258.765564,0.894906
134,420.992493,178.656281,458.941040,217.544708,0.870055
134,313.627167,194.027878,340.044586,237.259933,0.789813
134,485.342896,186.282547,515.511719,218.781845,0.780887
134,473.641083,183.776642,499.711029,209.955994,0.715619
134,462.686798,184.848877,479.566376,205.701935,0.654695
134,535.618469,187.756058,556.363708,205.010300,0.506288
134,457.355927,184.304611,469.688812,202.989395,0.447683
134,895.735291,169.563538,945.392151,200.962616,0.376845
134,318.729736,190.082458,354.288574,213.933838,0.368250
134,125.161362,238.783432,446.028931,370.482056,0.336571
135,770.085388,182.611267,956.580139,335.664734,0.949650
135,610.377625,186.752045,764.430359,281.345062,0.948028
135,128.468277,199.737915,286.973511,290.843903,0.938001
135,546.740784,179.709351,629.623596,242.960449,0.912630
135,242.646454,185.488480,321.698639,258.782776,0.906340
135,312.450073,190.952545,342.686462,234.150543,0.804335
135,424.584259,175.210159,461.429535,214.314987,0.770728
135,489.847870,183.641281,511.750397,215.623154,0.762530
135,502.644409,187.705948,521.980469,222.854080,0.742672
135,322.765137,186.875305,359.356628,212.635406,0.663615
135,535.374878,183.968384,563.129761,208.055725,0.620922
135,464.207092,182.069016,477.304993,201.296524,0.560993
135,398.275330,177.281235,412.334412,186.963760,0.302155
136,618.520386,183.764801,782.034180,284.200592,0.948177
136,114.496788,198.254807,282.937378,295.470276,0.944541
136,793.974060,179.393280,1001.444763,346.699677,0.943799
136,552.300171,176.781494,640.172241,242.169159,0.928698
136,239.592346,184.185150,322.048645,259.163300,0.916912
136,429.940460,171.344650,465.866669,210.834946,0.859964
136,312.344055,188.647568,346.206787,226.895035,0.801340
136,495.958191,182.241745,521.276306,214.368362,0.742327
136,470.363312,178.335464,484.966461,198.577988,0.641202
136,539.026917,180.942108,566.444031,225.166260,0.601678
136,330.234039,184.185364,363.752106,209.829559,0.575807
136,483.801910,177.696640,508.989349,205.351120,0.509490
136,478.484253,178.875504,494.068665,201.550522,0.493410
136,463.632019,175.914093,477.261902,193.524200,0.381547
136,404.583740,174.367630,419.443909,183.911057,0.324151
137,626.970703,180.986847,803.968384,287.666840,0.950553
137,822.717224,175.801910,1060.823486,360.958344,0.946477
137,100.803185,198.463211,281.262329,299.691284,0.941918
137,560.150879,174.069839,651.052002,241.362839,0.937750
137,236.408005,183.651733,323.805695,261.060272,0.909686
137,436.959534,169.624329,472.471985,208.281250,0.867342
137,313.715424,186.929077,351.758026,226.415863,0.846751
137,503.390076,178.596893,522.819031,213.289520,0.794624
137,535.906677,179.310852,572.591248,229.646484,0.764497
137,478.228424,176.899002,493.215790,197.042099,0.669907
137,328.147583,183.022583,370.552612,209.669189,0.591232
137,413.174042,172.578583,428.453583,181.937225,0.548324
137,486.387238,177.087677,501.081940,198.376709,0.395419
137,490.529633,175.517136,514.775391,204.028183,0.331654
137,472.130127,174.165329,485.412720,192.030777,0.314366
138,87.944740,197.989044,280.013306,303.755402,0.951923
138,639.542786,180.632538,830.353699,295.457458,0.951255
138,861.280884,175.770065,1139.044189,370.206543,0.946198
138,569.471558,172.623062,663.754883,242.841507,0.935198
138,237.310959,180.301620,327.557556,261.590240,0.906214
138,317.991150,191.167404,348.862244,237.551041,0.863857
138,445.099762,168.724319,480.876740,206.361282,0.849823
138,544.272278,177.671509,585.020447,228.484375,0.803815
138,337.880951,181.172714,378.789642,207.586411,0.716892
138,504.344360,173.814377,535.440430,202.759872,0.713902
138,484.881287,172.758286,499.654785,192.409744,0.607964
138,495.002899,175.151138,512.066162,197.647781,0.537126
138,475.822845,171.082962,486.739410,188.418442,0.410454
138,535.802795,177.929062,559.009705,194.186234,0.339499
138,424.562378,170.731140,438.913330,180.313751,0.336632
139,905.975464,176.894699,1238.608276,369.739929,0.958298
139,654.466736,181.415955,860.580017,304.574921,0.950206
139,73.829666,197.644272,277.844238,308.506958,0.943036
139,579.504944,172.777145,677.145081,244.951187,0.941108
139,235.571594,179.605530,330.393616,263.841522,0.913379
139,323.199493,191.407928,353.466278,240.577240,0.874290
139,453.678497,167.794296,489.120758,205.737930,0.872817
139,552.115601,178.326355,593.981079,230.168121,0.779822
139,345.834290,180.245956,384.856995,207.495651,0.711041
139,507.981049,174.109879,532.701538,201.221939,0.670948
139,497.903442,173.897202,515.930298,195.796585,0.620147
139,538.944092,177.725616,557.865356,195.766296,0.506227
139,485.023010,170.830063,495.306458,186.371323,0.390993
140,670.282043,183.316956,895.181335,317.979675,0.951356
140,958.836243,179.413300,1241.160645,370.237579,0.948025
140,51.765274,198.588333,276.521851,315.635559,0.946066
140,590.077820,173.722214,693.331116,249.370895,0.939772
140,234.258194,180.503937,333.507965,265.102875,0.913579
140,326.366455,192.424759,358.638000,242.408493,0.895843
140,463.297394,167.766647,498.382782,205.850906,0.818568
140,558.281677,179.090286,603.904724,231.641373,0.791296
140,353.117920,180.761902,393.638672,208.569061,0.677705
140,516.317749,175.691376,532.421875,198.911224,0.617539
140,505.108002,174.615112,520.044128,195.004211,0.581573
140,548.907349,181.164612,571.809204,204.378418,0.576048
140,443.481964,171.218918,458.794464,180.672318,0.381664
140,494.389801,171.713989,504.770966,186.369141,0.338548
141,685.953186,184.351807,937.810242,331.516235,0.952979
141,1006.598816,181.047852,1240.920898,370.735352,0.952453
141,33.857811,201.634430,273.979156,324.143524,0.949910
141,600.846680,174.666046,710.755127,253.252808,0.939952
141,232.767700,182.420883,337.864990,270.095520,0.914565
141,330.178131,193.835022,364.890900,244.720032,0.894861
141,568.896057,179.373886,616.727844,235.901505,0.835981
141,473.019379,169.451660,506.977020,206.193024,0.834239
141,521.452026,174.022858,561.716309,197.391663,0.769590
141,555.019165,180.372086,578.927368,225.979050,0.633327
141,358.645233,182.300369,403.876862,210.123459,0.629396
141,514.495056,174.139496,530.378723,194.021667,0.536136
141,503.706787,173.842743,515.018433,187.458649,0.361197
141,545.585388,177.450470,574.359924,196.314423,0.306602
142,703.081177,186.451202,986.761963,349.532806,0.956016
142,9.446472,203.916077,270.075714,332.850891,0.946499
142,611.611206,175.280945,726.105469,257.970947,0.943374
142,1075.913574,188.862732,1242.132812,371.894348,0.942725
142,230.971069,183.928467,340.796448,273.068298,0.916319
142,576.152466,180.425476,625.552856,237.688110,0.893814
142,338.605804,188.260330,385.083771,230.733566,0.893477
142,482.105804,169.988464,515.561035,206.540009,0.826582
142,561.000732,182.438156,592.835938,226.796646,0.821429
142,370.999512,183.318985,412.735352,211.062729,0.728767
142,523.545959,176.306763,540.096497,196.186035,0.541619
142,553.887634,179.570312,584.962708,196.839783,0.516380
142,513.630554,172.624512,535.530701,188.044891,0.407609
142,526.491943,175.633621,569.865723,196.062515,0.394853
143,721.246887,188.950867,1044.327637,367.981201,0.951860
143,623.332703,176.027298,744.335876,262.831238,0.948664
143,1.019577,204.739929,264.469360,341.757812,0.945542
143,1168.579224,235.883957,1241.322876,373.702087,0.936461
143,228.787140,183.246948,343.315582,278.273773,0.917679
143,587.719910,181.361252,639.000427,239.526840,0.893842
143,334.396179,195.001923,374.631409,250.191162,0.893767
143,570.304871,183.125107,600.043152,228.337662,0.839340
143,379.376648,183.362915,420.095337,211.456818,0.759558
143,491.238342,170.324783,524.782043,206.662064,0.731036
143,531.944336,176.379669,551.334106,194.433075,0.647811
143,555.231323,175.014572,581.573364,191.729507,0.496028
143,463.392029,176.551178,474.577820,188.985046,0.327785
143,522.017883,172.454697,541.359314,187.423325,0.315762
144,743.972778,190.928864,1125.860718,370.954010,0.958756
144,635.052307,176.246002,763.942810,268.644592,0.946274
144,1.015671,204.623260,258.579407,352.800507,0.944658
144,223.003876,182.622604,345.693085,280.693115,0.920682
144,349.071014,187.870712,399.292084,233.318649,0.914258
144,596.453430,181.511215,653.097839,242.722092,0.888168
144,501.482483,170.571533,534.907776,205.818237,0.866736
144,579.572266,183.604065,612.939575,230.055359,0.836415
144,387.519989,182.983704,427.532135,211.820282,0.742901
144,541.294189,174.671051,561.187012,193.215759,0.499326
144,563.642700,175.158035,593.218140,194.583206,0.485421
144,474.556396,175.908157,485.967590,187.611069,0.358308
145,767.349731,192.931274,1230.138550,371.113220,0.958523
145,0.138550,205.296066,250.182907,362.149048,0.951451
145,646.604065,175.817963,784.096741,272.898834,0.947381
145,354.350952,186.676605,404.255615,232.612000,0.927315
145,215.322052,181.242355,346.530121,284.029968,0.924414
145,606.793701,180.080444,669.513794,244.563354,0.897563
145,589.893066,182.024216,627.630127,230.320816,0.833112
145,394.531036,181.683746,435.377777,211.361511,0.700916
145,567.861572,174.551773,601.445557,203.264542,0.679142
145,510.202118,169.747192,542.862488,204.676331,0.672302
145,545.076843,172.105881,570.462952,188.917984,0.500648
146,793.876709,194.460617,1241.862061,371.341614,0.964594
146,0.562241,204.997009,238.556183,371.200256,0.956055
146,659.250610,174.342178,806.028442,278.559204,0.948406
146,207.823303,179.632690,346.438599,287.245544,0.926127
146,357.991272,185.375565,410.004089,233.103989,0.910738
146,336.466766,191.460480,387.854950,253.167877,0.909032
146,616.941467,179.315536,680.745667,245.620377,0.890949
146,599.457214,181.271057,641.000305,229.862671,0.825833
146,519.479370,168.224380,552.453857,202.442520,0.795373
146,577.854004,173.667389,611.974976,206.468445,0.742339
146,400.807526,180.370483,442.764130,210.166107,0.635212
146,550.131287,170.994797,579.069397,186.753220,0.431158
147,825.086426,196.797058,1242.024658,371.034851,0.967941
147,0.525826,203.852570,224.693512,371.501862,0.955261
147,671.732117,172.048035,830.408508,283.057495,0.949675
147,197.068298,177.146347,345.896667,290.037170,0.927605
147,360.613281,182.797989,414.963806,232.273758,0.922776
147,334.864838,189.669037,390.544586,252.821503,0.909419
147,627.092712,177.327698,698.973694,246.762024,0.904528
147,608.316711,178.613831,655.290833,230.336731,0.871277
147,405.757416,177.127777,449.677765,208.253052,0.731086
147,586.012390,171.303375,619.799133,203.912628,0.730929
147,527.675720,165.818604,560.293396,199.737640,0.586460
147,575.802490,171.918991,589.837402,186.628616,0.394962
148,862.753235,201.354294,1241.675171,370.575073,0.965205
148,0.314789,203.593414,207.430313,372.370575,0.956978
148,684.796692,170.336212,857.521912,288.944336,0.946393
148,636.498413,176.246521,711.094604,247.981720,0.921977
148,363.942993,181.616135,419.398315,232.213028,0.921944
148,332.891754,188.129242,394.003998,253.534943,0.918447
148,179.067413,175.325058,344.212433,293.266296,0.914914
148,616.269226,177.399246,662.815002,229.203445,0.874113
148,595.731079,170.198746,630.343506,203.659531,0.819893
148,411.393188,175.344925,456.533264,207.368149,0.634129
148,588.104187,170.225632,606.627991,193.901230,0.482868
148,676.013000,174.820984,715.075867,191.562866,0.441787
148,507.280090,169.572037,521.082581,182.133774,0.431010
148,568.572266,167.120346,597.251221,183.717514,0.350475
148,821.098999,145.563400,860.489502,200.818436,0.311607
149,0.131294,206.920883,187.802521,370.021057,0.946823
149,698.235779,170.333252,886.899109,298.893341,0.945564
149,909.626343,212.621643,1242.386841,371.830811,0.943083
149,365.849670,181.501038,423.156860,233.891449,0.932137
149,646.889893,175.266190,730.495850,252.673904,0.928552
149,329.886993,188.641388,395.954498,257.957489,0.916889
149,150.793747,175.512848,340.710571,301.236176,0.897917
149,625.759949,177.506088,676.807190,232.161575,0.879630
149,603.709839,169.933945,639.357666,205.276443,0.812139
149,543.662048,163.632416,575.321106,197.643066,0.723517
149,415.581360,175.500977,462.131470,207.475586,0.697373
149,839.058289,146.663910,880.998718,205.764862,0.568913
149,594.977112,171.292496,611.864929,196.305557,0.524746
150,0.370956,212.587189,161.172516,370.544586,0.956539
150,711.993835,172.457520,921.340881,311.512970,0.942687
150,656.467163,177.921738,746.814575,257.270264,0.935157
150,366.210724,182.981659,426.428131,237.065308,0.933133
150,325.183228,190.418442,397.231873,263.318909,0.928805
150,969.582642,255.321381,1242.365601,373.157379,0.927872
150,634.315979,179.180634,689.419373,235.937622,0.881663
150,126.824554,176.125687,336.455017,311.447876,0.821364
150,611.492371,171.706818,648.237366,206.454803,0.818514
150,550.954468,165.289444,582.168579,199.422531,0.649463
150,419.346619,176.951111,467.929993,209.412872,0.609204
150,598.735718,172.763031,615.604004,198.173157,0.568686
150,585.151123,168.974060,612.159668,182.731384,0.374492
151,0.043297,219.939362,128.410675,373.452789,0.956230
151,726.441406,176.208359,960.261963,327.462219,0.945290
151,365.095215,185.247803,428.501892,241.681824,0.933079
151,666.424805,180.482452,763.863159,267.382507,0.919121
151,317.675598,192.808197,396.374329,268.773712,0.917931
151,643.756897,181.137924,701.431091,241.238846,0.880116
151,619.617249,174.237213,656.528259,210.812592,0.853799
151,422.179108,179.094971,472.137115,212.983215,0.760856
151,91.447685,177.536270,330.871948,323.603271,0.757808
151,557.886658,167.455276,587.476501,201.276627,0.716250
151,605.239502,175.651520,622.586426,200.224213,0.613997
151,1068.015015,345.622589,1241.461792,374.824615,0.447222
151,529.651794,173.559647,541.865906,185.973801,0.372178
152,740.861694,177.932877,1004.912842,345.380859,0.947193
152,0.097363,229.063751,86.800751,373.576385,0.944133
152,675.445374,182.748108,780.066101,270.778015,0.934778
152,363.453430,188.498825,429.910217,245.738327,0.933500
152,309.942261,196.418610,394.959106,275.687531,0.926786
152,650.163208,183.390335,712.410645,244.780533,0.886894
152,46.182419,180.139496,325.287781,339.087311,0.871636
152,625.429810,176.449722,664.101318,213.182999,0.831371
152,614.120117,178.314590,631.841309,204.752975,0.656694
152,423.379822,182.249496,477.049194,215.858353,0.639993
152,563.840271,169.981155,593.114807,203.214096,0.548999
152,605.577026,174.142395,625.472412,193.457275,0.397229
153,755.612488,178.171143,1063.890137,365.021790,0.942024
153,683.612549,183.976807,799.934814,277.607666,0.936925
153,362.701782,189.634460,430.150879,248.667999,0.935187
153,298.268219,198.392456,392.419403,281.540253,0.932903
153,656.760681,183.794006,721.812195,249.465149,0.910349
153,0.923508,179.225433,319.331177,355.359833,0.873843
153,630.382446,177.131607,670.757690,213.915237,0.856807
153,568.919006,170.442917,597.331238,204.232254,0.721936
153,0.060293,279.227844,33.120316,374.370178,0.695694
153,617.863098,178.619110,635.669495,204.292389,0.622966
153,424.402649,182.563232,478.507874,215.944000,0.610495
153,608.483887,174.561996,631.437744,193.648788,0.357955
