0,144.843933,197.126068,307.351074,270.834991,0.932397
0,383.197601,180.537033,445.370941,219.341293,0.888242
0,611.890015,180.168182,631.275757,196.204193,0.849818
0,458.597443,185.580872,490.252289,206.941132,0.807707
0,491.139923,185.246948,511.561981,200.379974,0.702355
0,581.735229,182.553009,594.065552,192.772491,0.689151
1,6.442558,200.516693,239.373199,297.600189,0.939201
1,445.800323,185.188171,483.255402,208.942993,0.874282
1,354.847626,180.046997,426.355743,224.459778,0.857659
1,608.265442,179.373093,627.741882,195.468552,0.839229
1,482.245911,185.329727,503.750000,200.833145,0.783853
1,577.696533,182.317291,590.269409,192.200439,0.653802
2,0.061142,208.449799,138.129272,313.663727,0.887386
2,604.466003,179.116699,624.475891,195.510468,0.860331
2,430.706116,185.695831,470.696838,210.793488,0.841500
2,318.786957,180.859543,402.579865,230.007462,0.815005
2,471.759155,184.941177,497.279114,201.504257,0.805041
2,574.230103,182.149445,586.346558,192.395966,0.621643
3,414.272705,185.591522,458.649475,213.047119,0.888436
3,270.521790,181.764130,374.386902,237.421356,0.853063
3,600.667969,179.303162,619.985962,195.126953,0.850242
3,460.900879,185.946701,487.585388,203.306107,0.826507
3,570.321838,182.695465,582.965759,192.640533,0.642949
4,596.757507,179.371750,616.582214,195.445175,0.849004
4,395.168884,187.361969,443.555664,215.154846,0.843947
4,449.127686,185.195374,476.957031,204.586121,0.809696
4,567.098267,182.621643,579.056274,192.646820,0.612642
5,372.029510,187.496552,428.627533,221.746246,0.896313
5,113.428246,183.993134,289.818756,267.954071,0.885419
5,592.763062,179.532013,612.035889,195.625824,0.831500
5,435.387054,186.310135,467.837433,206.039139,0.772354
5,562.308472,183.083237,575.337769,193.291794,0.510296
6,0.201637,185.104492,222.239532,280.649506,0.903562
6,345.340759,187.332993,409.614319,224.041397,0.889188
6,421.169159,185.462265,456.430023,206.784531,0.856584
6,588.488281,178.892105,608.047485,194.760147,0.844047
6,558.529053,182.044952,570.788696,192.273102,0.639526
7,312.147980,187.470978,386.894073,227.822205,0.883575
7,404.769501,185.652023,443.616852,209.695450,0.865221
7,0.023270,187.020050,118.749580,287.059540,0.834543
7,584.328491,178.027374,603.764282,194.041870,0.776954
7,554.225220,182.175766,567.187134,191.943954,0.703695
7,439.544922,192.481400,456.182983,204.485641,0.301996
8,269.948853,188.062866,360.509216,234.313599,0.895537
8,384.215454,185.974869,427.606934,211.614120,0.889836
8,580.051392,178.350235,599.589478,194.320084,0.845883
8,550.481323,182.115936,562.526855,192.107025,0.636868
9,214.272690,190.563522,327.568695,241.321335,0.922748
9,362.515686,187.353485,411.586182,215.880066,0.892819
9,575.776672,178.935181,594.716736,194.887604,0.726028
9,546.439026,182.790161,558.265442,192.616760,0.671374
10,142.639587,192.741608,284.878174,255.495026,0.927259
10,335.329468,188.364151,391.290039,219.346329,0.894874
10,571.676575,179.579880,590.330872,195.423843,0.799530
10,542.119202,183.078888,554.941711,193.315521,0.654480
11,34.346626,196.761322,227.949982,273.454590,0.928571
11,303.230499,189.608795,367.639618,225.491486,0.905048
11,567.554504,180.055740,586.539734,196.070297,0.772712
11,538.813477,183.674255,551.115234,193.326843,0.677216
12,0.250809,199.595062,148.121811,280.240417,0.930402
12,263.054749,191.076355,340.242065,231.872711,0.907176
12,534.815613,183.457504,548.019836,193.495926,0.796962
12,563.325378,180.036072,582.291443,195.719269,0.771010
13,211.895401,192.438202,306.664368,239.613129,0.905616
13,0.019392,223.763931,25.509045,278.261688,0.850594
13,559.902344,180.337769,578.701294,196.269592,0.807206
13,530.825684,183.548141,544.495728,193.362625,0.733849
14,144.353928,195.018127,261.529541,249.832428,0.912352
14,556.007446,180.675247,575.217407,196.223160,0.854869
14,528.266235,183.769836,542.260986,193.336243,0.711810
15,46.685043,199.059845,204.285126,265.201538,0.918181
15,553.100647,181.201813,571.634338,196.652740,0.807504
16,0.016075,203.673599,122.430519,274.372009,0.929500
16,550.829041,180.840256,568.924622,196.703598,0.832993
16,524.169617,184.653732,537.262634,194.275864,0.707167
17,548.318542,180.363403,567.216125,196.094849,0.750398
17,522.948242,183.641983,535.681763,193.845657,0.714545
18,547.701538,179.951477,565.603271,195.447296,0.810152
18,522.529602,183.054810,535.670715,193.755554,0.705724
19,547.445740,179.904510,565.536682,195.704834,0.803622
19,522.683105,183.559433,535.989746,193.898880,0.736481
20,547.567810,180.706818,565.700500,196.206451,0.802722
20,523.936707,183.707993,536.318420,193.851547,0.713114
21,548.151794,180.680618,566.623230,196.139481,0.810131
21,525.290283,183.956909,537.089600,193.963348,0.617892
22,549.634705,180.889069,567.825623,196.569763,0.783544
22,527.011414,184.676422,538.908264,194.219818,0.493930
23,550.262939,182.809998,568.584229,198.207947,0.832328
24,551.565552,183.964371,569.670288,199.399765,0.733954
24,529.873291,187.237259,542.380005,197.221451,0.540457
25,553.036560,185.265869,571.550964,200.995819,0.774396
25,532.063477,188.243301,544.047485,198.504623,0.514327
26,554.826355,186.022720,573.252625,201.535599,0.824556
26,534.514465,189.423630,546.801941,199.770523,0.554924
27,556.679321,185.555710,574.809570,200.997482,0.771221
27,537.574097,188.445618,549.136841,198.331421,0.554672
28,559.356262,185.101486,576.520203,200.695175,0.740291
28,539.556396,188.267868,552.234253,198.355637,0.591316
29,561.161255,185.118103,578.523926,200.644867,0.788830
29,542.147949,187.810318,553.872070,197.829636,0.610536
30,562.909424,184.177673,580.409180,199.179199,0.733822
30,544.593079,186.087708,556.099304,196.686768,0.583254
31,564.870544,183.404907,582.722595,198.550598,0.768954
31,546.562683,185.877991,558.779846,196.238983,0.466586
32,566.591309,182.505646,584.199463,197.420135,0.833019
32,548.816711,184.781250,560.735046,195.006470,0.678883
33,568.076355,181.621002,585.451599,196.615112,0.839335
33,550.885254,183.990768,562.417114,194.253098,0.669873
34,569.896851,180.518784,586.755859,195.761459,0.798917
34,552.574707,182.223312,563.929688,193.256973,0.705045
35,554.339600,181.847244,565.980957,192.414200,0.687394
35,571.424988,179.163239,588.151184,194.402405,0.647165
36,555.774719,182.254517,567.872986,192.718750,0.720780
36,572.624756,179.662155,590.277100,194.753342,0.682826
37,573.531555,183.361832,591.712219,198.356125,0.752840
37,557.318176,185.936768,568.704895,195.496826,0.617033
38,574.227844,183.858246,592.428040,198.907410,0.743590
38,558.770813,186.261230,569.575012,196.232605,0.706212
39,575.205261,183.551956,592.841858,198.489243,0.824623
39,559.638245,185.834686,570.395935,195.282196,0.735364
40,576.013672,184.790817,594.432983,200.205795,0.791233
40,560.469543,186.291946,571.591858,196.589066,0.733271
41,576.101318,187.156555,594.838379,202.539093,0.649558
41,561.068542,188.431015,572.586731,199.774612,0.594901
42,561.811096,190.686966,573.958191,201.357468,0.609860
43,577.648865,187.520889,595.699036,202.370956,0.778903
43,562.395203,189.679001,574.379700,199.877243,0.726091
44,563.004639,187.064026,575.217285,197.969482,0.767060
44,578.388977,186.387344,595.770691,201.264725,0.739231
44,550.605164,184.954636,562.679749,194.143387,0.310106
45,564.231689,187.762604,576.083496,198.249176,0.707052
45,580.319885,186.863464,596.707825,201.260925,0.686044
46,566.309692,187.766663,577.487793,197.714752,0.728111
46,581.011658,186.378677,598.664612,201.490036,0.727810
47,583.566833,185.630890,600.398499,200.245422,0.793196
47,567.993164,186.893768,579.452637,196.964172,0.712491
48,585.372742,184.494034,601.703918,199.129837,0.710426
48,569.329285,184.564545,582.142761,195.592865,0.670921
49,587.172607,186.205017,603.541504,198.872864,0.729626
49,571.701904,185.925369,583.504639,195.772629,0.705796
50,588.335083,187.159607,604.733398,200.622284,0.753109
50,572.698303,187.136551,584.784241,197.247269,0.690667
51,589.930176,187.483307,606.170776,200.547852,0.740695
51,573.955200,187.277679,585.694092,197.148346,0.629452
52,590.345947,185.054962,606.480103,197.193970,0.685227
52,574.017151,183.739380,586.215759,194.017761,0.670164
53,590.468140,181.254410,606.546143,194.977768,0.778365
53,573.834412,180.668686,586.127380,191.811691,0.643522
54,589.806152,178.874756,606.271729,192.920654,0.804523
54,573.718628,178.364365,585.971436,188.830734,0.671304
55,589.310120,179.376312,606.173523,192.913422,0.814251
55,573.444214,179.464188,585.881958,189.368881,0.651831
56,588.993774,179.974991,605.045044,192.899551,0.779603
56,572.677795,179.880676,584.976868,189.277222,0.649320
57,588.699036,182.490372,605.092346,196.383865,0.792118
57,572.252014,183.311676,584.524719,193.400421,0.650355
58,588.797729,186.043884,605.342651,199.389832,0.823701
58,572.277588,185.257690,584.428467,195.435089,0.632905
58,558.715271,184.556396,568.940857,193.362366,0.328412
59,588.583679,185.809540,605.321838,199.923218,0.814575
59,572.299194,185.421936,584.493164,195.501282,0.664224
59,557.884888,184.883804,568.415161,193.579758,0.309264
60,588.779785,186.077545,605.924927,199.443695,0.825238
60,572.650635,185.547806,584.657593,195.283920,0.628775
60,558.307434,184.323273,568.151428,193.228271,0.432647
61,588.614563,185.215805,606.255310,198.639847,0.791748
61,572.866577,184.536224,584.740356,194.436829,0.669881
61,557.861389,182.342163,567.817566,192.187195,0.454080
62,589.324585,183.811783,606.242798,197.574997,0.760531
62,573.394348,183.997040,585.199646,193.829376,0.693612
62,557.218140,182.332489,567.758057,192.057129,0.517950
63,590.288513,184.000000,607.054871,196.976166,0.712232
63,573.956604,183.233887,585.728210,193.448059,0.691439
63,557.357178,182.500565,567.986938,191.935654,0.437117
64,590.759155,182.526764,607.450195,196.316345,0.769737
64,574.302673,181.838791,586.023865,193.026077,0.621540
64,556.205872,180.178009,567.607361,191.372864,0.529776
65,574.114624,180.601700,586.136963,192.309616,0.698635
65,590.920654,181.521255,607.601074,195.699417,0.668420
65,556.248047,179.649414,568.121094,190.810455,0.613526
66,591.091492,183.137985,607.909485,196.810745,0.737580
66,574.243103,182.633423,586.544495,193.542999,0.648862
66,554.740417,184.131210,567.229065,192.420578,0.367528
67,591.060486,183.708252,607.945496,197.337891,0.760815
67,573.966980,183.256439,586.330994,194.034607,0.723664
67,553.352173,183.106689,567.000488,192.982819,0.567521
68,591.130554,181.076462,607.519226,194.961380,0.795252
68,573.093262,181.155685,585.582642,191.468246,0.657495
68,550.465088,180.789841,565.095703,190.759048,0.552447
69,590.643311,179.333282,607.115845,193.634827,0.821528
69,572.802856,179.264603,585.485229,189.681686,0.742236
69,549.641479,180.397446,564.442261,189.684433,0.670358
70,589.930847,179.415009,606.309753,193.772705,0.780436
70,571.951233,179.571762,584.739807,190.492142,0.756265
70,545.968811,179.659821,561.685852,190.142548,0.681214
71,589.095215,181.228958,605.551392,194.492630,0.773731
71,571.070984,180.362747,583.347107,191.378372,0.766316
71,543.908691,181.252823,558.805420,191.737717,0.760707
72,542.244629,181.330399,557.481323,192.252640,0.805981
72,588.643616,180.801544,605.014099,194.580994,0.796776
72,570.160461,180.537094,583.031067,191.550400,0.789938
73,539.198364,180.983917,554.988892,192.503448,0.807042
73,569.236328,180.494507,582.231323,191.611176,0.800542
73,587.820801,181.307968,604.289917,194.585678,0.769487
74,536.399109,180.964706,552.294250,192.206863,0.753690
74,587.139038,181.700439,604.134766,194.514801,0.711673
74,568.788757,179.836670,581.716614,190.482361,0.676290
74,548.573792,178.299118,560.371521,188.535660,0.340442
75,586.835999,178.961319,603.632263,194.008347,0.808991
75,568.137756,178.875107,580.787781,189.623825,0.738545
75,532.957275,179.651001,550.361694,191.899872,0.724383
75,547.866272,177.571121,560.928162,187.026657,0.446911
76,586.661987,178.569168,603.458496,193.755203,0.805722
76,529.462952,179.189178,547.713196,192.554169,0.744639
76,567.814209,178.458176,580.279175,189.689316,0.727699
76,546.041992,178.705505,557.068481,187.869080,0.415112
77,525.875854,179.662384,544.777954,193.562988,0.809316
77,586.500977,178.588959,603.371338,193.801392,0.806454
77,567.562012,178.593979,580.137695,189.853745,0.733273
77,542.761047,179.069061,554.256165,189.055420,0.670237
77,551.101501,175.759552,561.978577,185.673859,0.309257
78,522.949280,179.960175,542.121033,194.085693,0.836611
78,586.519958,179.398071,603.215149,193.690155,0.813807
78,567.611938,178.627029,580.047119,189.667130,0.747106
78,540.012634,178.659180,553.279602,189.159271,0.740120
78,550.185669,175.678696,561.236450,185.511429,0.410832
79,519.418945,179.970856,539.473633,194.790894,0.858157
79,586.648804,178.327652,603.411133,193.704422,0.793086
79,538.100708,178.710403,551.453247,189.639359,0.763053
79,567.544006,178.425217,580.152039,189.889664,0.691969
79,549.877625,175.844131,561.477722,185.952682,0.524693
80,515.262329,180.937729,536.885498,196.360092,0.870555
80,586.594666,179.123810,603.527893,194.097046,0.791167
80,535.649414,179.186111,550.123291,191.105759,0.734761
80,567.618896,179.140762,580.628906,190.694046,0.648217
80,550.190613,175.532471,561.969543,185.997040,0.559857
81,510.442169,180.498550,533.194519,196.859146,0.872502
81,586.726929,179.217285,603.351807,193.635406,0.800892
81,532.585693,178.523163,548.108887,190.790039,0.777987
81,567.683716,178.552368,580.376465,189.650818,0.717119
81,549.428955,175.832977,561.083008,186.456573,0.627483
82,505.126801,179.331207,529.902161,197.267914,0.880412
82,528.587097,177.858429,545.465881,190.700928,0.819332
82,586.427917,177.762802,603.367737,192.652145,0.750320
82,567.301514,178.058594,580.050659,188.655273,0.597857
82,549.717346,176.101578,561.185486,185.951553,0.594468
83,498.250336,179.345367,524.976379,197.405212,0.887544
83,525.829468,177.684219,543.208496,190.631943,0.822650
83,585.718506,177.386414,602.966309,191.639191,0.742092
83,566.970398,177.411896,579.805847,188.328308,0.717028
83,547.647522,172.732971,560.431335,184.732574,0.577677
84,490.437134,179.456665,519.702454,199.525635,0.903370
84,521.848999,177.225906,540.267334,191.871140,0.847412
84,585.669189,177.514236,602.212036,191.833389,0.772272
84,566.125000,176.304672,578.927368,188.304977,0.743244
84,545.889404,173.950745,558.045288,185.349396,0.674788
85,480.814301,180.306335,513.557922,201.451660,0.908651
85,517.339417,177.755096,537.285583,192.606689,0.849113
85,584.862671,178.163147,601.850708,192.077911,0.766704
85,565.335693,177.121399,578.423096,188.440033,0.756262
85,544.949890,175.991028,557.125793,186.381775,0.682989
86,471.458405,182.072723,506.246857,205.094055,0.904149
86,511.932343,178.715820,532.598389,195.691010,0.867047
86,584.495361,179.803604,601.413452,193.479843,0.794100
86,564.555237,178.512955,578.373596,189.964035,0.773918
86,543.029297,175.353806,556.327759,188.018051,0.654864
87,459.660614,183.452362,498.371307,208.293701,0.912202
87,505.990021,179.817627,529.515625,197.175354,0.910055
87,583.801392,178.638229,600.931030,194.010147,0.822343
87,564.236511,179.145279,578.074280,190.622940,0.787834
87,541.944153,176.602219,555.634094,189.092606,0.642067
88,445.510620,182.980057,488.204285,209.909958,0.917626
88,501.200348,178.646851,524.916382,197.367981,0.896878
88,563.472107,178.409927,577.648132,190.007706,0.806257
88,583.255554,179.810181,600.340759,193.292145,0.792000
88,540.424316,177.197525,554.475464,188.811630,0.698990
89,428.642822,181.904465,477.040588,211.584457,0.920667
89,495.004364,177.672577,520.717407,197.004456,0.889200
89,582.497253,179.047974,599.595886,191.739685,0.738920
89,563.250793,177.181900,576.954895,188.180130,0.738518
89,537.384766,177.233856,552.048218,187.559448,0.658434
90,407.666626,182.369446,463.404846,215.256653,0.917705
90,486.858246,177.602020,515.098755,198.269684,0.913219
90,562.378479,176.621155,576.461975,187.848145,0.778297
90,582.051270,177.397034,598.988525,191.242126,0.770304
90,534.880127,177.075134,549.847412,187.703369,0.675910
91,381.047577,182.824463,445.822723,220.632782,0.926183
91,478.365448,177.840973,508.336395,199.731995,0.925715
91,580.910522,177.690140,598.529053,191.725021,0.803339
91,561.934204,176.437332,575.835815,188.248917,0.769499
91,531.515564,177.638306,547.726501,188.625946,0.702196
92,347.390686,185.111023,425.763184,228.587524,0.937674
92,468.384796,178.852005,501.622833,203.085709,0.926767
92,529.462158,178.419907,545.329468,189.570816,0.825309
92,580.630920,177.299759,598.059143,192.694992,0.803056
92,561.563660,177.348694,575.465393,189.031067,0.801083
92,540.821960,174.079620,552.495911,184.491028,0.451212
93,302.197571,185.945374,398.892151,237.608551,0.938540
93,456.852112,178.606735,493.935303,204.534866,0.925258
93,580.529724,177.770340,597.487488,191.604019,0.802366
93,527.966125,177.731476,543.991882,189.328827,0.795305
93,561.123718,176.490860,575.659241,188.345322,0.728775
93,541.585327,175.159195,552.184570,184.633652,0.468712
94,237.686584,186.559845,363.144714,248.927368,0.949734
94,444.629608,177.860092,485.449982,205.799393,0.915621
94,525.975403,175.945572,542.430725,188.417526,0.844113
94,561.421021,174.562454,575.255005,186.107986,0.818536
94,580.786804,176.681458,597.827698,190.018707,0.786752
94,537.777954,170.500809,551.303101,182.597702,0.478934
95,139.206940,191.225342,313.066223,269.030548,0.942334
95,428.414246,179.245239,474.439087,210.781525,0.920934
95,524.199646,177.044693,541.371033,189.936081,0.862381
95,561.444580,175.680435,575.452148,187.281998,0.802149
95,580.619690,176.219894,598.528503,190.889481,0.757095
95,536.195312,171.351791,551.667480,184.297867,0.533850
96,0.191986,196.922638,236.858017,301.768402,0.945609
96,409.087341,180.526031,462.187256,215.110992,0.935642
96,520.870117,177.667206,539.458130,191.216522,0.856796
96,561.842651,176.558899,576.290894,187.420197,0.802514
96,581.281311,178.161514,598.620667,191.328568,0.654219
96,539.787048,176.461472,551.477356,185.545303,0.595828
97,385.208740,180.784546,446.957458,219.479004,0.928647
97,0.083874,208.030182,109.424637,318.931000,0.925690
97,518.770081,177.070679,538.484436,191.313904,0.842079
97,562.710327,175.556351,576.706299,186.959305,0.776514
97,581.832520,176.635437,599.569336,190.751282,0.773922
97,538.080750,175.082138,551.379456,184.897018,0.731694
98,353.575562,181.626572,427.666382,227.387344,0.933102
98,515.834412,177.924133,535.778015,192.692780,0.852741
98,582.441223,176.804291,600.086853,190.980591,0.806954
98,563.413940,175.873199,576.840820,187.338837,0.762289
98,538.124817,176.658844,551.222351,185.846588,0.732204
99,309.892395,182.997482,402.470215,236.317459,0.945273
99,512.299500,177.602539,533.096619,193.465790,0.885617
99,537.444946,176.074768,551.150879,185.904510,0.788975
99,582.863770,176.337982,600.571899,190.772064,0.788939
99,564.301697,175.550018,577.983704,187.066467,0.767770
100,249.314651,184.277512,367.414246,249.513718,0.949239
100,508.068878,177.560806,531.197021,194.105026,0.883282
100,537.638306,176.060791,551.328979,185.814270,0.791982
100,583.781250,176.148331,601.118652,190.482437,0.778757
100,564.608765,174.791550,578.809448,186.612595,0.731230
101,154.624939,187.157806,320.378235,267.713776,0.945430
101,504.193024,177.902573,528.406067,195.716141,0.891488
101,536.591431,176.065582,551.122192,186.496246,0.821611
101,584.424133,175.765549,602.023987,190.431870,0.817837
101,565.522766,174.857956,579.222229,186.422775,0.777836
102,-0.126167,190.224060,247.011047,297.987000,0.947218
102,498.104187,178.336517,524.311890,196.728149,0.902352
102,535.469971,176.074860,550.333862,187.359344,0.789328
102,584.833679,175.837250,602.428162,190.693146,0.787125
102,565.768860,174.979630,579.661194,186.945938,0.775538
103,0.136208,194.569977,123.888733,320.091644,0.925137
103,493.347412,178.275360,521.441345,198.041168,0.909188
103,534.626099,176.201019,549.507568,187.917389,0.805726
103,584.938965,176.199936,603.151123,191.127945,0.785384
103,566.325256,175.135132,580.108582,187.208649,0.779586
104,486.442535,179.953323,515.882629,200.684525,0.912343
104,585.438416,177.455566,603.198181,192.643951,0.819289
104,532.729309,178.012375,548.210510,189.351608,0.800939
104,566.156433,176.881836,580.449768,188.795990,0.767014
105,477.669006,179.818283,510.184204,202.416245,0.925245
105,529.967468,176.842056,546.810730,190.213760,0.849453
105,585.350159,177.482346,603.254333,192.537003,0.822678
105,566.147400,176.704956,580.433167,188.685516,0.751109
106,467.761475,178.868286,503.446106,203.358124,0.925453
106,527.170349,176.312012,545.502991,189.970123,0.845233
106,565.731445,175.127594,579.802124,187.712219,0.788247
106,584.753967,177.131866,603.183167,191.622375,0.775335
107,455.718323,179.474701,495.564331,205.556854,0.924627
107,523.382690,176.301453,543.051025,190.203949,0.851442
107,584.404114,176.921265,602.477600,191.527924,0.798258
107,565.104370,175.240250,579.492310,187.282272,0.780068
108,440.780457,179.647247,485.150696,208.395538,0.926765
108,519.673706,175.188019,540.102295,190.889587,0.834068
108,583.640503,175.733551,602.366699,190.735596,0.827649
108,564.048157,175.300674,578.532288,187.201157,0.777546
109,423.503418,180.502838,473.469421,212.114655,0.924367
109,516.532349,175.750137,537.137573,191.726364,0.857619
109,583.023743,175.659286,601.690735,190.355026,0.820994
109,563.465515,174.637009,578.365051,186.714798,0.793143
110,402.468079,181.061218,460.237061,216.591980,0.934497
110,511.949310,176.358124,534.031738,193.055939,0.872306
110,582.462952,176.379730,600.833923,190.835144,0.818290
110,562.645508,175.099686,577.460693,186.870682,0.816828
111,375.467560,181.824448,442.977692,222.183701,0.929483
111,505.710327,175.943726,530.829712,194.427246,0.887054
111,562.375183,174.307587,577.263977,186.616425,0.835285
111,582.049805,176.911453,600.377441,190.707077,0.791406
112,339.820953,181.416901,421.173309,228.258514,0.941068
112,501.260254,175.026840,527.239624,194.088089,0.887877
112,561.482422,172.897583,576.719482,185.564453,0.822345
112,581.998230,174.438110,600.204041,189.098877,0.801010
113,291.818085,181.608612,393.865753,236.231873,0.943269
113,495.793213,174.467941,523.088318,194.810898,0.893673
113,561.104553,172.424805,576.150085,184.924591,0.820305
113,581.513367,173.975540,599.771057,188.980515,0.777543
114,222.576080,183.478409,357.023895,248.894760,0.948537
114,489.254791,174.727005,518.231812,196.221359,0.898190
114,560.784668,173.163925,575.602417,185.130722,0.821817
114,581.033386,174.476883,599.299500,188.986954,0.760226
115,113.949951,186.458282,303.849548,269.284576,0.944551
115,482.480530,175.948074,513.614441,198.542221,0.899576
115,560.742126,173.213928,575.184143,185.555481,0.827003
115,580.850891,174.928436,599.217224,189.460236,0.785794
116,0.104118,192.406799,222.847046,303.373810,0.947101
116,473.835571,177.324707,507.448181,201.693298,0.921284
116,560.283569,174.370163,575.370361,186.435318,0.835936
116,580.489563,176.277496,599.425232,190.947815,0.810597
117,0.145027,203.240768,83.145905,316.825684,0.930981
117,463.965637,178.157608,501.867126,204.135574,0.917386
117,560.107544,174.667709,575.414307,186.665573,0.844424
117,580.502625,176.422104,599.303284,191.337784,0.804246
118,452.941162,178.528122,493.634521,206.429916,0.911200
118,559.979553,174.629044,575.467712,186.407028,0.845447
118,580.211121,175.431396,599.485046,190.431305,0.809930
119,439.532410,178.419830,484.966431,209.121613,0.925526
119,559.450195,173.336792,575.184814,186.218506,0.813373
119,580.539734,175.224213,599.286804,190.290192,0.806847
120,422.237305,179.576141,474.399048,213.392029,0.925731
120,559.680359,174.164749,575.446350,186.553055,0.834812
120,580.202820,175.216736,599.519348,190.556488,0.793014
121,401.759857,180.843491,461.423920,219.362900,0.934124
121,559.811890,174.272980,575.553345,187.153748,0.842486
121,580.541016,176.075089,599.564819,191.518295,0.824712
122,375.519867,181.774551,445.259857,225.816330,0.935463
122,559.867981,174.329819,575.554993,187.087784,0.840333
122,580.763306,176.281326,599.865479,191.558945,0.831039
123,340.952240,182.159378,424.865326,233.202988,0.939769
123,580.834229,176.253647,600.082031,190.703171,0.807303
123,559.621399,173.897629,575.616882,186.632156,0.802795
124,292.931976,183.344040,398.129242,242.814285,0.947602
124,559.650879,173.155136,575.661621,186.301102,0.828914
124,580.776245,174.825119,600.468872,190.577347,0.818047
125,224.151978,186.453186,360.459412,258.156006,0.945698
125,559.707825,174.580322,575.676331,187.007172,0.828754
125,580.993103,175.230377,600.745789,191.221100,0.826812
126,112.389503,189.922882,307.292542,281.520905,0.947552
126,581.220093,175.983902,600.874512,192.190323,0.843575
126,559.700012,174.033966,576.185730,187.632355,0.834008
127,0.176949,194.956482,223.515625,317.412048,0.940754
127,559.578125,173.922256,575.986572,187.133133,0.837767
127,581.210999,175.259888,600.956848,191.564148,0.827943
128,0.137070,204.708771,75.970787,333.763153,0.935960
128,559.598267,173.551712,576.078613,186.739120,0.839735
128,581.252930,175.007904,601.331543,191.429504,0.834867
129,559.664246,172.903625,576.381409,186.418640,0.828028
129,581.290833,173.928253,601.862854,190.957733,0.822618
130,559.453735,172.849380,576.407837,186.460464,0.846104
130,581.807617,173.742981,601.922729,190.697388,0.817910
130,630.778259,172.511246,643.695496,181.807236,0.347957
131,559.317078,172.642197,576.216858,186.182083,0.841979
131,581.817627,173.749969,602.356201,190.571167,0.827070
132,559.114807,171.544373,576.966858,185.686462,0.850794
132,581.982056,172.923401,602.703979,189.902405,0.837518
133,559.440979,170.668869,576.743469,184.820969,0.852167
133,582.436890,171.886459,602.973022,188.949631,0.847091
134,559.488342,170.539764,577.584778,184.305206,0.848584
134,582.929565,171.612457,603.592651,188.932373,0.801044
135,559.595642,169.965225,577.970032,183.850845,0.861916
135,583.445496,171.107132,604.285950,188.556992,0.834877
136,560.441833,169.625565,578.322083,184.115646,0.852611
136,584.177612,171.555634,605.057129,188.789124,0.842034
137,584.757324,171.878525,605.844727,189.700943,0.881309
137,561.056152,170.583694,579.408691,185.825577,0.837688
138,585.532898,173.751907,607.417419,192.104416,0.870787
138,561.309753,172.274185,580.094543,187.303391,0.848686
139,561.964478,173.025574,580.334839,187.940521,0.857216
139,585.596985,174.016785,608.288879,192.239441,0.843576
140,586.229980,173.282593,608.755493,192.104553,0.867255
140,561.903931,172.658524,580.967041,187.923630,0.856856
141,586.344177,171.718719,609.055237,190.756531,0.865162
141,561.532227,170.617371,580.829468,186.116394,0.863400
142,560.733948,168.357162,579.750305,183.418930,0.859972
142,585.281799,169.717072,608.158142,188.548615,0.854558
143,559.019775,167.763306,578.695557,182.754425,0.874499
143,584.436279,168.294754,607.236694,188.259415,0.807552
144,582.863220,169.849304,606.315613,189.143372,0.862276
144,557.574097,168.509827,577.629272,184.275421,0.854998
145,581.665100,171.309525,604.691467,191.689346,0.860128
145,555.950073,170.956436,576.392822,186.595505,0.857570
146,580.378235,172.678345,604.228699,193.306671,0.874119
146,554.552063,171.889725,574.755188,188.452164,0.860813
147,552.653015,172.026978,574.081116,189.583618,0.861646
147,578.973694,173.714127,603.436218,194.481400,0.859470
148,577.900940,172.799973,602.102844,193.598648,0.871744
148,551.523682,172.643463,572.854370,188.997345,0.847144
149,576.398010,172.836807,601.681824,193.392685,0.881322
149,549.792358,172.026672,571.284424,188.595154,0.861131
149,579.766907,164.316971,592.026672,175.163589,0.337072
150,575.891357,172.657227,601.293457,193.364441,0.883864
150,548.840759,171.493271,570.491150,188.712570,0.849373
150,523.812988,165.685074,534.409302,174.396072,0.336841
151,575.726135,173.251816,601.652039,193.879745,0.860446
151,548.039673,171.796310,570.205322,189.062241,0.855868
152,575.335022,172.851562,602.022278,194.786102,0.882171
152,547.171265,172.354965,569.842285,189.584488,0.871816
153,575.301941,172.039474,601.845398,194.494034,0.888309
153,546.828003,171.284042,569.945190,189.444138,0.866427
154,575.476379,170.884888,602.042908,192.876770,0.883192
154,546.329041,169.870453,569.706360,188.259979,0.876246
155,545.826172,167.803116,569.317871,185.539505,0.874911
155,575.375977,168.281342,602.753418,190.611542,0.857121
156,544.815308,167.740082,568.264160,186.498962,0.876436
156,575.482483,168.563507,602.328552,191.489166,0.859326
157,574.990601,172.207016,602.727783,196.075058,0.880286
157,544.397400,171.979355,568.876404,190.425339,0.880042
158,544.420288,173.874390,568.668091,193.063782,0.881772
158,575.649475,174.719345,603.976746,198.599014,0.870774
159,544.484131,177.133499,569.864014,196.827316,0.897087
159,576.007690,178.130478,604.335083,201.446091,0.886168
160,544.298401,177.017395,569.666687,196.653656,0.898769
160,575.982666,177.757568,604.762329,201.457153,0.880561
161,544.109192,169.937561,569.875916,189.662018,0.901780
161,576.397766,170.186111,605.750671,195.163162,0.896639
161,517.347046,164.921539,528.401489,173.663452,0.515478
162,543.784607,163.811111,570.132874,183.862900,0.896850
162,576.726257,164.305374,606.214539,189.359756,0.876836
162,515.976196,158.645981,526.297974,167.648697,0.330795
163,543.020630,164.684174,569.923340,184.906433,0.893412
163,576.719299,164.619003,606.593811,189.520401,0.891501
163,514.151367,160.105453,525.329956,169.149673,0.406410
164,542.801819,166.665222,570.329651,187.438904,0.898770
164,576.913940,166.323380,608.098755,192.317764,0.891943
165,542.918335,172.080200,570.834229,192.343628,0.902962
165,577.767822,171.710403,608.821655,197.657272,0.895398
166,542.574524,172.258041,570.606995,193.563339,0.908211
166,577.780762,172.109314,609.505127,198.521332,0.900808
167,578.051331,170.072327,610.197571,196.518921,0.915574
167,542.172058,170.326126,570.543152,191.222855,0.904129
168,541.811157,171.069672,570.482300,192.162750,0.915694
168,578.234924,170.185486,610.226990,197.601471,0.914062
169,541.523315,172.027939,570.349121,194.199295,0.914015
169,578.298584,170.707748,611.331665,199.275345,0.898982
170,541.145264,175.985580,570.330811,197.846664,0.902593
170,578.683044,175.286774,611.945251,203.692871,0.897338
171,540.917358,180.965012,570.623169,203.320084,0.901105
171,579.293274,179.428238,612.493103,208.485153,0.896142
172,579.264404,180.605896,613.198730,209.666748,0.906821
172,540.662292,181.699692,570.802673,204.258224,0.895270
172,505.698090,178.304886,518.750000,189.398209,0.417883
173,540.396973,178.942276,570.679443,201.904251,0.905806
173,579.850830,178.276367,614.472290,207.471222,0.903363
174,580.353455,176.480606,614.308655,205.763138,0.901390
174,540.371460,177.416962,570.686401,200.272308,0.897865
174,503.388000,173.877396,516.635315,185.073807,0.497116
174,518.930969,171.446304,530.950134,181.332382,0.301762
175,540.145874,177.251297,571.099487,200.825546,0.901039
175,581.124573,177.534317,615.772156,206.305740,0.889942
175,502.290710,174.212692,516.431763,186.597000,0.684866
175,515.925232,172.851746,526.001038,182.798218,0.309643
176,581.808411,177.403976,617.538635,207.062332,0.901240
176,539.468140,178.012985,571.152710,201.517685,0.899208
176,499.526703,174.158035,515.720825,185.577591,0.636038
176,516.669922,172.703979,527.553223,182.239197,0.432751
177,539.252258,178.654877,571.229309,202.805450,0.902335
177,582.130127,177.951233,617.775024,208.191223,0.901271
177,500.179779,174.648987,513.824768,187.235504,0.662389
177,515.288879,172.966156,526.481018,183.149567,0.497523
178,538.709717,178.898575,571.226685,203.669540,0.909250
178,582.621643,178.069962,618.189270,209.174942,0.901143
178,498.058990,175.575882,511.897919,187.278946,0.659576
178,522.242554,173.060913,532.974854,182.571960,0.384274
179,538.601196,179.474380,571.393555,204.250107,0.908782
179,583.218872,178.626297,619.301636,210.352280,0.904373
179,521.620728,173.461670,532.846924,182.647980,0.459647
179,582.560547,172.619705,601.528198,189.192795,0.451956
180,538.324036,179.781998,572.087097,205.071976,0.914589
180,583.582703,178.863647,620.187439,211.219635,0.908697
180,494.871307,176.376144,507.024445,188.761703,0.652298
180,521.145142,174.278473,532.878052,183.531738,0.634957
180,510.561005,175.854294,521.952393,185.549393,0.613510
180,691.463989,177.265808,714.868164,186.471680,0.306424
181,584.096130,178.499481,621.347107,211.290100,0.920362
181,538.054565,179.637177,572.262939,205.187378,0.914779
181,491.872162,176.701218,504.707245,188.945877,0.729886
181,509.284088,176.042068,521.053650,185.710098,0.727583
181,520.283630,173.883804,532.418518,183.428848,0.668684
181,691.430054,177.298004,715.482178,186.469940,0.343625
182,584.428528,178.485397,622.409729,211.159622,0.928263
182,536.851074,179.182190,571.292847,204.651886,0.911960
182,488.463196,175.419128,501.361206,188.507935,0.684644
182,506.168915,175.691437,519.415222,185.421021,0.683024
182,519.329651,172.995880,531.578552,182.524597,0.583714
182,583.766846,171.952957,601.097656,186.041397,0.331407
183,584.370422,178.829819,623.359314,212.020584,0.928340
183,536.175171,179.303101,571.327515,205.488007,0.914156
183,483.834747,175.599518,498.218536,189.269989,0.754167
183,503.916718,175.658798,516.864746,186.002670,0.748546
183,518.773560,173.157822,530.571655,182.834122,0.674631
183,582.868591,172.776947,600.616882,189.207825,0.392437
184,584.331726,179.917465,622.729675,213.653244,0.917722
184,535.444641,180.500519,571.140686,206.842834,0.906692
184,479.707001,177.367859,494.816071,191.412262,0.731203
184,502.051025,177.492767,515.351929,188.068756,0.706273
184,516.013733,174.171402,529.379944,184.590927,0.703010
184,584.864380,172.710205,599.282471,182.756348,0.424832
185,584.392944,180.727463,623.284546,214.394241,0.908925
185,534.804565,181.317337,570.668213,207.838211,0.903048
185,514.428528,174.754608,528.618469,185.140076,0.774299
185,475.936615,177.316544,491.160797,191.290268,0.693201
185,500.209442,177.721741,511.472137,187.959290,0.686939
186,584.250061,181.194778,624.377014,215.496933,0.915092
186,533.590759,182.547546,570.384094,208.942963,0.906453
186,513.359375,174.907928,527.004639,185.764069,0.772980
186,470.880035,178.738678,487.759247,193.894989,0.763885
186,497.098297,178.452072,511.172394,189.530685,0.681355
186,582.905457,173.649658,596.980652,183.501282,0.311403
187,532.520630,182.631836,569.952881,209.798767,0.906836
187,584.188110,181.585434,625.047241,216.492325,0.905095
187,511.653076,175.010895,526.413818,186.407135,0.769928
187,465.085724,178.726746,482.486847,194.779541,0.764065
187,494.362396,178.180450,508.333710,189.025208,0.558996
187,695.786499,178.737579,712.307251,187.793091,0.441903
188,583.800354,181.170380,625.103333,216.741577,0.909403
188,531.089233,182.253067,568.563843,209.556595,0.904036
188,458.800507,178.417252,479.176727,195.688400,0.778150
188,509.460205,174.606293,524.687500,186.089844,0.768909
188,490.853027,178.530212,507.573914,189.602356,0.717402
188,695.838135,178.307907,715.020508,187.849014,0.411866
189,583.422302,180.427124,624.898010,216.404114,0.914789
189,529.250000,180.311554,568.225708,208.612274,0.912431
189,451.941833,177.267944,471.679871,195.659790,0.770705
189,507.154846,173.497314,522.401306,184.808289,0.766845
189,487.261871,177.402206,505.108917,189.494919,0.764787
189,696.594238,177.194351,718.705444,186.615280,0.450852
189,580.556213,172.701859,593.781067,182.348923,0.391046
190,527.983765,178.818802,567.104248,207.134140,0.915753
190,582.565308,178.854767,624.692749,214.856903,0.914215
190,444.581573,175.987778,465.846832,195.534500,0.804493
190,505.279388,171.851547,521.208557,183.781174,0.764970
190,483.431335,175.251221,501.542480,187.856201,0.667067
190,695.873596,175.703949,719.782166,186.014526,0.489874
190,579.997314,171.264359,592.479858,180.778244,0.301754
191,581.632324,178.296600,624.119873,215.113861,0.927324
191,527.023621,178.523849,566.053406,207.201004,0.915873
191,435.561218,175.653122,461.229126,196.397385,0.804232
191,479.013519,176.015839,498.247223,188.517120,0.773917
191,502.873383,171.436752,519.448792,183.392349,0.669468
191,695.615234,175.477219,720.903442,187.115738,0.575489
191,529.424866,171.482712,546.996277,183.287216,0.423914
191,589.222229,170.829727,601.086243,179.806992,0.345860
192,581.273376,179.714005,624.519470,216.982468,0.913520
192,525.376160,179.499527,565.132996,208.784561,0.902669
192,426.224762,177.639832,451.227203,198.641632,0.800884
192,474.961273,177.407791,494.651825,190.120316,0.735317
192,499.970947,172.846375,516.879700,185.015594,0.711398
192,696.290649,176.402740,719.986206,187.265686,0.634807
192,527.146606,172.974228,545.875854,184.876389,0.399569
192,577.537048,171.963593,589.149231,181.724579,0.372555
193,580.035828,180.917099,624.905334,218.850052,0.921324
193,523.467773,181.513535,563.545532,210.541183,0.904861
193,416.843719,178.536087,448.758392,201.325302,0.843265
193,479.670074,178.733307,491.025909,191.888580,0.707285
193,497.991180,173.761978,514.845825,186.312424,0.692885
193,574.744019,172.446869,587.449219,182.505310,0.422810
194,579.623901,180.996094,624.902100,219.452087,0.927918
194,522.125854,181.623856,562.284790,211.412521,0.917408
194,405.723511,179.646515,434.473450,203.634247,0.857901
194,473.476654,179.561584,487.087250,192.620941,0.757055
194,495.402344,173.699051,512.754456,187.085800,0.626087
194,696.559082,177.289749,717.224243,187.429337,0.421918
194,574.560181,172.824081,586.448853,182.664230,0.351260
195,578.831604,180.863632,624.800598,219.668655,0.922594
195,520.428284,181.265030,561.857117,211.324387,0.921131
195,393.810760,179.677917,424.601837,204.914917,0.880949
195,467.382172,178.838181,482.333527,192.855576,0.801477
195,491.826691,173.480637,509.385773,186.853378,0.713933
195,697.284241,176.957596,718.225159,187.046463,0.416637
195,571.647034,172.831879,584.503967,182.146057,0.332959
196,578.238770,180.672974,624.713989,220.463287,0.921288
196,519.257507,181.258057,560.508728,211.339661,0.915697
196,380.124420,179.972855,414.252106,206.745468,0.857884
196,461.281219,178.551773,478.161713,193.473343,0.832965
196,488.899872,173.350525,506.783661,186.754700,0.720196
196,695.875610,177.003052,720.863892,187.470032,0.629710
196,570.481079,172.856964,582.647217,181.959778,0.482376
197,577.765198,180.799622,624.220520,220.690216,0.927068
197,518.059692,180.839432,559.755981,211.365189,0.914820
197,454.012024,178.651184,473.479919,193.930389,0.847375
197,364.863708,179.850082,401.436768,208.508957,0.774552
197,485.994934,172.886459,502.787354,186.771378,0.729460
197,695.907104,177.373962,721.516968,187.414856,0.539445
197,568.795837,172.712646,581.777283,182.469482,0.436758
197,581.578003,172.597015,592.222656,181.591309,0.371932
198,577.177856,180.724304,623.912598,221.032227,0.926089
198,516.573242,180.156494,558.456421,211.113770,0.911105
198,446.767548,178.284027,468.208954,194.179993,0.889818
198,348.406677,179.226166,389.846924,209.933685,0.835971
198,482.455109,172.533432,502.249664,186.197311,0.665717
198,567.995300,171.812302,579.717102,181.508255,0.524594
198,695.846191,176.789017,723.090210,186.853989,0.518127
199,576.686523,180.398849,623.140381,221.588242,0.930752
199,514.815857,180.340210,558.372009,211.421631,0.916251
199,438.166626,178.157852,462.399719,194.803635,0.892270
199,327.502502,179.163879,376.740845,212.218262,0.603586
199,479.411774,172.632462,498.279816,186.292587,0.589615
199,695.941772,177.516373,723.316284,187.953323,0.575325
199,566.946838,171.719574,577.737122,181.684357,0.452959
199,503.710449,177.601028,512.992065,187.110611,0.305878
200,575.870850,180.929153,623.573120,222.888779,0.928831
200,514.052246,180.165283,557.157593,211.693237,0.923704
200,429.580139,178.684128,456.588806,195.724380,0.901763
200,304.594543,179.236053,359.941162,215.312805,0.881924
200,475.326752,172.459534,494.206635,186.785248,0.715056
200,696.065002,178.089355,723.873962,188.761749,0.697914
200,564.819641,172.059402,576.604797,181.831619,0.493408
200,576.076355,172.638275,586.740784,181.786285,0.400286
200,734.399475,181.753189,751.674500,194.568741,0.303270
201,512.355530,180.210236,556.114441,211.681976,0.926246
201,575.052368,181.366058,622.700806,223.443909,0.926131
201,277.994049,179.388672,342.508392,218.884003,0.913225
201,420.653046,178.559998,449.875580,196.638245,0.908003
201,472.415253,171.754166,491.129181,186.655594,0.755350
201,695.508545,178.733536,724.107056,188.698166,0.640686
201,562.822754,171.901932,574.208618,181.613998,0.603350
201,574.586731,172.192734,585.463318,181.340439,0.506682
201,593.416626,172.087494,603.375732,181.681030,0.374554
201,496.147736,177.143188,506.198578,187.239929,0.337807
202,573.741455,180.888626,621.911987,223.999985,0.928613
202,511.240448,179.918701,555.167603,211.605438,0.922585
202,412.488373,178.780670,443.414093,197.330658,0.915060
202,244.820343,179.603561,320.849884,223.392899,0.907065
202,468.242462,171.715851,486.559845,187.036560,0.752701
202,695.320557,178.550598,724.436768,188.869873,0.635911
202,561.469971,171.999557,572.363037,181.538528,0.606013
202,572.579224,172.419464,583.534180,181.363434,0.488185
202,591.969360,171.965439,602.680054,181.583572,0.421340
203,572.419556,181.890686,621.623901,224.885895,0.931335
203,402.041199,179.133453,435.929199,198.532135,0.922220
203,510.279968,180.104156,553.929504,211.955811,0.921838
203,203.792419,180.462799,298.217438,229.100708,0.921350
203,464.020325,171.830261,482.927612,187.680695,0.826826
203,695.438354,179.175140,724.818970,189.327118,0.666646
203,559.228943,171.717072,570.749695,181.692566,0.615213
203,589.669006,172.629227,601.247253,181.978775,0.510218
203,570.906433,172.061935,581.761047,181.045364,0.474631
204,153.044937,183.801208,268.488220,239.668976,0.932697
204,571.752869,184.691696,620.997009,227.575027,0.925499
204,391.905792,181.808167,427.765594,202.938202,0.910497
204,509.501526,182.358276,553.818176,214.621399,0.910412
204,460.836670,174.107254,480.218262,190.769455,0.771244
204,696.217529,180.803040,723.340576,190.792542,0.654203
204,587.239929,174.789795,600.450989,185.197388,0.633048
204,569.585571,174.557281,580.083130,183.894897,0.489050
204,546.591248,179.239838,560.149231,189.193115,0.405890
204,558.095459,174.668869,569.539551,184.170425,0.371176
205,91.624985,187.846512,228.950150,252.775925,0.928135
205,570.865723,186.406540,620.598389,231.319992,0.925201
205,381.410919,185.394348,419.406891,207.087036,0.917626
205,508.513672,185.040451,553.529175,217.363632,0.917228
205,456.080444,176.898056,476.413391,194.080429,0.699165
205,697.117065,183.283768,725.718994,194.645798,0.659291
205,587.033752,177.649902,598.799744,187.125854,0.576222
205,568.171509,177.697830,578.230469,186.367477,0.468974
205,545.929932,182.276321,559.126343,194.283493,0.411178
206,570.197266,186.697983,620.020386,231.467697,0.926480
206,12.081398,189.798828,178.133545,265.145538,0.925892
206,368.646973,185.593872,409.762329,208.986969,0.912628
206,507.782654,185.021103,552.871521,217.590866,0.912475
206,451.500153,177.125107,472.648651,194.835251,0.805967
206,697.254089,183.410553,724.875916,194.520416,0.730023
206,584.845886,177.310440,597.487488,186.935593,0.609005
206,566.600891,176.972046,576.841492,186.057281,0.394433
207,569.354431,183.038910,619.703064,228.576904,0.930850
207,0.167122,188.511017,113.141518,274.558502,0.920775
207,355.232788,182.592148,399.441772,207.399368,0.914722
207,506.795715,181.561615,552.753479,214.070801,0.910596
207,446.860901,173.585403,467.893250,191.838638,0.794520
207,696.544434,179.571152,726.054321,189.840591,0.686366
207,583.033936,173.386368,595.686523,183.391312,0.675637
207,564.182922,173.481384,575.371887,182.429901,0.601349
207,553.167542,173.056351,564.016052,182.684525,0.501799
208,339.988892,179.249573,388.029175,205.868134,0.928753
208,568.973633,179.217102,620.207153,225.420563,0.925517
208,506.544617,177.379272,551.459656,210.489258,0.908447
208,0.046431,193.817429,24.021788,269.352905,0.880085
208,441.834869,169.809555,463.338837,188.321091,0.816906
208,697.808960,175.667221,727.125977,186.373489,0.626240
208,582.006775,170.199814,595.028625,179.632797,0.618268
208,563.564453,169.300201,574.123169,178.299835,0.472653
208,552.308655,169.544113,562.089050,179.345963,0.354993
209,568.704346,177.893097,619.677002,223.950470,0.933178
209,322.601532,178.237152,375.585480,207.014130,0.921412
209,506.416412,175.564270,551.773132,208.913361,0.896499
209,437.294037,168.308075,459.165924,187.515717,0.813661
209,580.481689,168.311569,593.057251,178.111099,0.570753
209,698.799438,173.944611,727.855713,185.160645,0.566894
209,550.944336,167.721497,561.500488,177.635803,0.465928
209,459.423889,171.531326,474.104553,183.828690,0.458084
209,563.130066,167.624283,573.691589,176.438583,0.453392
210,568.391174,178.635452,620.493225,225.413895,0.932450
210,302.622925,180.115814,362.256775,210.830048,0.921352
210,506.504974,177.215485,551.902039,210.251495,0.908745
210,431.698273,169.705643,455.173431,189.177170,0.801740
210,456.061371,171.949768,470.923004,185.134460,0.714466
210,578.622253,169.590576,591.992981,179.539307,0.588055
210,700.557312,174.768433,727.668274,186.050751,0.584955
210,550.123291,168.729492,560.489868,178.157410,0.430094
210,562.139343,169.060959,572.398499,177.792038,0.336221
211,568.155029,179.863342,620.556152,226.560852,0.934537
211,281.161530,182.151138,346.024200,215.789261,0.927598
211,506.475708,178.225586,551.899658,211.788147,0.918876
211,451.200562,173.659012,468.287964,186.514877,0.804192
211,426.479523,171.101288,453.202240,191.639679,0.772468
211,577.032349,170.767410,592.452271,181.527420,0.670787
211,699.569214,176.527496,728.317627,187.870483,0.449714
211,561.533691,170.276703,571.131836,179.716003,0.351175
211,549.400513,170.278702,558.902710,179.790329,0.316063
212,568.231934,180.765717,620.649048,227.230347,0.937193
212,253.710449,184.012115,327.728638,220.537476,0.926705
212,506.816864,179.125336,552.549561,212.323273,0.918950
212,419.917297,171.126099,449.714783,193.850830,0.870170
212,447.094696,175.108582,464.589081,187.675537,0.751807
212,575.734741,171.332809,590.499756,182.290054,0.684365
212,559.802673,170.921768,570.903625,180.546371,0.620049
212,701.546448,177.283401,732.251892,188.049850,0.390229
212,548.637512,171.046005,557.857117,180.846756,0.347669
213,568.044373,181.636307,620.650085,228.533493,0.939698
213,222.734512,186.495071,306.507812,226.288986,0.935760
213,506.825897,180.468521,552.963989,213.509811,0.912272
213,414.893433,172.687790,443.452881,195.951859,0.881316
213,442.742920,175.766510,461.626770,189.738586,0.853010
213,575.156311,172.739365,588.077209,183.862137,0.702506
213,559.631531,172.764923,570.228821,181.746765,0.629111
213,705.240356,178.457993,732.679565,189.471451,0.554978
213,547.567444,172.539047,558.365417,181.962051,0.517082
214,568.049011,181.953735,620.780945,229.562012,0.936619
214,183.802704,188.665298,281.979706,233.357040,0.936159
214,507.587891,181.879868,553.812622,214.065811,0.903080
214,438.050476,176.805099,458.231140,190.820602,0.809161
214,408.555969,173.947937,438.159424,197.064850,0.787445
214,573.794250,173.561035,587.127380,184.626373,0.645126
214,705.741577,178.243805,734.395386,190.317688,0.623924
215,136.274811,189.947128,252.587097,240.445724,0.936855
215,567.718262,181.602295,621.097900,229.586426,0.935357
215,507.965424,181.250504,553.323181,213.833511,0.896733
215,433.472626,176.259079,454.443817,191.507645,0.842009
215,400.707367,173.802917,431.254608,197.870514,0.706306
215,571.931641,173.133453,586.708984,184.833710,0.673946
215,557.968933,172.843674,568.796326,181.487076,0.469055
215,707.956299,178.571808,735.657959,189.926147,0.455974
216,567.740051,181.386963,621.144592,229.333923,0.937051
216,76.449318,192.197784,216.059357,249.770508,0.936985
216,508.210632,180.398499,553.491028,213.423218,0.903169
216,393.716766,173.165787,425.373505,198.805435,0.807252
216,427.758514,175.869553,450.798370,192.008530,0.802665
216,570.582642,172.664749,585.601685,184.173050,0.638841
216,708.968079,177.553635,738.582581,190.198959,0.638026
216,557.343506,172.503555,568.229614,181.244675,0.464484
217,0.609299,193.299423,170.547287,259.387024,0.935952
217,567.695618,181.239975,621.548889,228.848251,0.935384
217,508.660248,179.554794,553.318726,212.806747,0.906882
217,424.060394,175.330826,446.621185,191.588760,0.886961
217,384.755798,172.841705,419.706726,198.447937,0.824121
217,569.725281,171.541611,583.241272,183.432663,0.696759
217,709.916321,177.445450,740.064880,190.315659,0.610076
217,556.734619,171.258728,567.366699,180.223175,0.346495
218,567.735352,180.746475,621.581909,228.483627,0.937658
218,0.223179,197.226837,112.999329,268.686829,0.935062
218,508.488739,178.728516,553.439392,212.268616,0.905511
218,418.587219,175.953033,442.443604,192.133209,0.814665
218,376.935089,172.815399,412.565460,198.379974,0.803856
218,568.356628,171.332748,581.782288,183.035263,0.692549
218,711.704651,176.426239,741.293884,189.845032,0.688465
219,567.443298,179.182953,621.532776,227.647766,0.937942
219,508.719971,177.403854,553.343872,211.133133,0.907466
219,0.071018,211.685791,36.138561,266.765625,0.892056
219,411.878357,174.206268,437.107971,191.676056,0.888320
219,370.741119,171.866272,404.725250,198.826355,0.853650
219,566.825684,170.720901,579.303955,181.554611,0.722611
219,715.205627,175.479828,742.948425,189.145050,0.647896
220,567.292053,177.958542,621.114319,226.638809,0.931994
220,508.761749,176.294037,552.996277,209.983673,0.896838
220,404.967163,173.833435,431.685364,191.849548,0.873750
220,358.132355,171.273178,395.946625,199.622330,0.866864
220,564.912170,169.864105,578.313538,181.175934,0.710379
221,567.122192,178.418411,620.204468,226.712936,0.936399
221,508.906433,177.170486,553.224182,210.460922,0.901260
221,345.216248,172.566101,386.741211,202.466370,0.864431
221,398.355774,174.555298,425.330750,194.000824,0.854396
221,563.065369,170.374374,576.380432,182.104080,0.699690
221,828.207581,180.902237,843.076843,192.166061,0.482100
221,575.000671,168.930542,586.089661,180.897278,0.359595
222,566.188416,178.371262,620.040833,227.058273,0.937280
222,330.988342,173.623047,375.171814,204.620300,0.910201
222,390.652130,175.563110,419.266144,195.333130,0.907266
222,508.588928,177.118454,552.884705,210.422012,0.901677
222,828.453003,178.755112,848.074219,192.459671,0.746202
222,561.390442,170.504044,574.671570,181.881393,0.715381
222,574.328796,169.524231,585.205017,180.519928,0.528626
222,715.795166,174.968506,748.918213,189.878876,0.400958
223,565.302612,177.481125,619.326782,226.706802,0.939949
223,314.511475,173.708023,363.551270,208.017380,0.922679
223,508.273407,176.521988,552.409485,209.807297,0.904054
223,382.391418,175.821564,412.590820,196.787781,0.897645
223,829.635071,176.665817,849.314026,192.089584,0.733234
223,559.520935,170.829361,573.423279,182.035721,0.731989
223,714.560242,173.806091,750.048157,188.994781,0.704119
224,564.187561,177.064392,618.625061,226.055023,0.942542
224,293.799652,173.996063,349.967987,210.875702,0.926849
224,508.372009,177.047882,552.215149,209.440765,0.905601
224,372.952759,176.164597,404.874207,197.782883,0.896679
224,830.887085,175.286865,859.431763,191.975616,0.753868
224,715.657776,172.634613,752.254089,187.658691,0.704717
224,558.680176,170.054260,570.604492,181.710388,0.627909
224,570.413147,168.656067,581.720154,180.620514,0.427412
225,563.549988,177.152985,618.503479,226.180878,0.939159
225,269.590698,175.742203,334.710876,216.156265,0.928350
225,362.896484,177.594254,397.306458,199.934799,0.914178
225,507.799316,176.908173,551.909180,209.910034,0.913841
225,829.181702,175.573395,864.874695,193.399536,0.835490
225,716.528320,173.658295,753.341187,189.459351,0.820483
225,556.810608,171.056183,569.376526,182.134888,0.698354
225,568.742188,169.279602,580.316284,181.686920,0.538596
226,562.838989,179.125671,617.172363,228.268799,0.941196
226,241.886505,177.931992,316.373138,221.455521,0.932904
226,352.080017,180.098526,388.469177,203.597733,0.917678
226,507.436310,179.638580,550.619690,212.076111,0.914187
226,829.774780,178.321869,871.174805,195.020264,0.833648
226,718.075256,176.672256,754.725403,191.872574,0.596063
226,555.788940,173.589172,566.787964,184.726501,0.499816
226,565.649963,171.014984,577.953064,185.822021,0.432615
227,561.978333,180.665710,616.066101,229.720673,0.937031
227,211.948120,179.911667,295.320892,227.849991,0.931138
227,506.567200,181.781845,550.519104,213.715073,0.915429
227,339.298096,182.154114,378.328613,206.739532,0.910793
227,829.816528,180.794937,874.749390,198.370651,0.878073
227,719.180420,179.020172,751.921631,195.049591,0.766533
227,552.734192,174.918396,565.184143,186.854950,0.709647
227,563.408875,174.358566,575.718323,188.950607,0.480937
228,560.924194,180.868912,614.223511,229.728928,0.941435
228,177.748322,180.231522,271.540985,233.142563,0.941156
228,506.066803,181.592133,549.242432,213.870026,0.918251
228,326.178375,182.870667,367.964752,208.844269,0.910627
228,831.109070,181.790207,875.505066,199.483597,0.891262
228,719.709717,179.908005,753.389160,195.286606,0.738152
228,551.192627,175.141235,563.457520,186.715790,0.693210
228,561.958374,174.331543,573.900391,188.677521,0.646438
229,135.047729,180.473495,243.060730,238.742020,0.944901
229,559.947754,180.809845,612.886963,229.416351,0.926379
229,505.105621,182.196487,547.666199,213.562851,0.916541
229,311.059052,182.850876,356.218292,210.164719,0.912839
229,831.262756,181.970184,876.828552,200.799438,0.885796
229,549.409973,175.445175,561.307312,186.801315,0.670994
229,721.054810,180.728806,753.612183,195.945206,0.662266
229,560.197144,174.476822,572.439575,187.931290,0.587800
230,80.993530,180.727264,209.450745,245.170319,0.947678
230,558.312256,181.199615,611.156006,229.112854,0.923736
230,293.554199,183.157562,342.816589,212.134186,0.921401
230,504.158875,181.507721,546.241272,213.696320,0.910504
230,835.762329,181.910629,878.097168,201.399124,0.880152
230,722.005432,180.659058,757.772522,196.734253,0.732690
230,547.251892,175.619797,559.308899,186.805618,0.675653
230,557.626221,174.663727,569.188965,187.885345,0.569740
231,12.962036,180.384140,168.832642,253.711014,0.944301
231,556.745605,180.527954,609.964478,227.777100,0.943156
231,274.129700,182.983353,327.618591,214.350143,0.913497
231,502.727783,181.415436,543.245972,212.073151,0.908372
231,840.926697,181.531448,879.914978,200.584946,0.862732
231,723.238403,179.619827,761.204224,196.033707,0.668315
231,544.166931,174.716507,556.683167,186.518845,0.664106
231,555.584290,173.486847,567.595886,187.778442,0.588155
231,534.003296,180.440796,546.124512,191.393280,0.443042
232,0.161945,180.210266,117.229019,258.994446,0.940096
232,554.861877,178.690933,608.263000,226.224472,0.933130
232,251.206223,182.289154,310.458008,215.686096,0.930242
232,501.496826,179.300522,542.186157,210.449112,0.907116
232,845.730469,179.213043,881.607544,198.219879,0.877814
232,723.954529,177.412262,765.545593,195.072662,0.844698
232,542.862488,172.823135,554.534851,183.999985,0.607411
232,553.491699,171.367020,565.535889,185.986404,0.594819
232,533.167908,179.138992,543.756775,190.186447,0.363936
233,553.519775,178.065598,606.222656,225.646774,0.929751
233,499.454926,179.294861,540.105957,210.093048,0.902242
233,225.348495,183.308319,291.419617,219.300385,0.899281
233,849.007568,178.752106,883.590698,197.559753,0.861270
233,0.137461,182.957306,52.406990,259.205200,0.859909
233,725.351257,177.113815,768.184265,195.062515,0.805097
233,550.897461,171.387436,563.204590,185.182388,0.515445
233,541.541809,172.915161,553.135437,184.336121,0.490634
233,532.512939,173.952744,542.728027,188.016861,0.358525
234,552.236389,179.898895,603.784363,226.323456,0.932369
234,498.194702,180.609772,538.482300,211.692841,0.907588
234,195.598465,186.026459,268.641479,225.003876,0.902754
234,837.179199,180.553207,886.933472,199.554489,0.836109
234,726.616333,179.218338,775.296387,197.495407,0.790989
234,549.148621,172.715958,560.877869,187.299698,0.372936
235,550.130798,181.554626,602.099060,227.786499,0.929335
235,159.809174,189.082672,243.883575,231.220245,0.909125
235,496.551483,182.929535,536.264771,212.871155,0.907619
235,850.658203,182.584335,885.744507,202.361740,0.799103
235,728.617859,181.241013,763.702820,199.264114,0.782120
235,546.959534,174.876343,559.450134,188.984344,0.593318
235,537.731201,176.262054,548.386353,187.067413,0.467641
236,548.001221,182.194183,600.131348,228.521790,0.920140
236,494.643524,183.585297,534.296387,212.712097,0.910809
236,115.168373,190.209305,213.177277,236.214890,0.880828
236,839.076355,184.805634,890.379578,204.397186,0.864793
236,730.292542,182.561508,769.764221,201.864639,0.852456
236,544.423462,176.018417,556.046509,190.399734,0.556810
236,535.800049,177.248566,546.031616,187.298767,0.531889
237,545.989319,182.613968,597.374207,228.562729,0.920502
237,492.608521,183.393906,532.201172,212.984879,0.911976
237,838.840881,186.110092,893.863098,206.557877,0.894736
237,63.976929,190.481812,177.534027,242.914001,0.854706
237,731.881470,183.838089,776.610107,203.098495,0.837217
237,542.836731,175.933777,554.420837,190.370300,0.534819
238,544.895935,182.753387,595.814392,228.267761,0.929397
238,491.111877,183.212326,530.419006,213.076279,0.908763
238,0.785896,190.984192,134.389526,250.990082,0.891069
238,842.677979,187.042450,897.421997,207.053925,0.887647
238,734.086670,184.351440,783.328979,204.556641,0.870830
238,540.973877,176.372742,553.218506,191.881317,0.508872
239,543.986328,183.611069,594.467773,227.972427,0.921603
239,489.941040,183.381943,529.128235,213.327133,0.906303
239,737.599243,185.544891,790.365479,206.369598,0.890820
239,0.157471,192.849823,82.190750,256.967957,0.886252
239,847.110840,187.748093,901.800781,207.815353,0.882759
239,539.867371,175.929749,551.386414,190.504242,0.404234
239,532.186035,177.082993,541.856323,189.288589,0.374806
240,543.583740,183.380981,593.993652,227.796631,0.922717
240,489.765411,182.981247,528.131958,212.601028,0.907392
240,740.721558,185.488815,794.939331,206.361374,0.895947
240,849.315430,187.586197,905.160522,208.945297,0.862641
240,-0.016200,211.029755,16.973789,256.929901,0.736906
240,539.162476,175.720673,550.668823,190.120056,0.454769
241,543.166443,182.480133,593.684265,226.737823,0.922843
241,489.389252,182.647278,527.226318,211.009705,0.909880
241,745.251770,184.315353,799.672180,206.871689,0.893663
241,852.823853,186.425735,914.466309,208.105240,0.870440
241,538.957947,175.050537,549.532410,189.737061,0.350665
242,543.885803,180.827026,593.193787,225.002075,0.922916
242,858.886169,185.030350,917.059265,208.313400,0.905199
242,489.913574,180.246445,527.460022,209.352097,0.901243
242,750.401672,182.813675,805.637878,206.500412,0.885199
242,533.061096,174.980438,543.739441,187.059387,0.338251
243,544.464539,180.121109,593.749207,223.958939,0.924534
243,756.126587,182.622849,814.080444,206.617081,0.905980
243,490.765137,179.788986,527.939819,208.069168,0.903617
243,865.604370,184.776184,925.510620,208.636108,0.874536
243,535.782959,173.580750,550.761353,186.779022,0.533614
244,545.365906,180.972244,594.377136,224.772568,0.934128
244,492.177704,181.507721,528.890869,209.325378,0.903702
244,884.258240,186.040955,937.205750,210.439789,0.901563
244,762.544067,184.108459,821.929199,208.681549,0.887476
244,536.540161,174.784241,551.469727,187.959473,0.416368
245,546.232178,183.515961,594.893555,226.571411,0.923498
245,494.119537,183.972488,530.448975,211.447525,0.909564
245,769.688354,186.828476,830.681641,212.324356,0.901508
245,880.944885,188.883484,946.838318,214.634430,0.898773
245,538.481018,177.438919,551.697327,190.014999,0.442018
246,547.260010,185.648819,594.994507,228.069504,0.917560
246,494.845703,186.250946,530.732056,213.397736,0.915978
246,888.793823,190.366821,956.564087,217.536011,0.892958
246,776.816711,189.262787,841.207458,215.397919,0.885873
247,548.338257,187.408142,595.804810,229.117157,0.914450
247,496.116089,187.039276,531.780884,214.238892,0.914299
247,784.267334,190.456451,849.238403,217.659668,0.904232
247,896.608948,192.334442,955.478455,218.548401,0.888487
248,906.016663,193.667709,978.494080,221.545090,0.924733
248,549.201965,187.413528,596.605774,228.687607,0.916748
248,497.000275,187.411636,532.405090,214.154648,0.910375
248,791.621704,191.171310,858.322876,219.581009,0.887680
248,544.291260,180.576157,556.145264,196.783768,0.457674
248,1187.110474,216.974899,1214.638550,244.785507,0.365346
249,498.391785,187.072693,533.506531,213.386658,0.915649
249,549.997803,187.077438,597.483887,228.510666,0.914933
249,915.026733,193.701553,989.610596,222.988266,0.913634
249,799.526978,191.815170,868.665161,220.998672,0.909889
249,546.282043,180.861710,556.738953,195.961319,0.389077
250,550.867615,185.136414,597.540710,225.985626,0.915581
250,499.258728,185.644470,534.309631,212.004669,0.913837
250,924.635681,192.346649,1002.077454,222.477478,0.913240
250,807.709045,190.527191,879.667786,220.743317,0.907941
251,551.739075,181.181534,597.325256,222.501633,0.921786
251,934.961243,189.796021,1014.971252,221.377563,0.915024
251,816.579041,188.080322,890.845032,219.168732,0.913444
251,500.155884,181.955536,534.720215,208.148010,0.902127
252,552.179626,178.951202,597.972961,219.189667,0.926666
252,825.604126,187.420670,902.867798,219.294052,0.923234
252,946.839355,188.980423,1028.286133,221.756546,0.916207
252,501.571198,179.968185,535.413818,205.641312,0.905560
253,836.176147,190.263596,916.321045,223.148514,0.920819
253,959.236938,193.065704,1044.311157,226.738831,0.918211
253,553.131836,181.464081,598.858765,221.449158,0.915959
253,502.467651,182.912125,536.316528,207.951248,0.895636
254,847.299500,194.607758,930.958435,229.311310,0.923038
254,971.942749,197.067108,1062.317261,232.159668,0.921057
254,553.637634,184.466156,599.234070,224.558594,0.920781
254,503.104431,185.864441,536.986511,211.319611,0.910532
255,858.901428,196.152252,945.608337,232.102142,0.922052
255,503.937836,185.887527,537.961243,211.571121,0.921562
255,554.229675,185.587341,599.522400,224.735413,0.917904
255,989.965759,198.730103,1079.074219,235.191803,0.915907
256,871.114502,196.205078,961.699341,233.924683,0.920819
256,554.507019,184.577682,599.705383,222.917587,0.918968
256,505.046539,184.559830,538.480591,209.771713,0.916272
256,1007.178711,199.232300,1099.156494,236.873474,0.905155
257,1017.751404,199.212845,1119.250366,238.896835,0.931937
257,554.745361,183.730560,599.445557,221.948914,0.926908
257,883.810120,195.921692,979.040100,235.152344,0.926529
257,505.677246,184.045578,538.918823,208.650681,0.908239
258,1036.353760,198.170090,1143.827148,239.712051,0.925637
258,897.347229,194.897217,998.058777,236.021271,0.925436
258,554.927368,182.641602,599.570557,220.294495,0.922899
258,506.184540,183.362457,539.610962,207.532318,0.908475
259,912.262573,193.583160,1018.445068,236.623779,0.930243
259,1056.338013,196.367966,1167.600952,239.573898,0.926326
259,555.237183,180.630630,599.094238,218.547256,0.917962
259,506.785461,180.873581,539.760681,205.407578,0.911735
260,1078.315186,194.905731,1194.010498,241.093719,0.931956
260,930.006836,193.014008,1041.410522,238.050446,0.931769
260,507.939026,179.309128,540.568787,204.234024,0.923713
260,555.485840,179.346451,599.470947,217.102066,0.919179
261,949.394836,193.128769,1068.085083,240.710098,0.933855
261,1103.029297,194.822418,1225.028320,243.161743,0.925171
261,508.967255,178.980911,541.836487,203.481644,0.920449
261,556.395386,178.914993,600.525513,216.118423,0.917767
262,970.716370,194.818054,1096.482666,244.462708,0.935085
262,1130.470581,197.303802,1241.923950,246.563110,0.925097
262,510.095703,178.824432,542.578247,203.887024,0.921264
262,556.708496,179.372375,600.512817,216.245605,0.919744
263,994.447205,197.926880,1127.493652,250.612610,0.936979
263,1160.453613,199.231873,1241.474365,251.729340,0.920537
263,510.535706,180.340149,542.582214,204.635406,0.913571
263,558.287231,181.034454,600.760254,216.671112,0.908826
264,1019.797852,199.415909,1163.796143,255.427841,0.937299
264,558.703857,181.865936,600.597290,218.057587,0.918668
264,510.966522,181.813965,543.732666,206.145203,0.908528
264,1194.471191,201.624847,1242.069580,253.612854,0.906685
265,1050.265381,200.575760,1205.260498,261.016602,0.939363
265,559.434937,182.405777,600.875854,218.391678,0.924987
265,512.135498,183.962509,544.151855,207.221481,0.899723
265,1233.512695,227.380356,1242.538818,252.510513,0.328228
266,560.148315,183.476532,601.735718,219.280304,0.927072
266,1094.156616,202.116638,1240.923706,266.741699,0.926847
266,513.210938,184.437027,545.417969,208.544662,0.908794
267,560.723328,185.364319,602.251038,220.433533,0.925465
267,1124.586426,202.795319,1241.213867,271.346069,0.915951
267,514.581421,185.928497,546.286499,209.781403,0.905842
268,561.895996,184.831604,602.684082,220.260681,0.928212
268,1170.922363,204.869354,1241.803711,272.565948,0.917353
268,515.833130,186.376602,547.435303,209.654282,0.908929
269,562.878662,182.325974,603.546997,217.132614,0.922373
269,517.795105,183.712158,548.932190,206.521271,0.890141
269,1227.386963,237.680008,1242.129883,277.093567,0.641501
270,564.139343,182.687836,604.331238,217.259430,0.912866
270,518.917908,184.231308,550.152771,206.884933,0.899713
271,565.146423,186.371170,605.205872,220.952316,0.922276
271,520.106201,186.835342,551.130981,210.646042,0.915854
272,566.140137,191.147888,605.593994,225.128601,0.931503
272,520.656494,191.092682,551.390503,214.402710,0.914600
273,566.510559,193.030319,605.685974,226.758682,0.917477
273,520.990234,192.385406,551.771851,215.419037,0.909175
274,566.933960,191.939285,605.434326,225.468918,0.919872
274,521.459473,190.838013,551.761963,214.272980,0.913481
275,566.742432,187.933472,605.121826,221.742615,0.916651
275,521.657776,188.419418,552.006042,210.783127,0.906490
276,566.619568,184.044067,604.700745,216.440247,0.914832
276,521.703186,184.371475,551.768127,205.763474,0.897712
277,566.545105,178.683746,604.851746,211.477325,0.910835
277,522.036804,178.965973,552.308167,201.319122,0.899696
278,566.995972,175.406479,605.054321,207.436600,0.915713
278,522.048523,175.715302,552.269714,197.918457,0.905313
279,567.720825,174.493256,605.017578,207.034943,0.917833
279,522.630859,175.228607,552.744873,198.031219,0.901739
280,523.246033,180.031631,553.415466,203.492905,0.905161
280,568.053772,178.572357,604.833069,211.411102,0.861064
281,523.524292,185.869659,553.573364,208.459930,0.910488
281,568.253174,184.899185,605.786499,216.387222,0.876445
282,523.732483,187.572510,553.617981,209.906647,0.900312
282,568.697754,186.478607,605.348145,218.217285,0.879959
283,523.724365,186.825073,554.016479,209.156158,0.901144
283,569.161987,186.526886,605.310913,217.305389,0.895522
283,460.016815,183.877777,473.253387,195.269684,0.665456
284,524.148254,184.997238,554.479675,207.566818,0.901586
284,570.118408,185.365067,605.590088,215.680893,0.882947
284,456.210083,181.775238,473.401184,193.983215,0.763582
285,570.136536,183.569916,607.002136,214.071075,0.899368
285,525.065247,184.382782,554.608826,205.744324,0.890971
285,451.334229,180.239273,467.947693,193.341629,0.715237
286,570.544678,182.787170,607.701294,213.516113,0.901631
286,526.024597,183.284592,555.434143,205.151993,0.897464
286,448.682190,178.995483,466.690125,192.649933,0.772656
287,571.970276,184.969238,607.984924,214.591339,0.897125
287,526.780884,184.476822,555.966431,206.742264,0.894526
287,443.467560,180.637726,463.451508,194.623352,0.839732
288,572.867798,184.961182,608.840088,214.814362,0.908748
288,527.306824,185.450714,557.496155,207.020996,0.897429
288,438.589813,180.473160,458.080475,194.676010,0.844198
289,574.105530,183.809494,610.158508,213.444839,0.900919
289,528.312866,183.745590,557.519897,205.123581,0.897681
289,432.667511,178.255814,455.468109,194.013260,0.853571
290,528.719177,180.761810,559.294861,203.292816,0.909484
290,575.172791,180.770340,610.686340,211.103012,0.857406
290,426.810822,176.284790,450.758636,192.776031,0.783444
291,576.630188,180.795578,611.589539,210.785049,0.919333
291,530.206055,181.943253,559.990723,203.791336,0.901850
291,420.643433,177.223099,445.745239,194.095016,0.894592
292,578.333435,182.400787,613.059387,212.240173,0.922119
292,413.443451,179.862366,440.218781,197.472992,0.903091
292,531.652710,184.181122,561.020752,205.137207,0.899091
293,579.593933,182.863708,615.135681,212.641174,0.924026
293,405.643280,180.522278,433.700348,198.763214,0.916971
293,533.525269,184.165894,562.150757,205.533722,0.889491
294,580.912048,180.894897,615.151428,210.195892,0.908881
294,395.241211,179.512787,426.303284,198.364563,0.903183
294,534.185852,181.763275,563.411560,204.215179,0.891473
295,384.670013,179.267242,417.642609,198.604706,0.916880
295,534.406616,180.341904,563.751831,203.338669,0.904581
295,582.184204,179.547531,616.861694,209.126389,0.904144
296,371.607452,179.937790,407.706207,201.201157,0.923993
296,582.649414,181.563889,617.390625,210.480026,0.913060
296,534.712158,181.888641,563.919678,204.184418,0.882644
297,356.748810,183.715515,395.094452,205.808075,0.915839
297,583.201660,185.267410,617.106323,213.697250,0.910790
297,534.670776,185.463318,563.962769,207.215759,0.893904
298,339.615143,186.265778,381.937958,210.174255,0.933936
298,583.563171,187.480286,617.810974,216.707520,0.915363
298,534.429932,187.608170,563.651855,210.542252,0.901142
299,320.430664,184.451263,366.294189,209.831970,0.923902
299,584.048584,187.257034,617.837280,216.161789,0.920256
299,534.329834,187.067230,563.523315,209.073639,0.903825
300,296.968811,181.503830,348.061646,208.559158,0.925165
300,583.922363,185.729034,617.427124,214.107056,0.916279
300,533.779297,185.333603,563.040894,206.760361,0.892376
301,269.308380,179.260620,327.198090,208.739685,0.927767
301,583.860901,183.247375,617.473328,212.234650,0.915302
301,532.975647,183.108978,562.114441,204.761688,0.899280
302,237.614685,178.929810,302.708374,211.231384,0.931484
302,584.026001,183.586288,618.077393,211.953110,0.923256
302,532.480652,182.093353,561.977112,204.449249,0.908267
303,199.538940,180.489761,274.277740,216.879196,0.935364
303,584.514160,183.477692,618.641846,211.955597,0.929721
303,532.162231,184.010147,562.030640,205.271500,0.897932
304,150.505280,179.042007,239.225708,219.675919,0.932986
304,585.105591,180.557037,618.541260,208.915588,0.912947
304,532.590332,180.265396,562.228027,203.068039,0.903459
305,87.437790,176.691589,196.111649,223.661316,0.939001
305,585.124573,177.462708,618.826965,205.126923,0.922129
305,532.253540,177.775833,562.190918,199.217453,0.906986
306,7.353767,176.622375,140.608368,230.658081,0.943326
306,585.782227,176.204346,619.272827,204.502533,0.923129
306,532.360291,176.130951,562.106262,198.296265,0.901467
307,586.188843,178.470474,619.616455,205.922440,0.920066
307,0.261684,179.363602,67.398621,235.888870,0.909274
307,532.055664,178.674576,561.995117,200.473495,0.901728
308,586.541260,179.277649,619.811523,207.632629,0.912047
308,531.877258,179.478638,561.814880,202.105042,0.901047
309,586.143127,180.398743,618.851379,209.113464,0.914643
309,530.783386,180.237991,561.343201,203.659409,0.905252
310,586.089600,180.657455,618.632568,209.230545,0.916274
310,529.842773,181.032730,560.708862,203.866592,0.908314
311,585.597046,179.873444,618.562866,207.693817,0.910757
311,529.023438,180.396545,559.201782,202.358856,0.896182
312,585.417236,180.120163,618.362549,207.761642,0.915895
312,528.462708,180.384216,559.153870,202.550507,0.901140
313,585.068604,183.355576,618.168091,211.006210,0.923048
313,527.490295,183.008987,557.882751,205.231918,0.898030
314,584.745178,185.503616,617.221008,212.120041,0.917277
314,526.582458,183.958878,556.954895,206.779312,0.894239
315,584.666077,183.125854,617.281921,210.558167,0.927764
315,525.804932,181.905380,555.910889,204.676804,0.895057
316,584.572144,180.804352,616.774536,207.594543,0.916521
316,524.630737,179.974838,554.920288,202.451157,0.908845
316,515.709473,175.096588,527.758911,183.117096,0.317479
317,584.521179,179.359787,616.352844,206.012192,0.921585
317,523.716675,178.927231,553.973145,200.970932,0.892581
318,584.638550,178.680939,616.328003,205.510193,0.921448
318,522.841431,177.924133,552.831299,201.058228,0.894668
319,585.026245,178.184448,616.578857,204.544342,0.914058
319,522.528931,177.252472,552.782349,200.486664,0.905262
319,0.119396,328.341553,78.833542,374.206055,0.757569
319,510.029266,173.503830,520.951843,181.524429,0.326664
320,0.530334,310.955933,132.154556,373.022827,0.915577
320,585.670349,178.964127,617.643982,205.799637,0.907832
320,522.451782,178.338211,552.881592,201.403702,0.892263
321,0.399673,278.419220,173.025879,372.260284,0.941880
321,586.555725,182.700577,618.282898,209.212296,0.912717
321,521.842224,181.711670,552.969788,204.833954,0.904785
321,506.988770,178.768677,519.037842,186.989960,0.531515
321,563.132080,176.370483,573.206177,185.410614,0.428476
322,0.492432,244.088425,208.100220,371.716736,0.953297
322,587.458801,181.930786,618.941101,208.704895,0.916729
322,521.606262,180.635498,552.638855,204.346985,0.898542
322,562.989380,175.943665,573.394775,184.838135,0.485300
322,505.248627,177.960312,516.951782,186.700455,0.301550
323,0.779564,225.230621,238.571014,371.629486,0.943579
323,521.615906,178.120392,552.249084,201.311493,0.906501
323,588.321960,178.541260,620.318909,205.243683,0.900041
323,503.436584,174.988800,514.975586,184.000366,0.606325
323,514.929626,173.769531,525.524353,183.982391,0.362517
323,563.897766,172.959000,573.551331,182.119431,0.351503
324,0.272552,214.523666,263.164520,370.979065,0.941291
324,520.632141,176.159058,551.721252,199.938965,0.911069
324,588.736572,177.259003,620.664795,203.376251,0.905931
324,500.015717,173.872269,512.137146,182.187485,0.434314
324,563.325012,172.246155,573.635193,181.198273,0.388333
324,512.259766,172.095932,524.148560,181.804367,0.368048
325,0.124176,209.533875,283.540741,371.376465,0.941243
325,589.613037,178.525970,621.025757,204.537567,0.905584
325,519.930420,178.748276,550.695435,201.636063,0.904001
325,497.684540,175.082764,511.508026,184.505188,0.550918
325,508.960510,174.371277,522.328796,184.942474,0.498717
325,562.776550,173.488235,572.666931,182.232681,0.349557
326,0.029312,205.516968,304.974243,371.444519,0.957177
326,518.855408,179.552094,549.929382,203.850555,0.896684
326,589.712952,179.714401,620.505188,205.897781,0.893108
326,505.666473,175.768463,519.463989,186.767792,0.533046
326,562.266418,175.031570,572.479797,184.176407,0.426693
326,495.095428,176.611542,508.301788,186.355042,0.379197
327,0.129974,203.832947,322.230896,370.819458,0.956931
327,517.840515,182.682587,548.680603,206.045410,0.903136
327,589.514038,182.454865,620.070679,207.663147,0.889053
327,501.562775,177.762405,517.550659,189.900070,0.659976
327,491.603546,179.347717,504.015717,189.106995,0.600720
327,561.732361,177.544052,571.142395,186.465378,0.366885
328,-0.075302,203.992035,337.152771,370.909454,0.963494
328,514.866333,183.838943,546.098389,207.589767,0.911853
328,588.202881,182.990204,618.808960,208.925049,0.906827
328,495.143890,179.045776,513.101990,191.197815,0.354837
328,560.567505,178.772522,569.751587,187.357117,0.309629
329,-0.058807,204.316498,349.657227,370.288300,0.963243
329,511.728546,183.298935,543.804077,207.497849,0.905873
329,586.775269,182.813110,617.308228,208.414917,0.896281
329,558.517639,178.621475,568.199402,187.490799,0.462712
329,488.797668,177.927856,509.304138,192.055115,0.388545
330,-0.139847,204.489319,360.373413,370.280334,0.967737
330,585.147766,182.263824,615.332947,207.324554,0.909722
330,508.682953,183.104050,540.903687,207.256912,0.902670
330,482.164948,178.006790,503.903046,191.739670,0.412896
330,555.647400,177.644730,566.048889,186.318222,0.379034
331,0.188293,200.849518,369.525055,371.336639,0.965223
331,505.543274,182.472336,537.723694,206.577682,0.911515
331,583.476685,181.542267,614.126099,207.027985,0.903635
331,477.603333,176.559113,497.977539,191.787201,0.607682
331,554.197937,175.997482,564.076843,185.761185,0.539424
331,469.661469,177.880402,482.371063,189.890747,0.503780
332,0.237976,197.045746,378.724335,371.170685,0.962740
332,502.732025,181.892822,535.349426,205.732697,0.907198
332,581.527039,180.304794,611.738464,205.847763,0.896342
332,551.994629,175.744659,562.342773,184.927094,0.650281
332,468.262360,175.352417,491.961029,190.471893,0.451730
333,29.291306,190.225342,386.527100,370.013062,0.957763
333,499.941925,178.906906,532.482178,203.994125,0.910807
333,579.783081,178.817276,609.012451,203.651443,0.904789
333,465.168823,173.214737,485.995544,189.186722,0.701350
333,457.063843,174.084335,469.267395,186.987259,0.595370
333,487.065094,174.868225,498.496735,183.862579,0.518766
333,550.189575,173.309143,560.059570,183.082611,0.352874
334,62.420303,187.526215,393.787781,358.331024,0.950493
334,496.332306,178.116379,529.249817,202.871933,0.923816
334,577.399475,177.962814,607.185730,202.779831,0.908780
334,481.944824,173.250900,495.855774,182.159714,0.594531
334,547.916382,172.610382,558.365967,181.724396,0.544267
334,455.295044,171.409180,480.017517,188.302185,0.486569
335,95.605881,184.750000,400.277710,345.481750,0.946431
335,492.886139,176.200806,526.046021,201.711304,0.923554
335,575.105530,176.380875,604.907288,200.961838,0.893086
335,448.408234,170.143799,473.030487,187.971985,0.712947
335,477.532104,171.559906,490.651978,180.629974,0.604719
335,545.793274,171.095688,556.833313,181.440933,0.518273
335,441.591553,173.085312,451.494263,184.669022,0.330785
336,119.691910,184.810547,406.482544,336.364380,0.950488
336,489.616974,177.061783,522.985474,202.078568,0.922686
336,572.525513,176.476822,602.124390,200.938126,0.899616
336,439.447357,170.426926,465.674408,189.465408,0.836845
336,472.900055,172.464493,487.893402,181.771866,0.713805
337,145.571686,186.838593,411.908600,330.088654,0.948771
337,486.708191,178.198685,520.846802,203.592270,0.920283
337,571.129578,177.087280,600.346130,201.619446,0.909142
337,429.530151,171.797348,457.844177,192.460342,0.876536
337,468.056549,174.036621,483.986664,183.819031,0.724652
337,543.236084,172.686966,554.420044,182.957260,0.577175
338,162.703812,188.532837,417.320190,327.231384,0.947445
338,569.170044,178.622711,598.739990,202.623749,0.917839
338,483.876404,179.897705,518.271240,205.325226,0.908873
338,419.445099,174.701614,449.516754,196.044510,0.884131
338,464.397614,175.352478,479.709259,186.524597,0.729183
338,542.097046,173.655273,552.443115,184.145264,0.565968
339,181.531555,190.317734,421.201355,324.125427,0.949506
339,480.765259,182.972763,516.107056,208.475510,0.918311
339,408.832825,177.345795,440.383789,200.003296,0.910561
339,567.488892,179.484955,596.645020,204.563416,0.891377
339,458.881500,178.226379,476.094086,189.376862,0.744595
339,540.718567,176.604080,551.484192,186.078476,0.413262
340,201.291138,190.898621,427.470398,318.455383,0.945347
340,478.745483,183.059250,514.211853,208.591507,0.915824
340,395.949524,177.317154,430.947937,201.885635,0.914747
340,565.405701,179.337448,594.492371,204.294754,0.912881
340,453.609558,178.885788,472.449951,189.621323,0.610570
340,539.772949,176.296585,550.685913,186.307419,0.365741
341,218.965820,190.385315,432.833374,312.607056,0.946719
341,475.864441,183.272766,512.329041,209.973969,0.918136
341,563.868408,179.371735,592.805420,204.529541,0.908652
341,382.372162,178.347534,420.473907,203.216949,0.893934
341,450.623505,179.122025,467.839691,191.239273,0.766068
341,538.307495,176.322754,550.321045,186.291016,0.558908
342,235.455536,190.949066,438.423248,307.244934,0.947960
342,474.037048,185.378342,510.839783,211.857864,0.918526
342,562.915955,181.633102,591.292297,205.542862,0.910856
342,366.125061,179.967896,411.128113,201.133453,0.876467
342,443.552002,180.604858,464.038574,193.389771,0.588893
342,537.353271,178.444000,550.340210,189.157623,0.333935
343,250.801331,194.410995,443.831848,304.976868,0.952785
343,471.518372,188.490402,509.462585,215.694016,0.915573
343,560.896606,185.168793,589.573608,208.992035,0.900958
343,440.377319,184.381226,459.605652,197.728577,0.762773
343,352.374664,183.902145,400.948700,196.800125,0.694902
343,537.500671,182.663818,548.329651,192.780273,0.505639
344,265.679993,193.140915,448.891113,300.550354,0.946005
344,469.847412,187.516846,507.025024,215.064087,0.919204
344,559.877686,183.767944,588.125366,207.760193,0.884925
344,434.377258,184.090347,454.528931,197.084457,0.800477
344,536.324341,181.833740,548.442505,191.439514,0.663263
344,323.751770,183.663544,387.899536,195.644501,0.538621
344,560.470398,178.909409,577.554382,191.881973,0.420506
345,278.440094,190.038177,453.862030,294.247437,0.951738
345,466.981903,184.048920,505.754974,212.395172,0.917713
345,557.611023,179.470596,586.206482,203.938492,0.905810
345,428.409393,180.545517,449.536346,194.585556,0.830704
345,292.252716,181.024139,358.856537,213.734863,0.759190
345,536.317383,178.086273,547.881714,188.173065,0.581490
345,345.566162,182.438873,372.607971,192.089874,0.418943
346,290.627563,188.611282,457.963135,289.222229,0.951190
346,556.021545,178.689896,584.289978,202.307266,0.927569
346,464.431244,182.452408,503.201019,211.070663,0.921961
346,255.635956,179.862259,326.405853,222.000961,0.916069
346,420.871887,179.096176,443.486023,193.238327,0.761121
346,320.181580,181.249390,358.363159,192.315765,0.747262
346,535.967468,176.058380,547.178772,186.510040,0.562056
347,301.715393,190.620850,462.575562,288.067200,0.947427
347,208.667908,182.713547,296.473419,230.014816,0.935923
347,461.532318,183.627655,500.805145,212.761383,0.917146
347,553.896667,180.426285,582.077454,203.616531,0.912918
347,293.152588,184.485184,337.805542,211.925095,0.887699
347,414.490326,180.997299,436.821075,196.501816,0.665318
347,534.257690,177.648209,546.328003,188.627426,0.587774
348,312.009247,194.461105,465.716339,288.501343,0.952926
348,146.599854,187.233856,255.750854,242.220367,0.941489
348,458.397430,186.896317,498.540497,216.217270,0.923098
348,252.033493,188.337708,315.255127,219.436401,0.914788
348,552.644531,184.651321,579.323608,206.770004,0.861448
348,404.637604,184.550583,430.042877,195.374954,0.670667
348,533.446716,181.250809,545.665588,191.974411,0.514031
349,321.019745,196.237549,468.991486,287.524506,0.951626
349,60.241959,190.585754,201.757217,256.621582,0.948123
349,206.541534,191.035858,288.176697,227.408112,0.927092
349,454.507629,188.973038,495.943542,218.290359,0.907635
349,550.207703,186.069199,577.464661,208.521866,0.879031
349,398.416565,186.456238,422.071655,196.653503,0.569401
349,532.290833,182.423996,544.195251,193.822983,0.481573
350,329.855255,195.080780,472.352631,283.871887,0.945291
350,0.072258,191.629044,127.679070,267.914185,0.944676
350,156.880615,191.312256,254.876892,232.484436,0.941965
350,451.908813,187.385818,492.962769,216.930954,0.910359
350,548.223022,184.224167,575.375610,207.335159,0.860402
350,530.328369,181.711060,543.123901,192.556763,0.631440
350,384.123016,185.437363,411.959869,196.465805,0.552417
351,337.426392,191.413116,474.637634,277.203491,0.952973
351,92.827492,187.948532,211.823364,234.490677,0.935672
351,449.165405,183.630310,489.767029,213.327332,0.908327
351,545.137756,181.359650,572.630920,204.250275,0.884176
351,-0.026402,195.899658,19.548992,266.946289,0.840065
351,528.712402,178.574570,542.246094,189.513199,0.655525
351,373.864380,181.771698,401.034668,193.544983,0.614756
352,344.841187,187.545975,476.833435,270.943787,0.950307
352,8.140961,185.069733,159.178055,239.209259,0.941312
352,542.626465,179.720398,569.124512,202.538361,0.893284
352,446.463745,181.740341,486.269897,211.949478,0.889824
352,354.716919,179.672882,389.952515,198.961609,0.840096
352,527.219360,174.129150,539.996216,187.373596,0.471984
353,351.644836,185.616821,479.614380,267.057861,0.941657
353,-0.023659,184.095428,88.379784,240.459930,0.915195
353,539.969177,179.453186,566.496155,202.428558,0.912910
353,443.082550,180.821198,482.844818,211.125061,0.878837
353,338.641388,177.735184,376.252533,198.959824,0.869814
353,526.290161,175.039047,538.763672,186.623856,0.403741
354,358.106964,185.735977,481.032196,264.729462,0.947067
354,319.184937,178.714050,361.120239,201.832062,0.915368
354,537.368958,180.468124,564.408630,203.471542,0.870646
354,440.187317,181.906555,479.225220,211.493225,0.842188
354,523.746887,176.924606,537.509583,188.352463,0.645172
355,364.257812,186.223114,484.194336,264.409851,0.945276
355,298.107971,180.359177,344.020508,205.104721,0.925931
355,535.940979,182.924255,561.846252,204.309296,0.870673
355,434.863129,182.641602,471.697052,201.644318,0.485042
355,522.163757,176.109222,537.422546,189.236847,0.454710
356,370.713287,188.393250,487.061615,265.036987,0.944901
356,272.845764,183.148407,325.100342,210.065033,0.918783
356,534.575500,184.021774,560.419983,205.143631,0.875275
356,520.910278,178.890869,536.546997,191.283234,0.579347
357,377.022095,187.416534,489.583801,262.848663,0.942204
357,243.415222,183.846466,302.162415,213.584320,0.925987
357,533.262085,184.750183,559.345215,205.277588,0.875429
357,520.776184,178.510712,535.627625,191.716858,0.560205
358,382.643311,185.944275,492.651062,260.388336,0.943320
358,206.461624,184.648682,275.053528,216.975098,0.927030
358,531.983032,184.111206,558.136108,205.246246,0.883773
358,519.916504,177.854248,535.829590,191.960876,0.536712
359,388.226685,184.431778,494.587646,255.437759,0.946205
359,160.170700,181.680420,241.472031,219.025543,0.936357
359,531.336487,181.637802,557.179260,203.326248,0.883771
359,520.152771,176.512527,534.347961,189.554916,0.618363
360,394.197327,182.532883,497.324707,251.949051,0.947258
360,101.813805,180.370758,201.677795,223.381897,0.931859
360,531.109009,179.846298,556.964600,201.490555,0.888136
360,520.623840,176.579987,534.575134,188.611176,0.624840
361,400.529694,183.916626,501.212433,251.018646,0.947032
361,25.266178,183.108185,138.373184,233.328369,0.928848
361,532.227234,181.557053,557.788025,203.443039,0.901603
361,521.343628,175.652390,536.187012,189.804031,0.569418
362,405.765320,183.281555,504.725647,249.394775,0.944735
362,0.148041,184.986618,80.129784,239.827805,0.899461
362,532.602234,182.118362,558.415100,203.859268,0.893162
362,522.570984,176.401962,537.682922,190.267288,0.327200
363,411.779022,182.084808,507.973419,246.759705,0.944193
363,533.483643,181.634079,559.044434,202.160629,0.901746
363,402.117706,182.813522,430.514435,221.214859,0.814802
363,523.115173,174.497406,539.289490,189.177826,0.505914
364,417.358917,182.165848,510.657684,245.444717,0.943479
364,534.592834,179.954285,559.736267,201.523102,0.894615
364,398.365295,182.967133,433.362244,221.821045,0.857380
364,523.684021,174.499893,540.100281,189.209518,0.569131
365,422.223969,182.883896,513.925171,245.698807,0.941428
365,535.459595,181.370926,560.592651,202.079849,0.892706
365,394.213440,183.202667,436.887634,224.002838,0.876276
365,523.065735,174.931747,540.994690,190.321854,0.491987
366,427.171814,185.772827,516.258057,246.075348,0.942429
366,536.349243,181.962631,561.586914,203.518417,0.892506
366,390.040771,184.869202,438.664917,226.696564,0.888127
366,523.799683,177.296890,541.250488,192.290970,0.576804
367,431.801880,186.723511,519.223389,246.839935,0.940710
367,385.048615,186.507950,440.421112,229.537582,0.918795
367,536.964294,183.343628,562.325134,204.470551,0.892555
367,523.624695,178.079071,542.385315,193.820435,0.502184
368,435.970978,186.735535,521.256348,246.425201,0.938925
368,380.216949,187.272598,441.009979,231.702255,0.915488
368,537.308777,184.189285,563.388367,204.659042,0.900997
368,524.116150,178.942169,542.299255,194.732147,0.447737
369,439.381348,187.996307,523.378845,246.456726,0.936331
369,374.100220,188.043640,444.989624,233.406830,0.927646
369,538.337219,184.165878,564.025818,205.022659,0.896776
369,523.930115,179.579330,542.394348,195.257431,0.574195
370,442.649963,187.689026,524.947754,245.343781,0.934639
370,367.304901,188.699509,442.186310,234.851120,0.924249
370,539.246643,183.611420,564.587952,205.192078,0.871980
370,525.375488,179.950180,542.111694,194.913498,0.550185
371,446.297943,187.930908,526.772217,246.427979,0.934160
371,359.907227,189.386002,438.462585,236.026443,0.927735
371,539.681702,184.584015,565.299133,205.011169,0.877942
371,522.975586,180.289795,543.181885,195.742065,0.722726
372,449.842834,188.098450,528.608704,244.589661,0.931854
372,352.627136,188.540527,434.288025,237.132538,0.928455
372,540.707458,183.325668,565.690979,204.087967,0.849106
372,522.100647,179.216843,543.976990,194.888992,0.649287
373,344.331726,190.113754,430.302551,241.016281,0.941992
373,453.059845,189.819122,530.571106,245.240082,0.925426
373,541.849487,184.671707,567.094360,205.066940,0.863522
373,522.087219,180.617325,543.317322,196.180069,0.690099
374,335.005249,186.263275,424.859863,238.964386,0.942943
374,455.823273,186.442902,532.069092,241.399750,0.928865
374,542.039917,181.872879,567.077393,201.536667,0.870136
374,520.708679,176.582932,542.824158,193.651840,0.755440
375,322.565216,179.958542,419.793732,234.273514,0.941700
375,458.743134,178.590973,533.376892,234.807709,0.927808
375,542.563049,175.031067,568.176575,195.250702,0.867193
375,519.480286,170.169830,542.265076,186.849670,0.749143
376,313.947937,176.919952,413.584229,233.738220,0.943165
376,461.623688,176.469742,535.414429,230.424057,0.927361
376,543.621277,171.722336,569.080383,191.716873,0.860111
376,521.003174,166.795059,542.108032,184.512375,0.772471
377,302.535217,177.333527,408.032837,236.701752,0.943347
377,464.893799,176.100616,537.375427,229.571533,0.926077
377,545.013489,171.736679,570.164856,191.445541,0.861302
377,522.361389,166.802917,541.839661,185.142578,0.757447
378,289.643280,180.936783,401.620087,242.456039,0.945575
378,467.335785,177.642212,539.170593,230.672852,0.934857
378,546.513672,174.787262,571.603027,193.789948,0.846058
378,522.575928,169.603149,541.942261,187.136475,0.791608
378,540.357361,171.895752,551.572327,181.924408,0.321318
379,275.462128,182.660339,394.254242,248.444794,0.947636
379,472.025848,178.646744,541.516174,230.276382,0.931472
379,548.451538,175.440125,573.133179,195.307556,0.883119
379,522.461731,171.184067,541.903503,188.766495,0.746292
380,259.420380,182.606628,386.426239,250.928864,0.945616
380,475.095459,177.167114,543.296204,228.995453,0.923047
380,550.160828,174.273621,574.522766,194.328491,0.868079
380,521.637329,170.595596,541.842163,190.628952,0.717865
380,539.535828,172.280121,550.887146,182.409943,0.396848
381,240.748627,182.972366,377.819733,255.677841,0.951117
381,478.259888,176.834061,545.532532,227.883591,0.927684
381,550.982666,174.153687,575.750977,193.882599,0.873892
381,519.997559,170.586533,542.144165,188.235214,0.624636
382,220.231308,182.803558,368.068237,260.143524,0.951523
382,481.626495,175.764130,548.375305,226.336517,0.938385
382,553.107483,174.158142,577.505798,192.888977,0.874301
382,519.392151,169.719025,538.881409,178.934113,0.549418
382,539.562744,171.050369,551.970703,179.871048,0.382892
383,197.144852,182.851196,356.999512,265.096527,0.947509
383,485.196716,175.630295,550.375916,224.467575,0.933582
383,554.353638,174.294571,578.643066,192.094620,0.782805
383,517.629883,169.786957,539.335327,178.546051,0.520749
384,167.952148,184.424530,344.026184,272.043304,0.944769
384,488.699341,175.565155,552.645630,223.858948,0.924005
384,555.881042,175.629715,579.624084,192.763870,0.729853
385,135.183716,186.034561,329.058289,281.084656,0.946577
385,490.734772,176.421997,553.573181,224.021118,0.928860
385,556.049438,176.440369,579.967896,193.414734,0.841521
385,515.267883,170.882858,535.630554,179.180832,0.343657
386,95.747139,188.548645,311.714417,290.254578,0.945388
386,492.914886,177.584091,554.735535,224.575882,0.916088
386,556.136108,177.086624,580.204834,194.836136,0.795694
386,510.554688,172.170670,533.510254,181.258347,0.385782
387,46.759041,190.530518,291.234528,301.639252,0.944917
387,495.288513,178.855835,555.597473,224.759583,0.911434
387,555.837830,177.954269,580.478333,196.390091,0.816423
388,0.824448,194.728333,267.578186,315.078766,0.947566
388,496.755127,181.946381,555.970947,226.644867,0.927552
388,556.131897,178.947876,579.586365,197.281525,0.849668
388,503.847473,175.919647,525.983093,185.480255,0.429240
389,0.384727,198.013062,238.429169,331.602112,0.951814
389,497.179993,183.142303,555.687439,227.504303,0.924485
389,553.977600,180.889557,578.514343,199.537964,0.821840
389,496.887207,178.293793,524.635376,200.632416,0.714178
