0,566.105103,170.014938,584.364624,185.832443,0.800101
1,564.855286,170.891190,583.300598,186.153381,0.787642
1,761.600464,159.877014,791.609253,177.546127,0.330902
1,542.856689,171.059067,557.535950,183.760376,0.313834
2,563.485413,169.885422,583.075378,186.249237,0.760751
2,764.509888,159.492615,798.024841,178.096207,0.539101
3,562.198425,169.528961,581.276489,186.279327,0.794726
3,753.823425,159.347183,805.310974,178.896118,0.749588
3,537.106384,170.800873,556.359497,188.246323,0.346961
4,561.727356,169.678574,581.452271,186.265518,0.832504
4,759.154419,157.921478,811.100708,180.192627,0.476816
5,767.899658,158.019073,815.967712,178.682724,0.774855
5,560.733154,169.206467,580.458679,185.851242,0.756236
5,536.360718,170.099609,555.574463,187.821564,0.492001
6,559.813599,167.951385,580.130188,185.031265,0.848154
6,782.915955,156.417465,825.604370,177.290421,0.830595
6,615.898682,162.583298,630.233704,172.459717,0.492878
7,559.012817,167.311447,579.683899,184.007629,0.859065
7,794.793030,154.973984,831.550110,175.833649,0.770791
7,616.752441,161.638077,630.052307,171.198822,0.415176
8,557.764954,167.415970,579.309326,184.029358,0.858471
8,814.344788,154.880005,835.171082,175.061005,0.431239
9,556.656860,167.792007,578.599670,185.541870,0.841424
9,534.100403,167.829758,551.137085,185.891388,0.466952
9,616.862915,162.070404,627.968994,171.569901,0.312149
10,555.862305,165.747772,579.964539,183.573975,0.837350
10,616.498901,160.133102,627.529175,169.866638,0.374767
11,554.444885,163.019394,578.705933,180.923126,0.828334
12,553.131958,163.454559,577.007629,181.722137,0.824873
12,614.996643,157.606750,626.860718,166.985123,0.343650
13,551.142273,166.041779,576.362183,185.175430,0.859981
14,550.284302,167.612442,575.422913,186.921677,0.869057
15,548.528992,167.693787,573.809998,187.303482,0.848085
16,547.375916,167.056030,572.684692,186.503296,0.887896
16,530.002197,166.960526,543.305298,179.104630,0.507326
16,1189.223877,131.625748,1226.195068,193.066742,0.303456
17,545.349243,166.900726,570.906494,186.578003,0.886852
17,528.158875,166.597672,541.788635,180.431335,0.538269
17,813.461487,157.787857,831.978394,175.911453,0.320208
18,544.083984,167.003052,569.920105,187.979370,0.873631
18,818.119995,151.224213,852.711487,177.950272,0.777181
18,526.612671,167.181488,540.855408,181.738052,0.424422
19,542.199707,168.805496,569.795593,189.770142,0.892122
19,826.419434,150.507843,878.241333,179.646912,0.793785
19,524.803711,168.712875,539.557678,184.559433,0.480150
19,37.805756,193.847397,74.595024,213.253799,0.410160
20,832.498352,149.956253,911.539185,180.453033,0.888242
20,540.662903,170.666473,570.270691,192.471954,0.882944
20,523.677124,170.826202,539.277771,187.633179,0.583439
20,614.519104,165.314438,625.630005,174.380234,0.375617
20,625.833740,164.927094,637.388306,173.880264,0.366415
21,538.890564,171.745239,568.093811,194.041077,0.888493
21,840.648621,149.836945,929.067200,181.455200,0.879825
21,524.024963,171.233643,538.727173,188.458542,0.632541
21,791.159912,161.573471,825.508423,176.139023,0.432153
21,929.549988,150.377335,951.104248,175.662994,0.322866
22,846.857422,149.464203,939.844360,182.217545,0.900179
22,537.500000,171.811859,567.761658,194.624649,0.884053
22,522.547668,172.341675,537.273010,189.405609,0.449468
22,970.688843,147.165054,1002.927490,172.048431,0.446175
22,796.034363,161.762894,831.540344,176.949203,0.396279
23,855.429688,147.297409,951.113586,181.506485,0.898985
23,535.189636,170.989899,565.488647,194.782547,0.871496
23,521.072205,171.464478,534.909729,183.934784,0.568134
23,1017.419556,154.227325,1041.779053,170.170563,0.351168
23,800.215149,159.965881,833.714111,176.987091,0.311139
24,532.897705,171.000946,564.046204,194.980255,0.886506
24,863.326477,146.653992,963.398132,182.507736,0.881947
24,520.618286,171.549683,532.456421,183.065613,0.544672
24,1059.293701,146.864197,1092.007935,168.811111,0.332479
25,872.730164,146.864944,974.252686,184.160950,0.898634
25,530.512756,173.016266,561.908569,196.987411,0.895490
25,612.204895,167.756287,624.125549,177.163544,0.427661
25,1069.651245,149.201172,1101.837402,169.955627,0.406041
25,1045.295532,154.440033,1072.048584,172.039948,0.357886
26,883.132874,149.432220,996.044312,188.352692,0.904875
26,528.339844,176.114746,561.279419,200.671722,0.903370
26,804.194092,161.921021,849.149231,179.789413,0.471096
26,612.296448,169.966980,625.722900,179.574799,0.402118
26,1031.722290,153.910751,1064.556274,175.861694,0.367963
26,1082.631714,154.251648,1113.404907,174.257156,0.326903
26,1113.081055,152.060272,1140.471558,174.327118,0.321092
27,525.812378,178.484558,559.854980,203.727081,0.895494
27,894.142822,151.470718,1007.472778,192.507492,0.891315
27,611.436340,173.720551,623.883545,182.629822,0.514164
27,813.092773,166.395584,856.998047,183.232758,0.423478
27,515.797791,178.671204,528.576172,197.303299,0.387013
28,907.131714,151.122559,1022.319763,193.924194,0.907140
28,523.840210,177.464417,557.885925,203.841919,0.906133
28,816.947510,166.054199,862.728943,184.306717,0.475490
28,-0.012771,189.928177,27.300972,240.534210,0.349319
28,1105.329102,154.987381,1142.348022,177.363464,0.322995
29,520.457153,176.580200,556.642212,203.455124,0.907287
29,918.956848,149.643127,1041.293701,193.425354,0.888868
29,815.199280,164.303040,861.558289,184.710159,0.644453
29,609.989990,169.224777,623.391907,180.458527,0.447099
29,876.371948,155.252365,917.229675,177.727570,0.437398
29,1129.535278,153.382019,1171.262939,177.807877,0.385032
30,518.469055,177.196259,555.368958,204.723633,0.874753
30,933.612793,148.992645,1048.372314,193.337250,0.871868
30,818.516357,164.021286,867.408997,182.123428,0.673808
30,878.707703,155.655136,930.393188,178.238678,0.600325
30,1155.643677,151.704391,1200.985840,176.973984,0.307820
31,944.591370,147.109406,1077.256836,194.174149,0.918915
31,515.150513,176.480667,555.045654,204.720413,0.889336
31,884.289917,154.086365,947.073303,176.784851,0.494605
31,829.272095,165.660858,872.519531,180.798599,0.431210
31,1158.105469,149.264053,1210.373047,176.460281,0.401093
32,960.217346,144.696472,1106.659546,192.932999,0.923591
32,513.088745,175.164597,552.315063,204.378387,0.897756
32,887.220520,153.208115,954.010864,175.018127,0.606376
32,1195.553589,153.838928,1223.225708,177.366348,0.339920
33,976.894287,142.754837,1127.787598,194.445175,0.916831
33,509.479584,175.078918,550.736267,205.436432,0.900587
33,894.402283,151.733551,962.892151,174.556015,0.756646
33,831.863220,160.486801,882.980225,179.836288,0.631105
34,998.137939,142.021118,1159.536377,195.403885,0.924812
34,507.125458,176.675415,548.683716,208.076859,0.892150
34,902.031677,152.668472,970.366699,175.990479,0.807995
34,838.320618,162.463486,882.693909,180.616241,0.654858
35,1019.631714,141.146149,1191.450684,197.005508,0.926309
35,504.915771,176.955795,546.495361,208.863190,0.906314
35,911.018066,152.809418,978.015747,177.046753,0.800812
35,842.973999,162.044693,895.366821,180.896301,0.781736
35,610.604675,166.532211,624.481689,179.405457,0.405279
35,498.281006,175.590012,514.114380,198.063873,0.382264
36,1042.758667,138.143875,1222.728271,197.266632,0.922556
36,501.527405,176.530991,545.255432,209.704758,0.901918
36,848.393433,160.673996,905.454590,180.158279,0.799226
36,610.899780,168.706802,624.991760,178.708740,0.489850
36,1011.016479,147.715378,1039.695312,167.946960,0.457971
36,902.309326,150.782516,956.910217,177.546967,0.425846
36,499.482056,173.916840,513.659912,184.546829,0.394333
36,945.347107,152.319458,988.540283,174.519714,0.314023
37,1069.313354,135.498230,1223.560669,198.802246,0.908277
37,497.250824,175.320251,545.832397,209.985275,0.907563
37,854.846069,160.842590,910.304321,180.140793,0.737167
37,610.550110,165.241333,624.689453,178.052536,0.605124
37,909.267700,150.864548,970.487244,176.855820,0.478914
37,623.820007,166.508377,638.005066,176.071899,0.348862
38,494.273376,176.307648,543.199402,211.959854,0.902453
38,1099.839478,135.607040,1223.652466,201.431808,0.812374
38,858.910522,160.687958,917.362183,180.485840,0.792793
38,933.913086,150.228958,1005.200684,176.297653,0.667310
38,611.458740,167.987549,626.481506,179.044830,0.523791
39,490.788757,175.776596,541.149536,212.274399,0.917693
39,1132.270874,140.178436,1223.843384,202.313568,0.815503
39,874.806885,160.693695,927.095154,180.202332,0.753325
39,612.825256,167.730118,626.333618,177.871094,0.662184
39,935.796082,149.024414,1015.750122,176.457321,0.523948
39,1125.947388,143.240021,1156.073242,166.035797,0.405746
39,1037.988647,145.649124,1083.126099,167.358826,0.317346
39,626.039673,166.201096,639.461792,175.659302,0.301340
40,487.361176,176.231430,540.061523,214.559906,0.915007
40,874.178223,160.827850,935.714233,182.189758,0.823481
40,1171.405518,159.878815,1223.255127,206.555740,0.794254
40,612.983704,168.697311,627.587524,178.351822,0.612338
40,944.726929,150.665268,1024.732178,178.978180,0.411730
40,625.941956,166.695129,639.985291,176.530258,0.371816
41,483.666718,176.023407,538.262268,216.922821,0.916572
41,879.933411,161.295837,945.155762,183.293015,0.853431
41,614.248535,168.864105,627.433777,178.765030,0.551579
41,955.375427,151.169312,1035.771362,179.273148,0.416934
42,479.033600,178.304291,536.434021,219.843277,0.908690
42,887.262695,162.789093,956.406616,185.446960,0.848316
42,961.890808,152.836823,1056.761230,182.236572,0.684787
42,1155.365601,152.027985,1175.063477,173.319931,0.452038
43,474.569427,176.310303,534.967834,219.448502,0.919468
43,893.564209,161.908813,964.565613,185.470993,0.874021
43,971.093018,151.449509,1052.846558,181.684479,0.674612
43,1169.608398,149.716309,1191.586060,173.654160,0.585250
43,1069.177368,148.444458,1135.839966,172.493454,0.334504
44,469.870880,174.619720,532.283691,220.474304,0.918264
44,901.693604,161.204590,973.476440,184.931580,0.883366
44,983.433289,150.292740,1061.667725,182.105576,0.804792
44,1183.036255,147.718155,1211.985474,173.070908,0.730985
45,465.103882,174.383316,529.912720,221.989716,0.917434
45,993.439514,149.818115,1082.645996,182.311447,0.882387
45,911.526855,161.205185,983.011902,185.898056,0.868605
45,1200.172974,147.776550,1223.680786,174.497284,0.693769
45,616.563660,165.373215,631.012085,175.632324,0.466335
46,459.534302,175.616379,527.878967,225.151474,0.914804
46,1001.907654,151.256821,1097.492188,183.400726,0.884100
46,919.920166,161.914734,995.371643,187.537140,0.838756
46,616.007141,166.054581,632.168518,176.846390,0.583037
46,489.862701,170.061569,515.593506,182.171448,0.515780
47,453.643616,175.493256,526.797302,228.054642,0.923146
47,924.158386,162.741379,1004.777588,189.024063,0.882648
47,1011.837280,151.543961,1109.192017,185.177612,0.807531
47,1108.325562,150.931763,1157.507812,175.854828,0.496850
47,616.822998,167.078476,631.965515,177.567108,0.416907
48,447.406799,174.857346,524.278198,229.891006,0.926947
48,1023.848511,149.221268,1123.201172,184.170593,0.854925
48,933.839478,161.184418,1014.610352,187.838135,0.851673
48,617.380615,165.890488,632.090454,175.901413,0.681636
48,487.294281,169.319946,510.134003,183.991425,0.602628
48,1118.162720,147.284225,1179.451416,174.931198,0.518332
48,632.097595,161.688889,646.634521,174.173264,0.381007
48,597.586121,162.468353,618.884338,174.321533,0.367434
48,440.981750,161.272293,463.044708,185.411697,0.301941
49,441.300079,174.177017,520.803406,231.443207,0.933863
49,944.205017,159.203476,1025.951538,186.381653,0.869016
49,1037.261475,147.031158,1136.930054,182.216858,0.853680
49,618.286194,163.887375,633.503479,174.503860,0.726338
49,631.705017,161.427338,647.548950,173.081116,0.629769
49,486.696716,168.121246,509.192657,183.683792,0.584447
49,1123.703735,146.330994,1195.891113,173.490219,0.497256
49,1192.318359,162.907684,1223.746460,206.937012,0.361415
49,597.825378,161.288834,612.550232,172.484787,0.301808
50,434.569122,173.966782,518.411743,233.065842,0.927448
50,958.178284,158.846237,1037.264526,186.235031,0.887136
50,1048.344238,146.627411,1151.578979,182.657791,0.774138
50,619.209595,163.710266,633.587036,174.251740,0.739935
50,484.511047,168.050278,507.050873,181.621902,0.673126
50,1142.326050,146.745026,1212.805908,172.131638,0.616413
50,631.733398,159.631088,647.863525,172.669113,0.574533
50,949.915466,166.826675,961.345154,181.084412,0.523679
50,595.839417,160.985901,614.083923,172.273590,0.365955
51,426.803192,176.963669,515.238708,238.776230,0.928760
51,965.894958,160.173920,1050.651245,189.145142,0.876226
51,483.641541,170.251770,506.547760,188.758575,0.771297
51,1056.781494,147.018311,1165.624390,184.934708,0.741855
51,619.502014,166.219482,634.557251,176.886139,0.692343
51,632.106995,162.140076,649.022705,175.418076,0.549892
51,1159.878052,147.827759,1222.208252,173.620361,0.512472
51,596.392334,162.985245,613.088928,175.306381,0.457158
52,418.664886,178.255051,512.420654,244.279465,0.937851
52,973.543579,161.138901,1061.514404,190.065399,0.824178
52,481.631622,171.566833,505.476074,189.640549,0.796697
52,1068.555054,146.946014,1181.413208,186.208084,0.789495
52,620.556702,167.828033,634.415894,177.967346,0.745267
52,632.668884,165.064972,648.874146,176.280945,0.615626
52,1166.412720,148.289352,1222.711060,174.208176,0.518080
52,596.392395,164.751709,612.381653,176.555664,0.489501
53,410.474701,179.592087,508.789337,247.804626,0.938256
53,987.507019,161.448578,1074.818726,191.065918,0.852204
53,481.388184,172.981750,505.088104,190.614990,0.838616
53,1088.659790,147.434113,1195.388428,187.170792,0.757858
53,621.469604,168.127625,636.635132,178.599457,0.699917
53,1178.205200,147.603729,1222.324951,174.796600,0.587426
53,635.028992,166.367584,650.268738,177.423981,0.554213
53,594.228210,164.971542,612.468506,177.014450,0.402155
54,401.086914,179.485062,505.112396,251.662796,0.938934
54,1016.913757,161.372986,1086.165649,189.754120,0.861838
54,480.100128,172.291885,503.563599,190.298981,0.837495
54,1101.089844,146.746948,1209.877197,187.212173,0.782498
54,621.724792,167.766998,636.193787,178.189835,0.739084
54,635.276062,165.744202,650.919434,176.537689,0.593764
55,389.689850,180.003830,501.626007,256.272888,0.941709
55,477.534180,171.390732,502.724365,190.572174,0.873984
55,1026.772583,159.899353,1099.562256,189.287231,0.854037
55,622.461914,167.530609,637.020386,177.893082,0.761122
55,1114.817871,145.296341,1222.929688,187.171265,0.642271
55,635.299561,165.279587,651.232239,176.126785,0.609201
55,593.031982,164.076797,610.818420,176.406387,0.335985
56,378.528381,180.261093,497.605133,259.612579,0.939845
56,476.449188,170.775146,502.028168,190.311844,0.885098
56,1048.988403,158.743134,1111.882080,188.397858,0.729946
56,622.508789,165.911530,637.169495,176.949341,0.700169
56,635.821289,163.529953,652.347778,175.689102,0.627463
56,1121.437012,142.447205,1223.989136,185.930756,0.486735
56,588.759277,162.786896,610.054260,174.837067,0.328235
57,365.477264,181.418701,492.731354,262.806732,0.939556
57,475.131897,170.602951,500.989929,190.304550,0.888984
57,622.505432,165.063614,637.629578,176.173798,0.758623
57,1141.372437,142.734207,1219.291016,184.244995,0.466853
57,584.271301,162.959991,606.452515,174.483398,0.314359
57,1015.510437,166.896835,1033.520508,185.843475,0.302531
58,352.450989,181.578552,488.892365,267.606476,0.945136
58,473.706909,170.532135,499.980804,190.994858,0.905887
58,622.883240,164.527084,638.503479,176.100128,0.702746
58,1153.960083,142.220444,1223.440674,186.293594,0.622789
59,339.209503,180.952667,483.728394,273.565155,0.942981
59,472.449463,170.031067,498.544891,190.982086,0.911474
59,623.319580,164.512741,638.821167,175.618805,0.695863
59,1062.507080,157.759628,1114.908325,191.319016,0.596582
59,1149.164062,142.328568,1224.039795,185.188690,0.548989
59,637.281860,163.497360,653.811035,174.462082,0.506784
59,587.330017,161.560898,604.592163,174.041489,0.346838
60,323.568909,181.913971,478.767334,279.585114,0.943493
60,471.383362,169.762909,497.947632,191.000610,0.900855
60,1082.313354,157.508545,1152.372681,189.669159,0.829059
60,623.756470,165.151947,639.405518,175.752045,0.743332
60,638.381104,163.721512,653.835571,174.447617,0.456565
60,591.688049,161.699783,604.361511,174.114594,0.301626
61,306.870270,182.606506,473.402710,285.583008,0.944476
61,469.919525,169.381393,497.277557,190.746368,0.902368
61,1101.603149,156.543732,1175.022461,188.250809,0.802708
61,623.730042,164.556274,639.449524,175.108292,0.758770
61,638.194641,162.365311,654.114014,173.578583,0.521798
61,420.257263,166.548431,445.101440,184.719711,0.328359
62,287.796783,183.186844,467.674591,292.932434,0.945377
62,468.639404,168.798935,495.758698,190.084671,0.897239
62,624.022278,163.682205,640.092468,174.707443,0.773378
62,405.939178,162.139359,443.951294,183.946106,0.389206
62,1142.101318,160.956650,1190.516602,187.820221,0.365374
62,574.750061,161.158524,594.921204,172.962921,0.327329
62,639.298584,161.862244,654.689575,172.732681,0.313857
63,267.829498,183.982651,461.745178,299.570374,0.943494
63,467.321869,168.968704,495.036469,190.734161,0.902900
63,624.339294,164.000977,640.002014,174.822739,0.764707
63,572.731567,160.764450,598.446350,173.316223,0.456603
63,421.425415,164.356186,443.240479,183.583267,0.378320
63,1077.742432,164.514709,1098.854492,190.920517,0.323298
64,245.579666,185.190765,455.671600,308.358307,0.944690
64,465.594940,169.150238,494.265656,191.460449,0.907920
64,624.736328,163.958130,639.843872,174.652267,0.581376
64,1130.298584,154.653778,1172.913086,191.270081,0.546231
64,574.753174,160.548447,595.336243,173.143921,0.350516
64,420.515808,164.827301,442.716431,184.087646,0.309776
65,220.906830,186.889313,448.212036,317.571106,0.948215
65,464.255463,169.572403,492.801147,191.979462,0.907013
65,1092.681152,154.020157,1206.827759,192.314575,0.855924
65,421.213135,164.980408,442.276825,184.575272,0.353749
65,628.178284,163.209549,642.016907,173.843582,0.335775
66,194.775970,188.687042,442.389648,328.022705,0.947081
66,463.602051,170.077576,492.085876,192.737595,0.914978
66,1101.391846,153.313980,1223.665649,194.384262,0.709202
66,1100.196899,165.050339,1134.828247,194.179855,0.442852
66,638.511658,162.756042,655.656128,173.833176,0.331244
67,165.542511,190.842392,435.754639,338.794678,0.949797
67,462.459198,170.877945,490.915405,193.871857,0.903990
67,1111.019897,166.401245,1143.684692,194.187546,0.717194
68,132.214005,191.517212,424.059845,351.391510,0.944531
68,461.121460,171.460434,490.662415,194.237457,0.904636
68,1120.012085,166.278854,1153.743408,194.653152,0.785676
68,625.498108,165.817017,638.554260,176.923141,0.578895
69,97.803955,192.476807,419.051208,360.645477,0.960283
69,459.960602,171.173981,489.867889,194.135208,0.903724
69,626.088440,164.815643,642.265747,176.054901,0.702443
69,1129.944214,165.901031,1165.171021,195.346619,0.558278
69,1164.054199,155.293625,1211.129150,197.066406,0.311122
70,60.286709,194.805466,411.360138,365.714813,0.962856
70,459.086761,171.739212,489.157715,194.889450,0.907021
70,625.949524,165.880707,642.214478,176.725250,0.735384
70,1140.810425,166.518341,1175.970337,196.296463,0.685513
70,640.932556,164.723145,656.318726,175.535034,0.372837
70,1174.004517,155.930161,1223.655151,197.255051,0.358855
71,18.196846,196.750946,402.510864,366.229675,0.966427
71,457.955902,171.719193,488.259949,195.214951,0.905320
71,626.277100,165.321548,643.308838,177.032318,0.743584
71,641.505005,163.755554,657.568359,175.693848,0.667149
71,1150.458618,167.488525,1186.089233,197.582108,0.640627
72,-0.116030,198.512192,394.001373,365.671021,0.964750
72,456.833527,171.840363,487.749603,195.234650,0.907173
72,626.391479,165.584320,642.373413,177.273224,0.767281
72,1158.492798,165.947388,1222.119751,199.468613,0.745348
72,640.513977,164.279495,657.651367,175.511292,0.587122
73,0.139940,199.951569,384.420868,365.818298,0.967635
73,456.159729,171.379562,486.694763,195.024521,0.906788
73,626.607239,164.902206,642.330505,176.975235,0.767266
73,1166.273682,166.523727,1218.187012,199.236664,0.699599
73,641.717712,164.154465,658.084534,175.260025,0.546578
74,-0.073805,201.609650,376.662170,365.540924,0.966680
74,455.645325,171.299423,486.373688,194.938599,0.908406
74,1174.203735,166.871460,1217.118286,199.049896,0.735903
74,626.774963,164.823502,642.448669,176.691391,0.732107
74,641.975647,163.815475,658.159424,175.068573,0.468553
75,-0.031534,202.554108,367.002380,365.678162,0.969848
75,454.129486,170.382248,485.131561,193.987961,0.903219
75,1181.390991,166.760117,1223.359741,199.555161,0.833570
75,626.848328,164.747147,642.654114,175.949692,0.736257
75,643.570312,163.689957,658.198975,174.113281,0.331948
76,0.011293,203.713028,359.343170,366.100586,0.967533
76,458.640564,170.160629,484.650757,193.639114,0.858633
76,626.964417,164.633804,643.152527,175.931610,0.677459
76,1188.936890,166.795868,1223.757812,199.392639,0.575835
77,0.167504,205.986572,350.648743,366.079773,0.959355
77,469.516724,170.796692,484.199127,193.624115,0.738836
77,1192.990723,167.403046,1223.817871,198.675934,0.639373
77,627.145935,164.448654,644.317200,176.024033,0.635738
78,0.219790,208.675812,341.663177,366.358154,0.955942
78,1182.957520,167.304260,1223.878052,194.853195,0.623074
78,627.298950,165.020203,643.621521,175.922379,0.501411
79,0.380723,210.687866,334.032074,366.726135,0.958434
79,451.295349,170.740707,472.627930,192.525925,0.697532
79,627.478027,164.503998,643.704346,175.891464,0.511822
80,0.096331,213.357208,327.280701,366.460907,0.954328
80,450.677155,170.061661,477.527863,195.487045,0.888091
80,627.634277,163.934769,643.938782,175.645523,0.676468
80,643.244995,162.491592,659.277405,173.691544,0.378600
81,0.237881,215.216736,319.113556,366.746277,0.959732
81,450.141327,169.990677,481.217529,195.630951,0.877670
81,627.695190,164.178192,643.130432,175.428696,0.678265
81,642.459167,162.389267,659.181030,173.710602,0.391686
81,1192.979126,153.067184,1228.978027,181.135742,0.389703
82,0.142918,216.209839,313.569244,366.523590,0.960244
82,449.947968,169.877609,481.816040,195.282990,0.905953
82,627.933228,163.908401,642.838318,175.101944,0.685843
82,642.510620,162.990768,658.579224,173.800949,0.472164
82,1182.195312,149.110001,1224.895508,180.913239,0.397391
83,-0.951763,219.703522,304.912292,366.438934,0.936006
83,449.734711,169.895554,482.700287,195.114822,0.913054
83,1171.757935,148.237091,1223.178345,183.613815,0.725237
83,627.994019,163.707336,642.897156,175.127243,0.701404
83,643.445190,162.831924,658.885986,173.804626,0.557776
84,-2.243617,220.149765,301.219208,366.208038,0.931433
84,449.224152,170.159302,482.270752,195.235001,0.910021
84,1159.270264,147.557343,1223.017334,182.610764,0.819809
84,628.085876,164.096558,643.263184,175.395996,0.702565
84,643.622742,162.825378,658.529480,173.586502,0.425433
85,-0.076181,220.426926,299.332550,366.133789,0.936050
85,448.937836,170.458344,482.305878,195.933929,0.911606
85,1146.630737,147.918732,1222.907349,185.278076,0.826562
86,-0.666814,222.422318,295.320374,365.663788,0.935170
86,448.686615,170.816055,482.334778,196.031311,0.911159
86,1130.675049,148.287216,1221.939331,186.256851,0.814671
87,0.125038,222.885422,292.658478,366.652649,0.937569
87,448.634369,170.882645,482.052948,196.185028,0.909501
87,1118.128296,149.683182,1222.174927,187.700119,0.855945
87,627.713745,165.833801,640.895386,176.227615,0.385601
88,0.688108,224.270325,286.712280,365.795868,0.936972
88,448.592072,171.027145,481.823303,196.299377,0.906024
88,1105.547729,150.160629,1222.087036,188.094147,0.875692
88,628.102295,165.345413,643.818665,176.695404,0.705386
89,0.211189,225.497391,285.182983,365.763763,0.935604
89,448.468994,170.939606,481.693573,196.296387,0.908025
89,1090.972656,150.209229,1212.764038,190.004272,0.894302
89,628.142517,165.191254,643.843872,176.544083,0.697706
90,0.689175,225.671295,285.471283,365.409821,0.937197
90,448.423126,171.080872,481.569458,196.386261,0.904771
90,1075.800659,151.441269,1198.674072,190.352448,0.896944
90,628.112122,164.959503,643.954834,176.696075,0.732197
90,643.932068,163.674026,660.044617,174.911377,0.464147
91,0.348979,225.974655,285.436615,365.345428,0.938322
91,448.486969,171.120590,481.673981,196.345215,0.905103
91,1060.586304,151.598557,1182.125488,190.998566,0.891976
91,628.368896,164.831192,643.919495,176.746002,0.695010
92,0.663326,226.118866,285.232178,365.263184,0.939881
92,448.450470,171.144669,481.674774,196.387909,0.905591
92,1044.371338,152.061386,1165.663086,191.329956,0.876111
93,0.953462,227.014923,285.100250,365.363159,0.939606
93,1035.898804,154.219528,1149.952393,192.777847,0.907673
93,448.224304,172.271774,481.545624,197.128830,0.906807
94,0.724619,228.813599,285.328583,365.315155,0.937162
94,448.201294,174.241119,481.705292,199.066864,0.907362
94,1036.717163,156.530685,1134.754150,194.236862,0.842718
95,0.619671,229.365295,285.553040,365.170166,0.934860
95,448.170776,174.337311,481.335541,199.675110,0.910684
95,1042.513916,157.939850,1114.457397,194.350296,0.826078
96,0.704424,228.713852,285.299042,365.333038,0.936141
96,448.184326,174.225739,481.752197,199.162399,0.908172
96,627.881958,168.148666,640.398132,179.274368,0.679103
96,979.268372,156.740860,1097.506348,195.802948,0.566509
96,978.076782,172.500534,1007.012451,194.832550,0.549634
97,0.638288,228.812866,285.344482,365.345367,0.935755
97,448.264557,174.215042,481.626709,199.409683,0.910304
97,627.982727,168.203384,645.616455,179.303040,0.647145
97,960.587219,165.110046,1010.694702,197.708893,0.572648
98,0.724694,228.603668,285.953247,365.378326,0.935810
98,448.109924,174.253036,481.521942,199.093781,0.908709
98,943.781799,156.246567,1057.500366,198.231308,0.852949
98,628.250061,167.840912,645.830017,179.274414,0.754722
99,0.742288,228.386642,285.526978,365.428375,0.937423
99,448.156830,174.124466,481.677673,198.941025,0.907754
99,628.130798,167.644684,646.142761,179.112778,0.784737
99,951.031555,159.650940,1016.966492,193.913940,0.682357
99,648.767395,166.307846,661.845093,176.739761,0.438275
100,0.693762,228.867508,285.619171,365.442719,0.935784
100,448.217590,174.253220,481.512360,199.350082,0.909678
100,628.192688,167.671021,646.811829,179.348083,0.760864
100,648.961792,166.271805,662.002075,177.143723,0.465847
101,0.898710,228.547607,285.530182,365.390137,0.936728
101,448.146362,174.259811,481.617889,198.942047,0.908789
101,894.616882,161.669708,974.531006,199.254272,0.884415
101,628.102478,167.727097,645.886108,179.095016,0.764348
102,0.677792,228.607300,285.881317,365.451691,0.936309
102,877.837646,161.984009,985.399170,199.487640,0.911149
102,448.162720,174.218552,481.740234,198.998489,0.908655
102,628.097351,167.723831,646.120178,179.059204,0.779414
102,650.002747,166.412170,663.051941,176.473709,0.358551
103,0.669371,228.829742,285.752899,365.341797,0.935270
103,860.161926,163.316132,968.328247,200.106964,0.925447
103,448.117737,174.214981,481.600067,199.188171,0.908594
103,627.991882,167.772186,646.234558,179.090149,0.740156
104,0.806499,228.608719,285.386871,365.303802,0.936527
104,844.157654,163.619247,950.195129,200.318390,0.932662
104,448.154205,174.235550,481.695679,199.051575,0.908203
104,628.097778,167.900650,645.894775,179.095825,0.749959
105,0.805311,228.651093,284.947998,365.377655,0.936923
105,827.277771,164.316757,931.485535,200.405014,0.919746
105,448.140167,174.191849,481.624268,199.014847,0.909212
105,627.992249,167.973846,646.036682,179.158096,0.763121
105,650.993652,166.354721,663.658447,176.327515,0.392777
106,0.854740,228.816559,285.616882,365.290436,0.936392
106,811.069397,164.426437,914.199585,199.999680,0.933806
106,448.132538,174.196335,481.611694,199.074463,0.908714
106,628.057251,168.063431,646.107361,179.164948,0.754310
106,651.773254,166.525116,664.450684,176.658173,0.432269
107,0.772574,228.707428,285.215576,365.342682,0.936056
107,448.147125,174.251083,481.669769,199.091049,0.908903
107,815.742676,164.934631,896.720154,199.617630,0.892282
107,628.076233,167.848694,647.038513,179.183960,0.764658
107,652.240906,166.576111,664.661560,176.623444,0.429836
108,0.812634,228.786575,285.779480,365.364502,0.936228
108,448.135559,174.256958,481.625061,199.085678,0.908426
108,627.997192,167.868530,647.178162,179.163193,0.751322
108,799.419739,163.822327,879.060913,199.101929,0.698151
108,652.778564,166.799728,665.061035,176.428787,0.403967
109,0.842334,228.525681,285.177734,365.251526,0.936492
109,448.130371,174.195190,481.702209,199.023697,0.908235
109,628.199280,167.779724,647.513000,179.215729,0.767745
109,653.382141,166.284714,665.292542,176.559631,0.302013
110,0.778469,228.722046,285.348785,365.248413,0.935475
110,448.137115,174.188080,481.632050,199.123886,0.908448
110,753.934998,167.824432,803.856750,199.667664,0.814659
110,628.055176,167.788925,647.819641,179.215134,0.769814
110,654.165100,166.396881,665.806763,176.595123,0.431204
111,0.816499,228.576080,285.214417,365.290375,0.936268
111,448.140045,174.232010,481.635559,199.057297,0.909275
111,740.614136,167.614853,813.957947,199.301147,0.888160
111,628.099243,167.678711,647.951111,179.159180,0.748785
111,654.405273,166.174698,666.103210,176.665771,0.476092
112,0.753266,228.624954,285.183777,365.254791,0.935765
112,448.128632,174.224258,481.676056,199.032791,0.907601
112,729.725403,167.913910,817.088928,199.570831,0.903158
112,628.198975,167.937347,647.206787,179.202942,0.732443
112,654.574890,165.666611,666.087341,176.376633,0.340557
113,0.777822,228.721283,285.985962,365.301666,0.935898
113,718.958618,168.353577,804.233521,199.509918,0.909511
113,448.148804,174.246567,481.597870,199.132370,0.908863
113,628.132629,168.175827,647.590759,179.263199,0.738461
113,654.735168,165.689835,666.628967,176.042709,0.395693
114,0.806890,228.654663,285.370789,365.380737,0.937119
114,708.208740,168.523682,789.872925,199.351700,0.913131
114,448.174286,174.275681,481.715668,199.027222,0.909209
114,628.190308,168.108887,646.638123,179.205292,0.756413
114,655.501953,165.673203,667.096497,176.236786,0.435562
115,0.798063,228.665405,286.253265,365.352264,0.935477
115,700.236267,168.769257,776.702454,199.027435,0.916607
115,448.128845,174.237076,481.616791,199.030518,0.907514
115,628.326721,168.007797,646.322083,179.130722,0.731472
116,0.853401,228.715820,285.978455,365.341125,0.935249
116,692.482849,168.651535,765.090149,198.486237,0.912653
116,448.108887,174.138275,481.648438,199.075943,0.908406
116,628.380676,168.016876,646.345947,179.121826,0.740986
116,656.161560,166.159180,668.373779,176.046341,0.331190
117,0.880153,228.489944,285.526947,365.324707,0.934935
117,685.384033,168.613556,753.432983,198.198563,0.917993
117,448.135620,174.120361,481.663574,199.117081,0.908657
117,628.210510,168.077194,646.130920,179.200119,0.711859
118,0.907582,228.759064,285.566101,365.359833,0.934532
118,679.043091,169.363312,743.174927,197.617310,0.911701
118,448.128265,174.134872,481.624603,199.077515,0.910337
118,628.385742,167.882080,646.066284,179.076401,0.735730
119,0.753371,228.709915,285.428314,365.289032,0.935330
119,674.049927,169.290558,733.604919,197.396011,0.912132
119,448.163940,174.206299,481.652679,199.039505,0.909047
119,628.246033,168.294388,645.082153,179.158035,0.721111
119,641.034546,166.910065,653.075134,176.712540,0.398069
120,0.742228,228.671585,285.284973,365.219696,0.934466
120,668.981628,169.461502,724.443115,196.978500,0.918953
120,448.126038,174.161133,481.604034,199.110825,0.908629
120,628.304382,168.159073,645.676392,179.192856,0.708680
120,641.523926,167.119370,653.310425,176.700699,0.343405
121,0.733055,228.506821,285.652222,365.280365,0.934737
121,664.715027,169.421219,716.762329,196.439804,0.913459
121,448.158691,174.171021,481.675873,199.084641,0.909190
121,628.464722,168.426834,645.383850,179.271057,0.701631
121,641.248291,167.561218,653.518738,176.952591,0.326628
122,0.815642,228.647934,285.462280,365.298645,0.934789
122,661.452454,169.382645,709.547668,196.009720,0.917298
122,448.134735,174.142639,481.613037,199.007812,0.909637
122,628.475586,168.589447,644.929565,179.211685,0.693695
122,642.022949,167.382889,653.865540,177.032242,0.320827
123,0.663040,228.662094,285.438477,365.322021,0.934710
123,448.163239,174.177856,481.669281,199.061401,0.909242
123,662.416016,169.978867,703.541931,195.151047,0.802925
123,628.545166,168.370834,644.926025,179.141525,0.694014
123,642.747375,167.319061,654.268250,177.013351,0.389782
124,0.729236,228.649643,285.349396,365.287659,0.934351
124,448.136871,174.231079,481.669983,198.917542,0.909262
124,656.530029,169.398575,697.791504,194.679489,0.901620
124,628.483337,168.355682,645.255981,179.173340,0.665860
125,0.844439,228.676422,285.355896,365.378906,0.934955
125,448.225464,174.186081,481.626007,198.596542,0.907594
125,654.020874,169.714493,692.945923,194.131897,0.903132
125,628.567993,168.554291,644.904785,179.094177,0.621748
126,0.745927,228.621338,285.226318,365.334656,0.934646
126,448.300934,174.192810,481.565002,198.246063,0.897949
126,653.011719,169.364471,689.475403,194.017075,0.884996
126,628.534241,168.661667,644.676147,179.143890,0.640509
127,0.764694,228.619324,285.386597,365.357727,0.934038
127,651.362427,169.763062,686.084839,193.420013,0.890962
127,455.586273,174.003036,481.387268,197.943848,0.887852
127,628.482300,168.353973,644.765137,179.157593,0.676993
127,426.420715,163.437103,447.374908,188.794357,0.311027
127,643.598877,167.216431,655.677734,176.856155,0.305794
128,0.838740,228.637192,285.272369,365.289337,0.934651
128,652.953369,169.827423,683.381042,193.034363,0.864239
128,463.358521,174.720703,481.418701,197.597839,0.687700
128,628.532104,168.609528,643.486816,179.258072,0.651686
129,0.905522,228.541611,285.317047,365.268463,0.935367
129,651.381042,169.966400,680.799255,192.587448,0.870932
129,628.484619,168.514969,644.504517,179.362442,0.657097
129,447.329590,174.697800,464.669434,192.801651,0.584897
130,0.716484,228.724594,285.245667,365.277130,0.935053
130,649.516968,170.275314,679.023010,192.182693,0.864778
130,628.555725,168.537643,643.579407,179.290100,0.623355
130,454.334137,174.225449,472.979309,191.055695,0.608671
131,0.768033,228.566940,285.149292,365.359253,0.935704
131,647.988770,169.785370,676.402222,191.521530,0.844493
131,628.771912,168.849442,643.007019,179.236115,0.647906
131,456.617920,173.616837,478.489929,189.295395,0.494293
132,0.868725,228.659378,284.804871,365.306244,0.935483
132,647.674194,169.617706,674.337769,190.904037,0.809209
132,448.184387,174.008545,477.484924,199.381714,0.733187
132,628.842468,168.867218,643.443298,179.268600,0.669123
133,0.914680,228.801819,285.208679,365.366150,0.934848
133,448.082275,174.244415,474.273529,199.000122,0.873671
133,646.504333,169.794891,673.307678,190.212784,0.845183
133,628.842163,168.786621,643.553772,179.144012,0.678372
134,0.910936,228.743179,284.952576,365.421265,0.934685
134,448.156311,174.217392,479.999908,199.080490,0.900545
134,645.275146,169.729584,672.069641,189.680939,0.851859
134,629.014038,168.825607,642.696533,179.227890,0.655948
134,638.101929,167.827957,649.590332,177.829132,0.380966
135,0.826680,228.808533,285.148773,365.305084,0.935081
135,448.138092,174.280624,481.701813,199.154037,0.907758
135,644.932373,169.604614,670.931763,189.480682,0.829590
135,629.106934,168.739441,642.739807,179.363678,0.616994
136,0.860665,228.649323,285.195435,365.261292,0.935641
136,448.151184,174.242599,481.725128,199.085876,0.910208
136,643.922974,170.118668,669.553772,189.236511,0.853151
136,629.237915,169.024872,643.413574,179.511490,0.614926
137,0.832845,228.610489,284.914642,365.366028,0.935383
137,448.176575,174.264526,481.609680,198.993790,0.906558
137,643.498718,169.435699,668.021973,188.676636,0.857990
137,629.615601,169.100128,641.704529,179.546814,0.616488
138,0.720003,228.692551,284.825439,365.426361,0.935134
138,448.134735,174.228638,481.670349,199.089539,0.907677
138,643.101074,169.587006,667.130432,187.976181,0.847277
138,629.778442,168.740311,642.400452,179.297485,0.692507
139,0.896665,228.556107,284.758575,365.308228,0.935089
139,448.156433,174.242004,481.648163,199.059555,0.907921
139,642.631042,169.137131,665.859009,187.720184,0.832682
139,629.947632,168.441650,643.536560,179.114319,0.687333
140,0.862484,228.729553,284.802643,365.331726,0.935322
140,448.130859,174.272797,481.723358,199.144730,0.908551
140,641.648865,167.980469,664.623657,187.450851,0.835287
140,630.210876,168.353409,642.445618,179.188065,0.668047
140,1209.182007,167.603424,1223.421143,209.178452,0.527636
141,0.798304,228.775467,285.046478,365.322357,0.935748
141,448.136902,174.161011,481.659363,199.054199,0.907793
141,641.120728,167.943726,664.183960,187.069717,0.841308
141,630.279480,168.147202,642.556763,179.143845,0.714021
142,0.811101,228.651077,285.118866,365.324402,0.936431
142,448.144257,174.283356,481.716888,199.098984,0.909151
142,640.855652,167.985977,663.580200,186.736481,0.853613
142,630.511353,168.031509,642.430908,178.974762,0.715932
143,0.784379,228.769974,285.081055,365.283112,0.935929
143,448.222534,174.214340,481.698883,199.028931,0.907675
143,640.344360,168.577652,663.062988,186.633255,0.824158
143,630.359985,168.248520,642.679321,178.972488,0.725940
144,0.670920,228.638641,284.789368,365.365082,0.935701
144,448.137360,174.200546,481.618805,199.047852,0.908557
144,639.827454,168.761444,661.967590,186.215088,0.799414
144,630.435669,167.871262,642.223633,178.955490,0.688045
145,0.804258,228.694672,284.694550,365.308380,0.935598
145,448.152039,174.274597,481.686951,199.117508,0.908570
145,639.731079,168.724701,660.920837,185.875763,0.750221
145,630.550293,167.714737,642.323364,178.916550,0.709293
145,655.217224,166.112289,667.470032,175.973877,0.325904
146,0.778710,228.736420,284.562836,365.333710,0.936587
146,448.146973,174.267502,481.656738,199.085037,0.907821
146,639.076172,168.990829,660.445862,185.646683,0.824404
146,630.527710,167.826126,642.040405,178.707336,0.717995
146,655.363647,166.231400,667.770630,175.841934,0.363385
147,0.746228,228.686676,284.833374,365.335266,0.935806
147,448.132263,174.239502,481.652069,199.111893,0.908629
147,639.217957,169.047836,659.475220,185.448898,0.818424
147,630.628784,167.722107,641.891174,178.640228,0.667288
148,0.656784,228.631866,284.789581,365.342926,0.935949
148,448.140564,174.296982,481.628510,199.126923,0.908779
148,638.647888,168.717194,659.119080,185.495758,0.801615
149,0.533400,229.448181,285.087433,365.293945,0.935229
149,448.180573,174.286316,481.731628,199.049164,0.908679
149,639.040527,168.710297,658.609314,185.041595,0.756700
150,0.632408,229.370667,285.048645,365.260040,0.934661
150,448.111206,174.285782,481.629272,199.144699,0.908288
151,0.721582,228.962006,284.892731,365.366028,0.934684
151,448.173431,174.257339,481.624207,199.038055,0.907617
152,0.724258,228.917831,284.712830,365.379425,0.934731
152,448.126251,174.237137,481.706573,199.103607,0.907701
153,0.679175,228.931412,284.883484,365.173065,0.935027
153,448.142548,174.323013,481.642334,199.123474,0.908914
153,637.392761,169.204208,657.938721,184.026688,0.586957
154,0.679281,229.367249,284.762360,365.292358,0.934931
154,448.089600,174.227722,481.607330,199.154617,0.910774
154,636.269043,169.486206,654.750366,183.852600,0.722098
155,0.482618,230.188400,285.022705,365.428070,0.933977
155,448.075470,174.289963,481.527802,199.188004,0.910665
155,636.110779,169.356735,655.062256,183.851852,0.779966
156,0.664318,230.330765,284.660614,365.305847,0.934515
156,448.046875,174.294296,481.482361,199.173965,0.910569
156,635.478333,169.181183,654.036499,183.593628,0.722952
157,0.712153,229.184082,285.054077,365.388306,0.934379
157,447.968964,174.245605,481.369629,199.196198,0.911030
157,634.945679,168.876572,653.501404,183.419647,0.737590
158,0.649296,229.818329,285.078308,365.366333,0.934574
158,447.858185,174.319687,481.417511,199.254990,0.911435
158,634.167358,168.541977,653.214294,183.120789,0.752873
159,0.601521,229.396255,285.067108,365.379761,0.934703
159,447.678558,174.202621,481.330902,199.229141,0.910402
159,634.455933,168.306976,652.709351,182.674774,0.782646
160,0.551942,230.127502,285.202087,365.285065,0.934360
160,447.356537,174.229416,481.240143,199.462936,0.910056
160,634.557190,168.512756,652.548706,182.537109,0.771149
161,0.605310,229.622223,285.185974,365.298981,0.935436
161,447.298218,174.133087,481.211060,199.282578,0.905344
161,634.391968,168.310013,653.126465,182.496185,0.770377
162,0.650002,229.348480,285.089020,365.367676,0.934813
162,447.088287,174.099899,481.079254,199.339905,0.908191
162,634.411255,168.251587,651.911011,182.245651,0.775782
163,0.684935,229.896973,285.344849,365.282684,0.934402
163,446.767670,174.145004,481.006592,199.642990,0.912350
163,633.965759,168.747223,650.600403,182.018875,0.770176
164,0.508453,229.321564,284.996582,365.392944,0.934899
164,446.518158,174.163071,480.856201,199.863159,0.913045
164,633.463379,168.369278,649.720886,181.650497,0.745934
165,0.679867,230.333984,285.363831,365.325562,0.934923
165,446.028595,174.248596,480.681671,200.162430,0.913533
165,633.355469,168.202362,649.198547,181.585968,0.750480
166,0.539852,229.736053,285.066650,365.340210,0.935652
166,445.522644,174.171188,480.531189,200.322220,0.912457
166,632.960327,168.070358,649.184814,181.463089,0.726140
167,0.707942,230.031433,284.898743,365.369049,0.935594
167,445.347931,174.070267,480.170441,200.200073,0.912820
167,632.538025,167.998566,648.607422,181.471909,0.741854
168,0.500257,229.807892,284.939423,365.403320,0.934801
168,445.196411,174.103653,479.978058,200.437454,0.912731
168,632.112610,168.068253,648.386108,181.239304,0.719420
169,0.626889,229.250946,284.644867,365.298523,0.935946
169,444.486267,174.115463,479.539551,200.877487,0.909536
169,631.766418,168.133972,647.987000,181.199554,0.724717
170,0.602092,229.801117,284.901764,365.301605,0.933803
170,444.185883,174.205154,479.119019,200.956650,0.912379
170,631.675598,167.961563,647.908813,181.335907,0.732508
171,0.613747,230.443314,284.483063,365.322113,0.934525
171,443.736176,174.194397,478.978119,201.121597,0.913698
171,631.580078,168.306107,647.786316,181.239456,0.734487
172,0.771476,229.154099,284.723816,365.355530,0.934287
172,442.653320,174.274109,478.969360,201.382584,0.913005
172,631.221924,168.289993,647.560364,181.273193,0.706113
173,0.803386,229.033981,284.694733,365.403351,0.934693
173,442.148071,174.327560,478.702209,201.360291,0.910800
173,630.981079,168.373962,647.163940,181.254883,0.718979
174,0.849296,229.079391,284.279480,365.282166,0.935957
174,441.581909,174.203217,478.203522,201.632004,0.910732
174,630.962219,168.200012,647.298523,181.226822,0.635669
175,0.696048,229.023499,284.588257,365.359314,0.934196
175,441.314514,174.240662,477.811371,202.099823,0.914355
175,630.918091,168.452362,647.519531,181.239746,0.670344
176,0.779296,228.769501,284.531647,365.350616,0.935479
176,440.714478,174.312531,477.828247,202.349792,0.917277
176,630.721497,168.813492,645.229492,181.095947,0.749591
177,0.942830,228.825256,285.001068,365.299194,0.935417
177,440.354095,174.216125,477.861115,202.545822,0.916876
177,630.572449,168.571091,645.588074,180.938446,0.703052
178,0.721251,229.180557,284.704712,365.342285,0.934767
178,440.183228,174.271347,477.407440,202.839966,0.915830
178,630.552490,168.701569,644.714722,181.143906,0.662887
179,0.747446,228.645828,285.245758,365.414917,0.934796
179,440.213470,174.255356,477.395599,203.175842,0.916358
179,630.550598,168.814224,643.943970,180.978897,0.671694
180,0.745491,229.009979,284.892670,365.322388,0.935030
180,440.041504,174.208771,477.349640,203.447418,0.915816
180,630.370850,168.528427,643.476196,180.660385,0.697797
181,0.891342,228.986496,284.351471,365.303253,0.935062
181,440.214569,174.205536,477.462402,203.606842,0.912859
181,630.206238,168.543732,643.190979,180.471481,0.710561
182,0.803717,228.770386,284.719330,365.307098,0.935233
182,440.086517,174.141724,478.224091,204.341690,0.914079
182,630.060425,168.624634,642.918945,180.228683,0.714619
183,0.822680,228.889542,284.887634,365.370117,0.934774
183,440.213776,174.169861,479.168732,205.256683,0.916340
183,630.121948,168.391006,643.065613,179.902222,0.707150
184,0.875928,228.660263,284.824951,365.226868,0.935240
184,440.500000,174.268372,479.702820,205.217743,0.918450
184,630.176392,168.347458,642.652710,179.732300,0.687259
184,574.223694,167.710907,590.571533,177.480148,0.301019
185,0.935342,228.856323,284.722046,365.301605,0.934824
185,440.567657,174.168762,480.461273,205.530014,0.916567
185,630.331299,168.497864,642.564392,179.626984,0.692890
186,0.758499,228.818787,284.772369,365.303314,0.934744
186,441.294983,174.129807,481.638763,205.825455,0.916100
186,630.485168,168.447021,642.520447,179.751984,0.657044
187,0.886439,228.947952,284.669952,365.351135,0.934731
187,441.625885,174.116302,483.312592,206.319565,0.915317
187,630.752686,168.432098,642.552612,179.668503,0.635909
188,0.837116,228.738434,284.890259,365.322235,0.934566
188,442.050262,174.134811,484.441132,206.570389,0.915366
188,630.864990,168.804962,642.943359,180.124756,0.638486
188,578.970825,167.551712,594.696472,177.181641,0.348996
189,0.857101,228.543747,285.098572,365.341217,0.934829
189,441.930725,174.049805,486.958923,206.800980,0.913407
189,631.041321,168.845200,643.208679,179.839432,0.699113
189,580.906189,167.561981,595.010132,177.688019,0.329006
190,0.876950,228.712997,284.788605,365.354797,0.934929
190,442.703308,174.146957,488.432434,207.130142,0.909741
190,631.218872,168.488205,643.477356,179.031158,0.730866
190,581.369507,167.510178,595.687622,177.739639,0.331076
191,0.865116,228.875961,284.778320,365.399261,0.935107
191,443.201416,174.190628,490.461670,207.239166,0.913005
191,631.361450,168.660767,643.794800,179.407089,0.735968
191,582.428528,167.552902,596.089539,178.019623,0.363125
192,0.867492,228.741821,284.862000,365.267181,0.936056
192,444.087036,174.120316,492.636322,207.350952,0.920254
192,631.492676,168.629532,644.073303,179.093689,0.731855
193,0.800695,228.986496,284.808502,365.453979,0.935261
193,444.597473,174.334961,496.254395,207.813812,0.918827
193,632.089233,168.720856,644.743896,179.297913,0.736377
194,0.772875,228.712051,284.845795,365.294617,0.935750
194,445.587402,174.088226,499.090759,208.187469,0.917098
194,632.474121,168.416046,645.012024,179.328751,0.737004
194,584.273499,167.589691,596.925354,178.766235,0.312485
195,0.773491,228.781021,285.016449,365.259460,0.935959
195,447.067108,173.835556,503.212982,208.084259,0.921884
195,633.258667,168.195679,645.212524,179.015259,0.709168
196,0.852935,228.824478,285.132111,365.256958,0.935322
196,448.496552,173.887985,505.664764,208.989883,0.922537
196,633.410950,167.975021,645.491577,178.931427,0.706547
197,0.955312,228.728897,284.525330,365.347412,0.936326
197,450.272491,173.788223,510.225616,208.886841,0.923794
197,633.800781,167.779633,646.146729,178.874802,0.702619
198,0.744213,228.839249,284.778168,365.198395,0.936209
198,452.283813,173.936859,514.666016,209.610336,0.929561
198,634.200928,167.896637,646.359863,178.614655,0.694871
199,0.779943,228.732651,284.761719,365.348724,0.935655
199,454.569916,173.825485,519.769897,209.510910,0.924313
199,634.567383,167.933609,646.870117,178.201050,0.728499
200,457.933655,173.456284,524.207886,209.953766,0.937714
200,0.895041,228.783127,284.751312,365.285492,0.935277
200,634.932739,167.774323,647.301514,178.064102,0.735124
201,0.945778,228.872299,285.012146,365.306702,0.936224
201,460.514526,173.268570,530.112183,210.643646,0.932744
201,635.495239,167.924591,647.645874,177.971420,0.736406
202,0.785085,228.785324,285.196747,365.318542,0.935208
202,464.139771,173.054962,535.892883,210.437943,0.931394
202,635.882446,167.895767,647.986389,178.059265,0.732869
203,0.835010,228.900681,284.824707,365.335144,0.936018
203,467.058289,173.084793,542.535156,211.156021,0.935421
203,636.800537,167.748856,648.322021,178.226044,0.672577
203,578.276062,168.116531,596.626221,177.672409,0.316291
204,0.826830,228.901108,284.721161,365.334900,0.936173
204,472.260071,172.812073,549.803345,211.072540,0.923965
204,637.255005,168.075836,648.845886,177.981018,0.681492
204,580.504517,167.971802,595.383606,178.478806,0.509816
205,0.885868,228.714584,284.702637,365.352600,0.936096
205,475.994446,172.747147,557.323730,211.765274,0.928306
205,637.785889,167.458084,649.099121,177.840134,0.713422
205,581.534119,167.921936,595.018311,178.595749,0.436603
206,0.749130,228.827499,284.660919,365.300842,0.935709
206,480.772522,172.719589,565.733643,212.405975,0.926646
206,638.728760,167.842361,649.983887,177.728806,0.689841
207,485.731445,172.228241,575.998352,213.022797,0.938616
207,0.815552,228.821625,284.872375,365.284546,0.936270
207,639.293640,167.574158,650.273254,177.570816,0.716487
207,582.452576,167.815567,593.664551,178.953079,0.415551
208,492.618134,172.238663,585.187744,213.328400,0.936753
208,0.651536,228.880737,284.792053,365.380249,0.935572
208,640.107910,167.795303,651.139954,177.205612,0.670898
208,581.574280,168.099304,594.494751,178.522461,0.318472
209,498.904755,172.167694,595.754517,213.450027,0.940116
209,0.788815,228.864380,284.492859,365.347626,0.936039
209,640.941956,167.770752,652.105530,177.126572,0.651972
210,0.840635,228.789352,284.842865,365.326599,0.935285
210,503.598999,172.294632,606.327454,213.856949,0.926892
210,641.448181,167.878372,653.187866,177.098755,0.652713
210,579.118225,168.252777,594.276184,179.563522,0.430064
211,0.869161,228.766006,285.124542,365.268616,0.934991
211,513.333679,172.232834,616.691711,214.509338,0.930544
211,642.143127,167.909103,653.409119,177.068451,0.681011
211,579.684875,168.223358,600.221252,181.849518,0.321861
212,522.167969,172.230453,628.749146,214.485138,0.936926
212,0.857928,228.741226,284.997375,365.348389,0.935828
212,642.635193,167.731735,654.468445,177.128433,0.717765
213,0.855071,228.717865,284.696594,365.374939,0.936256
213,529.954590,172.430344,641.308228,214.700439,0.933952
213,643.454590,168.177338,655.236755,177.095657,0.601767
214,0.694815,228.790634,285.059479,365.285187,0.935955
214,540.020691,172.557053,653.725708,215.271439,0.932217
214,644.131836,168.290894,656.095276,176.963196,0.361024
215,0.739176,228.693985,284.470825,365.348907,0.937089
215,549.762512,172.417053,667.393250,215.782120,0.934323
215,645.327881,168.179596,656.539795,176.980316,0.315919
216,0.851958,228.841705,284.985962,365.284790,0.935482
216,560.343872,172.100967,681.004395,215.996460,0.934742
217,0.616844,228.619080,284.545593,365.332184,0.934728
217,571.951477,171.766891,694.769226,216.002289,0.934448
218,583.020996,171.299881,709.171204,216.317993,0.937475
218,0.833973,228.766403,284.755951,365.255951,0.935709
219,595.939209,171.575882,724.301270,216.066360,0.937946
219,0.816875,228.811768,284.823822,365.238037,0.935823
220,0.808469,228.655441,284.812866,365.381378,0.935883
220,607.878479,171.139969,739.952820,215.991165,0.935251
220,573.480530,168.504562,586.384888,178.768387,0.521001
221,621.487549,170.678406,754.760071,215.919403,0.936311
221,0.698920,228.796143,285.011597,365.338867,0.935909
221,572.190369,168.428528,586.440002,178.895996,0.599792
222,635.459778,170.130173,770.854187,216.060745,0.937697
222,0.726499,228.793304,284.750122,365.399109,0.935926
222,571.210999,168.600449,586.025818,178.932999,0.669122
223,649.465637,170.007187,785.350037,216.396973,0.938420
223,0.815086,228.753830,284.931396,365.249878,0.936265
223,571.181396,168.138367,585.628723,178.676178,0.614908
224,664.123413,168.941238,802.078918,215.633743,0.939385
224,0.722965,228.692719,284.681183,365.345642,0.936244
224,569.536926,168.357437,585.773376,179.099304,0.648272
225,678.872253,168.443863,818.760620,215.239151,0.940751
225,0.827296,228.715698,284.615570,365.316284,0.936870
225,569.648315,168.152054,585.487061,179.083908,0.630680
226,694.691956,168.346420,836.105164,214.683990,0.937154
226,0.800980,228.731186,284.956085,365.175751,0.935879
226,569.071045,168.375473,584.667847,179.151520,0.646154
227,710.642212,167.882965,852.651855,214.583008,0.938973
227,0.816589,228.675278,284.677887,365.317993,0.935982
227,569.028564,167.908203,584.055054,179.049316,0.645096
228,726.857361,167.290665,870.919006,213.962860,0.936024
228,0.745988,228.695694,284.882935,365.268097,0.935566
228,568.955811,167.475494,582.802979,178.941360,0.546940
229,743.231873,166.747971,888.178406,213.698746,0.937066
229,0.695085,228.780685,285.049835,365.285156,0.935844
229,568.390259,167.564056,583.523926,178.910461,0.684625
230,760.221191,166.331039,905.950562,213.597549,0.936610
230,0.899417,228.746216,284.761597,365.409546,0.936194
230,567.720886,167.651016,582.259949,179.123047,0.629392
231,777.684570,165.871765,923.954041,213.910629,0.938264
231,0.817777,228.813934,284.850891,365.393585,0.936394
231,566.855469,167.639160,581.523193,178.998993,0.688401
232,0.848875,228.805283,284.678101,365.285706,0.936595
232,795.017578,165.450195,943.438904,213.072189,0.928218
232,566.368652,167.757706,581.862000,179.372421,0.680787
233,813.174255,164.908966,961.829285,212.833084,0.937585
233,0.777822,228.772293,284.756439,365.361664,0.935890
233,564.431580,167.825958,580.534363,179.395111,0.674911
234,0.739717,228.801895,284.961609,365.374268,0.935839
234,831.624512,164.599960,980.032166,212.639923,0.930270
234,564.071838,168.088531,579.983704,179.533951,0.706058
235,0.817146,228.740143,285.045441,365.359863,0.936394
235,849.354187,163.487366,999.274475,212.486771,0.927031
235,563.568542,167.941635,578.891541,179.756134,0.703147
236,0.820905,228.838516,284.970245,365.405212,0.936331
236,868.372925,163.475449,1016.894165,211.934830,0.920372
236,563.295227,168.168091,578.840027,179.852081,0.706280
236,584.986572,169.106857,600.643372,179.604691,0.341646
237,0.715386,228.703629,285.309753,365.324036,0.935656
237,887.382935,163.266891,1016.422119,211.299515,0.914779
237,562.742188,168.202438,579.216736,179.876587,0.665814
238,0.768499,228.841080,284.829407,365.344360,0.935460
238,906.039734,162.296326,1057.389893,211.086761,0.903919
238,561.935181,168.520294,577.432495,179.982651,0.661013
239,0.778830,228.765625,284.801788,365.338196,0.935620
239,925.780762,160.149979,1078.298096,210.707993,0.878236
239,561.728455,168.448669,577.304688,180.133041,0.686243
240,0.716183,228.694092,284.306885,365.265350,0.935601
240,945.300781,161.452530,1098.142700,210.412003,0.839452
240,560.365662,168.179382,576.721680,180.373215,0.690589
241,0.791386,228.674286,284.594208,365.316559,0.936337
241,965.118958,160.824051,1116.745117,207.982025,0.866399
241,560.062073,168.502029,576.680603,180.873260,0.662521
242,0.736664,228.747849,284.494843,365.379730,0.936125
242,996.085571,159.813431,1138.644165,209.730698,0.890813
242,559.029175,169.158325,575.068665,180.759354,0.611039
243,0.856559,228.698303,284.895081,365.385590,0.936113
243,1033.667358,159.208420,1158.007080,206.410309,0.890741
243,558.727966,168.516479,574.671997,180.859619,0.667850
244,0.788815,228.782227,284.673370,365.362915,0.935465
244,1035.078979,158.029144,1178.060547,206.401138,0.924566
244,556.941895,168.845184,572.487793,181.158875,0.670238
244,582.941528,169.236832,600.127075,181.358978,0.533227
245,0.854214,228.732880,284.716309,365.322357,0.936003
245,1044.715454,157.373810,1199.599609,205.987961,0.914529
245,556.328003,168.708847,571.668030,180.857376,0.669234
245,581.973816,169.346207,597.351929,181.095718,0.476669
246,0.928815,228.736313,284.459625,365.343964,0.936041
246,1065.584961,156.411331,1221.530151,203.981750,0.913989
246,555.445129,168.412796,571.280396,180.806305,0.704468
246,580.749756,168.803925,596.460632,181.079895,0.480212
247,0.817837,228.618851,284.719604,365.410858,0.935537
247,1084.986206,155.515457,1223.701416,203.695145,0.917229
247,554.471680,168.849716,570.859680,181.021622,0.742145
247,580.334839,169.052368,595.048401,181.468323,0.525306
248,0.843522,228.649109,284.640930,365.339813,0.936311
248,1104.899658,154.256042,1223.599365,202.994949,0.908786
248,553.259827,168.563354,570.575989,181.344254,0.753661
248,579.659119,168.965317,594.921753,181.468933,0.541272
249,0.946545,228.717438,284.898926,365.334595,0.935467
249,1126.319702,153.488968,1223.427368,202.346695,0.913655
249,551.788574,169.050507,569.671387,181.835510,0.736529
249,578.995361,169.286346,596.260010,181.581329,0.696369
250,0.879793,228.528030,284.946075,365.268188,0.935775
250,1146.305298,152.817123,1223.726074,201.403854,0.909678
250,551.016541,168.709854,570.072998,181.658783,0.744835
250,578.239868,169.124985,596.592163,181.150986,0.635205
251,0.816980,228.654953,284.896393,365.299164,0.935931
251,1166.453735,152.205399,1223.934448,198.627808,0.872237
251,550.248596,168.745682,568.194519,181.936035,0.761736
251,576.871033,169.788727,594.769409,181.457550,0.684016
252,0.691867,228.679718,284.609497,365.256866,0.935090
252,1186.204834,161.701706,1223.520874,197.036789,0.823131
252,547.705261,168.673553,567.935608,181.577988,0.740222
252,575.823669,170.045868,589.690552,181.459351,0.611904
253,0.684243,228.715790,285.035858,365.291107,0.935476
253,546.783630,168.804565,566.923523,181.744888,0.783384
253,574.246643,170.186157,592.775696,181.191254,0.629158
253,1208.903931,164.393677,1223.955688,188.180023,0.310932
254,0.705115,228.846909,284.846252,365.324097,0.935474
254,545.789001,168.636856,566.209290,181.969528,0.796430
254,572.977905,170.062912,592.791748,181.318832,0.692295
255,0.853973,228.654282,284.537720,365.231842,0.937172
255,571.084290,170.003754,586.714905,181.438812,0.714828
255,544.624451,168.845901,563.952637,181.453079,0.696124
256,0.714514,228.814270,284.919922,365.372345,0.935564
256,543.256226,168.732452,562.569519,181.416534,0.762497
256,569.304688,169.954849,585.538940,181.629333,0.738664
256,580.026306,169.823746,594.723816,181.298843,0.305523
257,0.749010,228.863388,284.585785,365.385925,0.936507
257,539.914551,167.761536,561.263306,181.655670,0.748085
257,568.412659,170.039291,585.899048,181.845444,0.706938
258,0.780710,228.741791,284.718170,365.326935,0.936437
258,564.306458,170.016205,584.357178,181.759323,0.732008
258,537.067566,168.145096,559.771057,181.849167,0.715782
259,0.756574,228.808792,285.138062,365.332123,0.935476
259,561.446716,169.920181,581.510193,182.119141,0.752328
259,535.961182,167.876556,558.690369,181.889206,0.648718
260,0.823973,228.735123,284.604492,365.308350,0.936739
260,557.995605,169.757004,580.258057,182.494278,0.763169
260,534.327087,168.173309,556.381104,181.980164,0.664709
261,0.905236,228.864670,285.226349,365.231415,0.935816
261,555.169006,170.542770,577.523376,182.855682,0.791289
261,533.374817,168.534348,554.884888,182.256088,0.741393
261,578.877075,170.574844,592.707947,179.953857,0.370238
262,0.833777,228.693420,284.853271,365.326233,0.936406
262,553.088562,169.762604,573.415466,183.035461,0.836768
262,531.779419,168.709579,552.936584,182.235794,0.705524
262,577.929565,169.885971,591.757446,180.170731,0.482064
263,0.886740,228.579697,284.721893,365.305756,0.936765
263,550.148315,169.936203,568.994141,182.980042,0.819726
263,529.055603,168.968933,548.602356,182.514954,0.657482
263,577.244568,169.544846,591.173889,180.132019,0.581972
264,0.884935,228.885574,284.767609,365.322968,0.935681
264,547.553955,169.892151,567.496033,183.408173,0.817740
264,526.082214,168.964005,547.777710,183.493439,0.741265
264,577.532532,169.648880,591.662292,180.130035,0.471510
265,0.728619,228.863846,284.759125,365.309692,0.935711
265,542.108887,169.751938,564.516052,183.629333,0.705766
265,523.988159,168.777222,543.755920,183.144791,0.469899
265,576.285767,169.626999,588.849060,179.880005,0.354795
266,0.746379,228.814423,284.766418,365.365448,0.936990
266,535.930603,169.860275,560.411804,183.652878,0.726035
266,518.860352,168.421417,540.787415,183.552628,0.427148
266,575.329651,169.538986,587.111816,180.276077,0.319127
267,0.736890,228.796860,284.823273,365.328644,0.935457
267,531.068909,170.626129,556.916931,185.240707,0.807669
267,574.317688,169.506012,586.823120,180.495285,0.519540
267,519.196838,168.342346,537.573303,183.295578,0.441825
268,0.782304,228.726578,284.423798,365.320801,0.936276
268,529.204529,170.289124,546.936279,184.983917,0.750813
268,574.141724,169.456085,586.812134,180.855621,0.560868
269,0.657792,228.826614,284.654907,365.303558,0.936294
269,524.616516,170.455856,545.342957,185.620468,0.775276
269,572.470337,169.955246,586.516968,180.881638,0.688695
269,507.357025,169.116287,529.516052,183.826294,0.561429
270,0.834514,228.750076,285.006958,365.201385,0.936141
270,569.151306,169.579193,586.174866,181.035690,0.764507
270,519.486450,170.374496,545.676025,185.584229,0.646392
270,497.239655,169.210403,529.936768,185.631668,0.621621
271,0.859823,228.650574,284.830505,365.206482,0.936308
271,568.933472,169.225433,586.096130,181.077362,0.759555
271,515.587891,169.943512,537.878723,185.160675,0.478746
272,0.883071,228.893158,285.001251,365.391846,0.936361
272,568.957458,169.083252,583.804993,180.869614,0.753671
272,497.225677,169.862411,534.855530,186.198807,0.733137
273,0.870785,228.677643,284.954865,365.390503,0.936375
273,568.348511,169.113510,582.859131,180.445221,0.701693
273,493.766968,170.259247,531.585815,185.440659,0.667927
274,0.902755,228.750549,284.708252,365.262665,0.936710
274,567.686096,169.714066,581.430359,181.245361,0.711199
274,490.979584,170.430038,524.441589,185.257309,0.622471
275,0.899101,228.756897,284.775665,365.242371,0.935977
275,564.226013,169.430756,581.778625,181.527313,0.732997
275,486.844818,170.200867,512.525391,186.441772,0.673888
276,0.897943,228.814484,284.743256,365.314575,0.936571
276,483.773895,170.075943,512.993958,187.743484,0.750646
276,562.077454,169.284683,580.097839,181.615372,0.718669
277,0.768770,228.881470,284.828064,365.259033,0.936335
277,480.253357,170.853973,510.772156,189.322784,0.819352
277,560.850586,169.074936,578.782043,181.793213,0.734633
278,0.755536,228.703644,285.155426,365.280579,0.935903
278,476.258362,170.737091,507.500732,189.711807,0.854978
278,559.374268,169.315750,577.349182,181.830261,0.755343
279,0.765010,228.849716,284.817902,365.296997,0.936061
279,472.583282,171.262054,506.088654,190.662415,0.821607
279,557.384888,169.500916,575.800842,182.260269,0.749041
280,0.874184,228.739685,284.978516,365.304749,0.936136
280,467.918762,170.636551,506.458038,191.205505,0.825334
280,555.395142,169.451172,573.929871,182.450348,0.740096
281,0.797687,228.690994,284.725861,365.297424,0.936095
281,465.485779,170.917862,495.701050,191.683807,0.835052
281,552.622559,169.614059,569.266724,183.147369,0.772074
282,0.859537,228.809875,284.685822,365.328674,0.936452
282,462.391876,171.869812,492.014679,192.085312,0.841048
282,550.689148,170.121872,569.044983,183.099609,0.786047
283,0.901537,228.661804,284.737518,365.312012,0.936303
283,460.914978,172.084396,489.234650,192.874451,0.854773
283,547.924866,169.471069,566.788330,183.146774,0.747217
284,0.668378,228.754013,284.778992,365.336975,0.935646
284,458.070160,172.735519,486.132996,193.226089,0.866690
284,546.974426,169.450073,566.059265,183.197754,0.795373
284,451.638977,175.779251,462.874451,189.010971,0.353378
285,0.633160,228.670197,285.215332,365.382965,0.935921
285,455.564270,172.727524,484.521423,193.949463,0.864432
285,544.702820,169.857086,563.135193,183.354187,0.788287
285,448.893433,174.749222,463.535645,188.658859,0.587887
286,0.749115,228.778244,285.226257,365.318634,0.935762
286,453.533051,173.296829,482.297913,194.644012,0.881699
286,541.002625,167.808289,561.023743,182.907593,0.662044
286,445.428986,173.931808,464.127167,189.079559,0.568293
287,0.742469,228.779892,284.591492,365.211029,0.935982
287,450.169098,173.669815,480.263580,195.137192,0.880108
287,535.948669,169.656982,558.951111,183.562149,0.721212
287,441.984222,172.068161,464.177582,189.972122,0.658885
288,0.906394,228.560410,284.497498,365.308990,0.936507
288,447.586975,174.368637,478.222809,196.055420,0.878713
288,533.472046,170.109116,555.265015,184.297913,0.725669
289,0.728018,228.718155,284.971161,365.319550,0.936616
289,444.867767,174.470001,475.927307,196.883759,0.888014
289,531.029419,170.475739,547.890564,184.884369,0.759122
289,434.963928,174.608963,453.715271,191.383820,0.349894
290,0.741236,228.695847,284.889496,365.372162,0.935986
290,442.183350,174.430420,474.564117,197.461395,0.889635
290,527.267700,170.188126,545.839355,185.171875,0.736448
290,430.835846,171.698425,457.962250,191.868271,0.681921
291,0.757521,228.587189,284.607269,365.286499,0.935717
291,439.681274,174.322006,473.055878,198.386429,0.901412
291,523.895081,170.285858,545.278992,185.618515,0.760705
292,0.885086,228.729950,284.606598,365.339752,0.936182
292,437.716736,174.615494,471.124237,199.529984,0.902053
292,521.767090,170.136658,544.333191,185.435272,0.783831
292,425.315399,171.571060,449.579834,191.912186,0.306392
293,0.868199,228.591110,284.848877,365.308044,0.937132
293,435.234833,174.570129,469.624176,200.408325,0.908095
293,518.589111,170.133026,539.330139,185.227753,0.696331
294,0.837311,228.651154,284.812866,365.295471,0.935636
294,432.853821,174.727127,468.210297,200.984146,0.899368
294,518.481445,170.545197,534.747131,185.214249,0.353674
294,417.813904,173.235657,444.143372,193.327560,0.335174
295,0.831492,228.730881,284.628754,365.335022,0.936691
295,431.204346,174.663849,467.225708,201.514236,0.904216
295,415.162201,173.363113,440.234192,193.623535,0.706840
295,510.692871,171.499527,534.966858,184.684586,0.428206
296,0.744153,228.655365,284.987946,365.407135,0.935371
296,429.714661,174.615814,466.155640,202.526291,0.902302
296,412.072815,172.913269,438.860931,193.697006,0.613036
296,506.354492,170.387161,529.154114,184.267746,0.403457
297,0.833101,228.722397,284.956146,365.198608,0.936042
297,428.777496,174.634796,465.466888,203.583801,0.902432
297,407.595276,173.277100,438.248138,194.051193,0.663695
298,0.923838,228.582581,284.889130,365.230347,0.935992
298,427.883728,174.361938,464.596161,204.296722,0.895461
298,401.782471,172.887482,435.780365,194.981400,0.746234
298,496.986267,171.133240,526.088196,187.101624,0.403750
299,0.910244,228.668930,284.827545,365.300262,0.936056
299,427.683807,174.521362,465.983826,205.507462,0.895888
299,400.026703,173.252823,433.776245,195.477051,0.821422
299,493.250977,171.518784,522.968811,187.075867,0.566640
300,0.837853,228.564026,284.655914,365.343201,0.936250
300,428.536713,174.514664,467.317474,206.577667,0.899078
300,396.772552,173.150696,432.123962,195.870834,0.838609
300,489.784790,172.162628,511.811066,187.815277,0.522306
301,0.834469,228.611465,284.633575,365.255676,0.936663
301,428.546112,174.653336,470.755707,207.284393,0.897062
301,393.994202,173.058167,430.405701,196.259644,0.804612
301,486.267944,171.444107,510.971375,187.993729,0.743880
302,0.878815,228.619064,284.598419,365.296173,0.936428
302,428.652008,174.634079,475.928619,207.878128,0.917098
302,390.663605,173.498871,427.100372,196.638672,0.818470
302,483.657562,171.988007,508.570282,188.809204,0.807790
303,0.927853,228.581772,284.603485,365.342621,0.936222
303,430.000336,174.531082,481.933289,208.355774,0.922921
303,385.857239,173.684250,423.660065,197.021652,0.848985
303,480.869537,172.181061,505.846588,188.934494,0.794213
304,0.891732,228.659363,284.798248,365.275299,0.935807
304,432.202850,174.494263,489.796021,209.280136,0.922622
304,383.670959,173.286713,421.525208,198.086502,0.877578
304,478.583099,172.458786,507.544159,188.066086,0.805956
305,0.933838,228.764954,284.696198,365.277313,0.936211
305,436.133942,174.339966,500.020538,209.231613,0.923355
305,380.477631,173.546234,418.264130,198.304123,0.879382
305,481.173828,172.624893,505.830414,193.178925,0.585189
306,0.995643,228.580658,284.508118,365.277130,0.936412
306,441.248383,173.596451,512.052917,210.061142,0.920017
306,377.161438,174.100937,415.308472,198.458298,0.873735
307,0.908244,228.773056,284.575165,365.202606,0.936644
307,447.815369,173.115936,525.865295,210.295853,0.915577
307,373.474731,173.950867,411.947052,198.484467,0.857267
308,0.986094,228.584732,284.308502,365.321899,0.936950
308,455.226868,172.892822,541.982483,211.028473,0.917412
308,370.713470,173.945969,408.698425,198.957275,0.879022
309,0.777506,228.673340,284.655914,365.326630,0.935208
309,464.837189,172.776245,559.510742,211.585678,0.904490
309,367.015411,174.925735,406.201233,199.066055,0.787180
309,448.775452,171.429352,466.286133,189.762497,0.413267
310,477.945587,172.498032,579.560913,212.439804,0.939973
310,0.887131,228.640045,284.774811,365.248993,0.936522
310,363.427673,173.982422,402.482147,199.602264,0.876010
310,464.321136,172.626434,485.670074,192.823547,0.846042
310,446.388458,172.244003,458.144958,190.500153,0.325947
311,0.849552,228.607346,284.550903,365.296326,0.936219
311,492.874939,172.192459,600.552063,212.814072,0.926539
311,359.348724,174.288147,399.554993,200.096573,0.900538
311,462.348358,172.617203,488.002289,193.043121,0.866550
312,0.830995,228.723434,284.833832,365.312988,0.935406
312,509.088226,171.898849,622.523315,212.873215,0.931532
312,354.904755,174.284286,396.691559,200.918457,0.888359
312,460.191040,173.030975,486.056335,193.481659,0.881319
313,527.870483,172.345108,645.405334,213.013336,0.937744
313,0.876424,228.635010,284.552612,365.255310,0.935803
313,458.002869,173.105606,484.705292,194.058701,0.892479
313,350.483795,173.930817,392.937531,201.822235,0.891530
314,547.670776,172.115845,669.572815,212.673157,0.938371
314,0.827792,228.720596,284.460175,365.260254,0.935432
314,345.673218,174.042923,389.861237,202.793381,0.897480
314,456.274658,173.180191,482.990906,194.281158,0.894566
315,0.759446,228.714172,284.435516,365.244171,0.935102
315,570.431091,172.147797,695.140442,213.337448,0.930349
315,454.730347,173.342651,481.614410,195.080353,0.902020
315,341.461731,173.796844,386.231934,204.172470,0.895931
315,400.431458,172.365799,441.478821,193.022476,0.466099
316,0.834650,228.600357,284.430695,365.304840,0.935728
316,594.004150,170.949509,720.829346,212.961807,0.934753
316,336.551025,173.677353,382.678467,205.408340,0.908994
316,452.778992,173.466431,480.369141,195.404251,0.903401
316,401.401337,172.956970,438.329926,193.166763,0.576672
317,618.912292,171.054474,748.063232,212.775391,0.939667
317,0.783507,228.647644,284.546570,365.327240,0.936863
317,331.034119,173.837906,379.150635,206.220993,0.913441
317,450.998535,173.706543,479.006683,196.057587,0.906408
317,401.662598,173.614792,435.471008,193.107590,0.513140
318,0.899086,228.641571,284.356903,365.247711,0.935985
318,644.189697,170.123581,774.367981,212.532394,0.930808
318,325.898590,175.043579,375.540283,206.743668,0.910385
318,449.334076,173.645615,477.611511,196.628372,0.896638
319,0.901206,228.733383,284.440674,365.207855,0.936727
319,670.660706,168.825485,802.448853,212.072311,0.935209
319,320.033875,175.109573,371.086212,207.986389,0.912423
319,447.540344,173.624969,476.041321,196.965179,0.902157
319,416.368774,163.797516,447.340179,193.768173,0.305793
320,0.770574,228.830368,284.667358,365.295746,0.935843
320,696.143982,168.150818,829.115784,211.279968,0.933945
320,313.261261,175.440903,367.156189,208.623611,0.916147
320,445.727509,173.764740,475.239410,197.575912,0.905214
321,0.763296,228.581497,284.533630,365.340546,0.935708
321,722.285889,167.547943,857.460266,210.752335,0.933051
321,309.670410,175.865509,362.355469,208.660934,0.905471
321,444.374084,173.973297,474.166595,198.104599,0.904664
322,0.863266,228.598877,284.835052,365.311432,0.936009
322,749.322449,166.562149,884.704712,209.917404,0.928251
322,442.322205,174.039139,473.373718,198.898453,0.910948
322,305.963348,175.739517,357.312805,209.815094,0.906399
323,0.730604,228.684891,284.265076,365.336639,0.936232
323,775.981689,165.944397,913.525146,210.006256,0.932682
323,441.038757,173.867249,472.398987,199.684357,0.917783
323,301.818207,175.808487,352.634277,210.525452,0.886919
324,0.827341,228.563477,284.734497,365.320221,0.935778
324,803.343628,164.605591,941.287964,209.552277,0.929300
324,439.846680,174.165726,471.184601,200.343979,0.913846
324,296.230255,175.945496,347.319702,212.154816,0.880047
325,0.909657,228.773987,284.897614,365.165924,0.935176
325,827.038940,164.367691,969.508972,208.845566,0.928206
325,438.757141,174.372940,470.458313,200.795471,0.907819
325,277.848083,176.010101,341.935028,215.812881,0.894573
326,0.885326,228.565323,284.713837,365.176636,0.936166
326,853.911438,163.524780,993.111938,207.534988,0.905370
326,437.704254,174.231232,469.269714,201.435440,0.902081
326,286.425598,176.656647,336.171295,213.046982,0.829237
327,0.895672,228.763748,284.710968,365.290314,0.936155
327,881.359253,162.725296,1018.625916,208.638275,0.912743
327,437.621185,174.419266,469.874115,201.956863,0.905014
327,259.946350,176.917892,330.499756,218.648376,0.894961
328,0.948951,228.622574,284.406464,365.344269,0.936391
328,438.515015,174.455688,471.046570,202.184799,0.905226
328,249.488602,177.302231,324.046600,220.285812,0.891810
328,909.381592,162.268921,1020.749451,207.544479,0.795413
329,0.794228,228.537140,284.412262,365.313446,0.936657
329,439.153503,174.462234,472.820038,202.691116,0.907696
329,239.266953,177.426163,316.606293,221.810532,0.888703
329,942.332031,162.089432,1087.590576,206.500381,0.779593
330,0.793191,228.741409,283.908417,365.342499,0.936381
330,439.577148,174.436188,474.880066,203.284378,0.907409
330,227.674713,177.797974,312.291718,223.648941,0.875971
330,974.897522,160.341736,1118.570801,206.473663,0.843179
330,961.238037,165.343292,986.493713,195.869232,0.721644
331,0.796364,228.610092,284.462799,365.308319,0.936529
331,439.991669,174.261780,478.644379,203.722916,0.909209
331,215.292831,177.978699,299.800018,226.881104,0.903603
331,994.354065,158.750000,1149.743774,205.407013,0.826000
331,991.050415,162.145309,1010.379028,192.623077,0.328469
332,0.796755,228.821594,284.816589,365.297485,0.935409
332,202.242737,178.007187,289.513367,229.164169,0.914184
332,441.051361,174.353668,482.906311,204.591812,0.911325
332,1035.321045,158.369293,1179.687500,203.448669,0.890379
333,0.753236,228.647079,284.661621,365.250305,0.937120
333,186.464630,179.137894,284.013367,231.254074,0.916878
333,442.806580,173.954666,488.228882,205.291000,0.915522
333,1048.577271,157.688339,1211.192993,202.888565,0.876024
334,0.767792,228.484497,284.601807,365.346100,0.935503
334,445.783752,173.912140,493.683350,205.335571,0.919841
334,178.745087,179.326965,273.512817,233.168259,0.900787
334,1081.541748,156.724747,1224.263428,201.836121,0.875879
335,0.785116,228.813690,284.703247,365.149506,0.935969
335,449.079376,173.741638,500.540070,205.896545,0.929153
335,150.447403,179.510132,261.817322,236.093079,0.921382
335,1095.944946,155.417770,1222.758911,202.360458,0.906613
336,0.773717,228.788666,284.476166,365.259155,0.937237
336,130.836487,179.841446,251.338364,241.306320,0.924367
336,453.139496,173.497849,507.923828,206.223892,0.920819
336,1124.536621,154.627777,1222.992554,201.327972,0.839199
337,0.758394,228.610077,284.640533,365.231110,0.936763
337,458.397095,173.208588,516.171082,206.318954,0.926326
337,106.627548,180.385864,237.159622,244.915329,0.922873
337,1147.578613,154.091187,1222.806885,201.420135,0.885848
338,0.782770,228.399780,284.596954,365.248077,0.936194
338,464.415192,172.886566,526.377380,206.780426,0.927989
338,82.208183,180.925217,222.884613,247.090652,0.913992
338,1173.412842,153.900177,1222.761353,198.554565,0.865840
339,0.829552,228.210815,284.864594,365.241211,0.937375
339,471.255219,172.401703,536.732117,207.090042,0.930752
339,53.472939,181.489517,206.280960,249.309036,0.920350
339,1200.774780,156.603867,1225.283936,191.400345,0.624027
340,0.970500,228.426422,285.041656,365.228943,0.935367
340,478.460815,172.604752,547.981323,207.440765,0.922929
340,22.010355,182.630051,188.140182,247.346893,0.815627
340,271.973541,183.921097,312.763580,230.665359,0.384577
341,0.839943,228.498199,284.845978,365.198151,0.936735
341,486.905029,172.270172,560.633118,208.202957,0.928606
341,0.501633,182.902023,160.764236,246.671753,0.903397
342,0.815071,228.781204,284.404388,365.207062,0.937054
342,496.705292,172.486801,574.087708,208.328583,0.931645
342,0.027880,183.337875,144.091217,247.282974,0.917580
343,0.640679,228.798111,284.927856,365.240021,0.935720
343,506.815186,172.184860,587.543213,209.003906,0.928622
343,0.028489,185.034088,118.785812,240.496017,0.913825
344,0.451475,227.519363,285.139221,365.399902,0.936924
344,517.958801,172.179321,601.296387,209.117691,0.925891
344,-0.127354,186.582504,85.689743,234.543671,0.904658
345,0.668258,228.611420,285.028503,365.324036,0.935443
345,529.021667,172.275604,616.994751,209.775497,0.927276
345,0.056414,189.278427,48.854645,230.408249,0.817906
345,115.970200,194.370026,199.145432,253.802582,0.637054
346,0.814078,228.306122,285.168915,365.454102,0.931206
346,542.822876,171.741669,632.806335,210.110413,0.924314
347,0.626604,229.771896,285.306763,365.188049,0.932722
347,555.808350,171.616867,650.147766,210.583466,0.928942
348,0.701672,228.348083,284.818512,365.272125,0.936568
348,570.922791,171.541046,668.326416,211.082779,0.929308
349,0.815371,228.596802,284.602570,365.343567,0.935712
349,586.445190,171.006454,686.527100,211.387039,0.929224
350,603.072815,171.205627,705.424805,211.511490,0.938339
350,0.841612,228.679825,284.853882,365.375732,0.936105
351,619.635620,171.281723,725.211609,211.403061,0.938613
351,0.838635,228.573288,285.122437,365.344482,0.935453
352,0.731747,228.509888,284.978943,365.294922,0.935817
352,637.570801,169.987091,745.151184,211.283508,0.932377
353,656.593933,169.953415,765.189331,211.474579,0.935219
353,0.766484,228.535233,284.524139,365.217468,0.934735
354,0.744514,228.588409,284.878143,365.397064,0.936312
354,676.389648,168.996780,786.749390,211.508148,0.933851
355,0.861056,228.756958,284.783905,365.320038,0.936012
355,696.238586,168.201706,808.674866,210.995117,0.929983
356,0.889432,228.718399,284.922150,365.353638,0.935281
356,717.545288,167.804947,831.393860,210.795029,0.934855
357,0.881853,228.524902,284.779175,365.323090,0.935980
357,738.835449,166.801147,855.091370,210.695892,0.934675
358,760.643066,166.598038,878.126282,210.031357,0.935404
358,0.809943,228.789047,284.939362,365.355530,0.935161
359,0.847161,228.725677,284.953156,365.277924,0.936250
359,783.930115,165.756531,903.576111,210.375534,0.935628
360,0.661311,228.693954,285.009369,365.347778,0.935921
360,805.833740,165.477631,926.689880,210.036743,0.935884
361,827.727051,164.937210,951.132751,209.900406,0.939428
361,0.785371,228.684891,285.081909,365.308411,0.935541
362,0.850589,228.524109,285.069031,365.309570,0.936818
362,850.658936,164.355789,975.851074,209.155853,0.932445
363,0.854529,228.817078,285.328552,365.335999,0.936316
363,873.605774,163.647110,1000.066528,209.610092,0.928393
364,0.900740,228.649490,284.948669,365.436737,0.936131
364,896.505737,163.241379,1018.505859,209.698746,0.921693
365,0.849823,228.783310,284.879669,365.387451,0.935245
365,918.528381,162.446182,1047.729370,208.990463,0.880537
366,0.760183,228.818695,284.711914,365.326019,0.935447
366,942.333801,160.048462,1073.226562,208.057144,0.883975
367,0.948936,228.764511,284.344971,365.190674,0.936508
367,964.946289,161.164261,1097.427979,206.911560,0.857415
368,0.811747,228.816086,284.761597,365.363342,0.935245
368,991.214294,159.012070,1118.726807,205.004501,0.892985
369,0.828198,228.668732,284.914032,365.283081,0.935401
369,1035.308472,158.479416,1141.409302,204.981140,0.803873
370,0.860695,228.747879,284.992401,365.365143,0.935397
370,1035.043579,157.428345,1163.233521,203.094696,0.925446
371,0.717236,228.699127,284.796539,365.364319,0.934869
371,1053.934814,156.580429,1185.141724,201.953308,0.919940
372,0.869732,228.623428,284.741272,365.254028,0.936479
372,1076.149902,155.369125,1206.742920,200.561249,0.910874
373,0.778679,228.762985,284.821320,365.378143,0.935980
373,1096.883545,155.229782,1223.238037,200.027863,0.916615
374,0.865206,228.627045,284.947205,365.324127,0.935863
374,1117.831177,153.615524,1223.034302,199.297760,0.895140
375,0.691175,228.616074,284.820984,365.316345,0.935615
375,1138.020874,153.493652,1224.341309,197.485245,0.895377
